n Δx [mm] Δy [mm] φ [deg] R [mm] Δz [nm]
1 0,23403 0,00000 0,00 0,23403 -90,20
2 0,07724 0,00000 0,00 0,07724 90,20
3 0,06917 0,00115 -0,95 0,06918 -298,04
4 0,05880 0,00346 -3,37 0,05890 -39,22
5 0,02421 0,00000 0,00 0,02421 -145,10
6 0,04035 0,00000 0,00 0,04035 129,41
7 0,05303 0,00000 0,00 0,05303 -113,73
8 0,05649 -0,00576 5,83 0,05678 -113,73
9 0,05534 -0,00115 1,19 0,05535 211,76
10 0,07263 0,00000 0,00 0,07263 98,04
11 0,12220 0,00000 0,00 0,12220 -117,65
12 0,07724 -0,00231 1,71 0,07728 -203,92
13 0,16025 -0,00231 0,82 0,16027 168,63
14 0,20867 -0,00346 0,95 0,20870 -15,69
15 -0,05995 0,00000 180,00 0,05995 43,14
16 0,07839 0,00000 0,00 0,07839 19,61
17 0,19829 0,00000 0,00 0,19829 58,82
18 0,06917 0,00000 0,00 0,06917 -219,61
19 0,10722 0,00115 -0,62 0,10722 66,67
20 0,08647 0,00231 -1,53 0,08650 11,76
21 0,05188 0,00000 0,00 0,05188 172,55
22 0,08301 0,00346 -2,39 0,08308 -160,78
23 0,10606 -0,00231 1,25 0,10609 -74,51
24 0,05303 0,00000 0,00 0,05303 -19,61
25 0,10491 -0,00115 0,63 0,10492 -70,59
26 0,08416 0,00000 0,00 0,08416 -7,84
27 0,05764 -0,00115 1,15 0,05765 39,22
28 0,10261 0,00000 0,00 0,10261 -90,20
29 0,00461 0,26401 -89,00 0,26405 -47,06
30 -0,00231 0,08301 -91,59 0,08304 -278,43
31 0,00461 0,07609 -86,53 0,07623 -47,06
32 0,00231 0,08762 -88,49 0,08765 -7,84
33 0,00000 0,11529 -90,00 0,11529 -7,84
34 0,00115 0,18561 -89,64 0,18562 -43,14
35 0,00000 0,05764 -90,00 0,05764 -27,45
36 0,00000 0,10606 -90,00 0,10606 -62,75
37 0,00000 0,21904 -90,00 0,21904 0,00
38 0,00000 0,05880 -90,00 0,05880 -98,04
39 -0,00346 0,04611 -94,29 0,04624 15,69
40 0,00000 0,15103 -90,00 0,15103 -39,22
41 0,00115 0,08647 -89,24 0,08647 325,49
42 0,00692 0,04266 -80,79 0,04321 47,06
43 -0,00115 0,06456 -91,02 0,06457 78,43
44 -0,00576 0,26631 -91,24 0,26637 -78,43
45 0,00231 0,19138 -89,31 0,19139 -101,96
46 -0,00115 0,06456 -91,02 0,06457 -27,45
47 -0,00346 0,09799 -92,02 0,09805 43,14
48 0,00461 0,09108 -87,10 0,09119 86,27
49 0,00231 0,05880 -87,75 0,05884 -47,06
50 0,00346 0,11644 -88,30 0,11649 -27,45
51 0,00000 0,13489 -90,00 0,13489 137,25
52 0,00000 0,03804 -90,00 0,03804 109,80
53 0,00000 0,06802 -90,00 0,06802 196,08
54 0,00000 0,07148 -90,00 0,07148 -43,14
55 0,00000 0,05880 -90,00 0,05880 -58,82
