n Δx [mm] Δy [mm] φ [deg] R [mm] Δz [nm]
1 0,14987 -0,00115 0,44 0,14988 7,84
2 0,18331 -0,00461 1,44 0,18336 -3,92
3 0,09108 0,00115 -0,73 0,09108 -121,57
4 0,22250 -0,00346 0,89 0,22253 250,98
5 0,06225 0,00000 0,00 0,06225 -125,49
6 0,09799 0,00115 -0,67 0,09800 -62,75
7 0,08531 0,00000 0,00 0,08531 66,67
8 0,08992 0,00115 -0,73 0,08993 -3,92
9 0,13027 -0,00115 0,51 0,13028 180,39
10 0,07032 -0,00115 0,94 0,07033 -109,80
11 0,06456 0,00000 0,00 0,06456 23,53
12 0,04957 0,00000 0,00 0,04957 -90,20
13 0,17178 -0,00115 0,38 0,17178 -39,22
14 0,07263 0,00000 0,00 0,07263 3,92
15 0,07840 0,00000 0,00 0,07840 152,94
16 0,10261 0,00000 0,00 0,10261 -3,92
17 0,11759 0,00346 -1,68 0,11764 -133,33
18 0,08647 -0,00115 0,76 0,08647 172,55
19 0,16025 0,00231 -0,82 0,16027 -78,43
20 0,00000 -0,13489 90,00 0,13489 -31,37
21 0,00000 -0,05534 90,00 0,05534 15,69
22 -0,00115 -0,07263 90,91 0,07264 -74,51
23 0,00231 -0,08070 88,36 0,08073 15,69
24 0,00000 -0,04842 90,00 0,04842 109,80
25 -0,00231 -0,10030 91,32 0,10033 -70,59
26 0,00576 -0,21328 88,45 0,21336 70,59
27 -0,00115 -0,12105 90,55 0,12106 -223,53
28 0,00000 -0,09108 90,00 0,09108 -270,59
29 0,00346 -0,11875 88,33 0,11880 152,94
30 0,00000 -0,05303 90,00 0,05303 66,67
31 0,00000 -0,10145 90,00 0,10145 78,43
32 -0,00115 -0,10491 90,63 0,10492 -11,76
33 -0,00231 -0,05303 92,49 0,05308 -105,88
34 -0,00115 -0,08301 90,80 0,08301 43,14
35 -0,00461 -0,11298 92,34 0,11308 -43,14
36 0,00115 -0,16947 89,61 0,16948 180,39
37 -0,00115 -0,10030 90,66 0,10031 35,29
38 -0,00115 -0,08992 90,73 0,08993 70,59
39 0,00231 -0,10837 88,78 0,10839 27,45
40 0,00000 -0,11759 90,00 0,11759 125,49
