0.8532	0.069698	-0.066724	59606.20	21.34
0.8549	0.069728	-0.066692	59609.13	21.38
0.8527	0.069701	-0.066688	59612.13	21.33
0.8554	0.069773	-0.066685	59615.13	21.40
0.8538	0.069698	-0.066674	59618.13	21.36
0.8565	0.069748	-0.066653	59621.13	21.42
0.8511	0.070403	-0.066438	59624.13	21.29
0.8357	0.069472	-0.067058	59627.13	20.91
0.8232	0.069219	-0.067120	59630.13	20.60
0.8133	0.069091	-0.067137	59633.13	20.35
0.8046	0.069015	-0.067161	59636.13	20.13
0.7909	0.068954	-0.067115	59639.13	19.79
0.7799	0.068906	-0.067036	59642.13	19.52
0.7701	0.068848	-0.067072	59645.13	19.28
0.7581	0.068824	-0.067006	59648.13	18.98
0.7433	0.068800	-0.066951	59651.13	18.61
0.7313	0.068754	-0.066922	59654.13	18.31
0.7198	0.068710	-0.066814	59657.13	18.02
0.7088	0.068722	-0.066760	59660.13	17.75
0.6957	0.068726	-0.066718	59663.13	17.42
0.6842	0.068665	-0.066619	59666.13	17.14
0.6722	0.068648	-0.066585	59669.13	16.84
0.6618	0.068611	-0.066514	59672.13	16.58
0.6509	0.068628	-0.066517	59675.13	16.30
0.6394	0.068590	-0.066460	59678.13	16.02
0.6274	0.068550	-0.066424	59681.13	15.72
0.6137	0.068529	-0.066376	59684.13	15.38
0.6027	0.068488	-0.066325	59687.13	15.10
0.5923	0.068529	-0.066312	59690.13	14.84
0.5803	0.068501	-0.066273	59693.13	14.54
0.5705	0.068481	-0.066224	59696.13	14.30
0.5590	0.068469	-0.066195	59699.13	14.01
0.5480	0.068458	-0.066144	59702.13	13.74
0.5398	0.068418	-0.066129	59705.13	13.53
0.5267	0.068398	-0.066067	59708.14	13.20
0.5169	0.068387	-0.066068	59711.13	12.96
0.5059	0.068351	-0.066010	59714.13	12.68
0.4955	0.068338	-0.066033	59717.13	12.42
0.4873	0.068332	-0.065927	59720.13	12.22
0.4769	0.068383	-0.065916	59723.13	11.96
0.4676	0.068360	-0.065889	59726.13	11.73
0.4562	0.068358	-0.065876	59729.13	11.44
0.4469	0.068379	-0.065848	59732.13	11.21
0.4381	0.068411	-0.065868	59735.13	10.99
0.4283	0.068403	-0.065906	59738.13	10.74
0.4162	0.068417	-0.065856	59741.13	10.44
0.4091	0.068378	-0.065843	59744.13	10.26
0.4015	0.068438	-0.065839	59747.13	10.07
0.3889	0.068457	-0.065835	59750.13	9.75
0.3801	0.068464	-0.065865	59753.13	9.53
0.3725	0.068470	-0.065861	59756.13	9.34
0.3637	0.068489	-0.065840	59759.13	9.12
0.3566	0.068524	-0.065849	59762.13	8.94
0.3468	0.068538	-0.065846	59765.13	8.70
0.3380	0.068548	-0.065851	59768.13	8.48
0.3298	0.068597	-0.065859	59771.13	8.27
0.3211	0.068617	-0.065878	59774.13	8.05
0.3145	0.068645	-0.065846	59777.13	7.89
0.3063	0.068686	-0.065899	59780.13	7.68
0.2964	0.068748	-0.065934	59783.13	7.44
0.2893	0.068762	-0.065941	59786.13	7.26
0.2822	0.068829	-0.066015	59789.13	7.08
0.2746	0.068926	-0.065968	59792.13	6.89
0.2691	0.068969	-0.066037	59795.13	6.75
0.2604	0.069037	-0.066070	59798.13	6.53
0.2527	0.069085	-0.066150	59801.13	6.34
0.2472	0.069146	-0.066193	59804.13	6.20
0.2396	0.069252	-0.066159	59807.13	6.01
0.2325	0.069249	-0.066207	59810.13	5.83
0.2270	0.069287	-0.066214	59813.13	5.69
0.2188	0.069344	-0.066291	59816.13	5.49
0.2133	0.069363	-0.066303	59819.13	5.35
0.2057	0.069374	-0.066375	59822.13	5.16
0.2007	0.069518	-0.066482	59825.13	5.04
0.1931	0.069623	-0.066508	59828.13	4.84
0.1898	0.069679	-0.066606	59831.13	4.76
0.1827	0.069769	-0.066640	59834.13	4.58
0.1767	0.069881	-0.066736	59837.13	4.43
0.1712	0.069937	-0.066859	59840.13	4.30
0.1641	0.070121	-0.066929	59843.13	4.12
0.1603	0.070190	-0.067019	59846.13	4.02
0.1553	0.070293	-0.067063	59849.13	3.90
0.1515	0.070293	-0.067208	59852.13	3.80
0.1439	0.070360	-0.067299	59855.13	3.61
0.1378	0.070518	-0.067428	59858.13	3.46
0.1356	0.070689	-0.067553	59861.13	3.40
0.1313	0.070807	-0.067646	59864.13	3.29
0.1242	0.070872	-0.067737	59867.13	3.12
0.1231	0.071060	-0.067953	59870.13	3.09
0.1181	0.071093	-0.068076	59873.13	2.96
0.1132	0.071154	-0.068042	59876.13	2.84
0.1088	0.071164	-0.068048	59879.13	2.73
0.1072	0.071323	-0.068155	59882.13	2.69
0.1006	0.071380	-0.068198	59885.13	2.52
0.0963	0.071436	-0.068271	59888.13	2.42
0.0930	0.071460	-0.068336	59891.13	2.33
0.0886	0.071539	-0.068385	59894.13	2.22
0.0848	0.071565	-0.068479	59897.13	2.13
0.0804	0.071715	-0.068507	59900.13	2.02
0.0777	0.071755	-0.068599	59903.13	1.95
0.0749	0.071899	-0.068686	59906.13	1.88
0.0733	0.071993	-0.068797	59909.13	1.84
0.0684	0.072044	-0.068848	59912.13	1.72
0.0645	0.072198	-0.068938	59915.13	1.62
0.0602	0.072243	-0.069011	59918.13	1.51
0.0602	0.072726	-0.069542	59921.13	1.51
0.0547	0.072849	-0.069728	59924.13	1.37
0.0509	0.073108	-0.070025	59927.13	1.28
0.0509	0.073241	-0.070158	59930.13	1.28
0.0465	0.073356	-0.070271	59933.13	1.17
0.0443	0.073495	-0.070389	59936.13	1.11
0.0405	0.073584	-0.070538	59939.13	1.02
0.0394	0.073659	-0.070626	59942.13	0.99
0.0361	0.073746	-0.070707	59945.13	0.91
0.0323	0.073823	-0.070837	59948.13	0.81
0.0284	0.073883	-0.070882	59951.13	0.71
0.0268	0.073963	-0.070951	59954.13	0.67
0.0246	0.073991	-0.071018	59957.13	0.62
0.0208	0.074111	-0.071234	59960.13	0.52
0.0164	0.074293	-0.071379	59963.13	0.41
0.0170	0.074350	-0.071478	59966.13	0.43
0.0126	0.074395	-0.071552	59969.13	0.32
0.0126	0.074395	-0.071584	59972.13	0.32
0.0099	0.074470	-0.071612	59975.13	0.25
0.0093	0.074541	-0.071784	59978.13	0.23
0.0055	0.074639	-0.071890	59981.13	0.14
0.0033	0.074672	-0.071935	59984.13	0.08
0.0000	0.074858	-0.072260	59987.13	0.00
-0.0033	0.074947	-0.072420	59990.13	-0.08
-0.0066	0.075101	-0.072452	59993.13	-0.17
-0.0066	0.075142	-0.072570	59996.13	-0.17
-0.0082	0.075189	-0.072612	59999.13	-0.21
-0.0120	0.075336	-0.072776	60002.13	-0.30
-0.0142	0.075358	-0.072847	60005.13	-0.36
-0.0159	0.075441	-0.072965	60008.13	-0.40
-0.0191	0.075590	-0.073128	60011.13	-0.48
-0.0202	0.075683	-0.073222	60014.13	-0.51
-0.0219	0.075770	-0.073311	60017.13	-0.55
-0.0235	0.075851	-0.073408	60020.13	-0.59
-0.0274	0.075912	-0.073519	60023.13	-0.69
-0.0273	0.075984	-0.073646	60026.13	-0.69
-0.0328	0.075997	-0.073697	60029.13	-0.83
-0.0350	0.075953	-0.073713	60032.13	-0.88
-0.0366	0.076012	-0.073697	60035.13	-0.92
-0.0377	0.076061	-0.073777	60038.13	-0.95
-0.0394	0.076111	-0.073963	60041.13	-0.99
-0.0416	0.076165	-0.074054	60044.13	-1.05
-0.0438	0.076297	-0.074152	60047.13	-1.10
-0.0459	0.076304	-0.074239	60050.13	-1.16
-0.0487	0.076394	-0.074263	60053.13	-1.23
-0.0503	0.076514	-0.074441	60056.13	-1.27
-0.0520	0.076686	-0.074704	60059.13	-1.31
-0.0531	0.076805	-0.074812	60062.13	-1.34
-0.0569	0.076942	-0.074945	60065.13	-1.44
-0.0596	0.077013	-0.075059	60068.13	-1.50
-0.0607	0.077109	-0.075188	60071.13	-1.53
-0.0618	0.077153	-0.075262	60074.13	-1.56
-0.0645	0.077243	-0.075389	60077.13	-1.63
-0.0662	0.077362	-0.075520	60080.13	-1.67
-0.0684	0.077438	-0.075636	60083.13	-1.73
-0.0717	0.077493	-0.075710	60086.13	-1.81
-0.0733	0.077559	-0.075764	60089.13	-1.85
-0.0760	0.077580	-0.075820	60092.13	-1.92
-0.0777	0.077649	-0.075880	60095.13	-1.96
-0.0799	0.077701	-0.075973	60098.13	-2.02
-0.0799	0.077753	-0.076022	60101.13	-2.02
-0.0842	0.077821	-0.076043	60104.13	-2.13
-0.0864	0.077877	-0.076133	60107.13	-2.18
-0.0892	0.077884	-0.076204	60110.13	-2.25
-0.0886	0.077975	-0.076299	60113.13	-2.24
-0.0941	0.078019	-0.076398	60116.13	-2.38
-0.0952	0.078000	-0.076603	60119.13	-2.41
-0.0963	0.078213	-0.076659	60122.13	-2.43
-0.0985	0.078354	-0.076793	60125.13	-2.49
-0.1023	0.078436	-0.076908	60128.13	-2.59
-0.1045	0.078474	-0.077003	60131.13	-2.64
-0.1034	0.078505	-0.077116	60134.13	-2.61
-0.1083	0.078632	-0.077217	60137.13	-2.74
-0.1116	0.078719	-0.077370	60140.13	-2.82
-0.1132	0.078842	-0.077478	60143.13	-2.86
-0.1149	0.078926	-0.077523	60146.13	-2.91
-0.1181	0.079064	-0.077683	60149.13	-2.99
-0.1209	0.079113	-0.077761	60152.13	-3.06
-0.1220	0.079310	-0.077933	60155.13	-3.09
-0.1253	0.079391	-0.078082	60158.13	-3.17
-0.1274	0.079477	-0.078178	60161.13	-3.23
-0.1302	0.079613	-0.078264	60164.13	-3.29
-0.1313	0.079664	-0.078385	60167.13	-3.32
-0.1351	0.079735	-0.078458	60170.13	-3.42
-0.1384	0.079847	-0.078642	60173.13	-3.50
-0.1384	0.079917	-0.078731	60176.13	-3.50
-0.1411	0.079992	-0.078809	60179.13	-3.57
-0.1460	0.080103	-0.078921	60182.13	-3.70
-0.1477	0.080227	-0.079008	60185.13	-3.74
-0.1499	0.080390	-0.079203	60188.13	-3.80
-0.1532	0.080481	-0.079301	60191.13	-3.88
-0.1559	0.080537	-0.079421	60194.13	-3.95
-0.1575	0.080602	-0.079483	60197.13	-3.99
-0.1603	0.080687	-0.079570	60200.13	-4.06
-0.1635	0.080740	-0.079638	60203.13	-4.14
-0.1668	0.080832	-0.079760	60206.13	-4.23
-0.1690	0.080910	-0.079801	60209.13	-4.28
-0.1717	0.081078	-0.080036	60212.13	-4.35
-0.1761	0.081168	-0.080097	60215.13	-4.46
-0.1761	0.081278	-0.080162	60218.13	-4.46
-0.1810	0.081357	-0.080279	60221.13	-4.59
-0.1832	0.081402	-0.080340	60224.13	-4.65
-0.1865	0.081508	-0.080454	60227.13	-4.73
-0.1876	0.081554	-0.080521	60230.13	-4.76
-0.1920	0.081627	-0.080605	60233.13	-4.87
-0.1947	0.081663	-0.080708	60236.13	-4.94
-0.1996	0.081770	-0.080778	60239.13	-5.06
-0.2013	0.081835	-0.080862	60242.13	-5.11
-0.2040	0.081865	-0.080922	60245.13	-5.18
-0.2067	0.081917	-0.080965	60248.13	-5.25
-0.2106	0.081991	-0.081086	60251.13	-5.34
-0.2128	0.082039	-0.081156	60254.13	-5.40
-0.2160	0.082146	-0.081249	60257.13	-5.48
-0.2204	0.082120	-0.081257	60260.13	-5.60
-0.2243	0.082216	-0.081333	60263.13	-5.69
-0.2270	0.082272	-0.081464	60266.13	-5.76
-0.2297	0.082352	-0.081494	60269.13	-5.83
-0.2319	0.082509	-0.081541	60272.13	-5.89
-0.2357	0.082565	-0.081605	60275.13	-5.99
-0.2396	0.082597	-0.081663	60278.13	-6.09
-0.2423	0.082715	-0.081743	60281.13	-6.16
-0.2461	0.082775	-0.081770	60284.13	-6.25
-0.2494	0.082816	-0.081857	60287.13	-6.34
-0.2532	0.082890	-0.081899	60290.13	-6.44
-0.2565	0.082956	-0.081946	60293.13	-6.52
-0.2593	0.082971	-0.082001	60296.13	-6.59
-0.2631	0.083031	-0.082044	60299.13	-6.69
-0.2675	0.083078	-0.082184	60302.13	-6.80
-0.2691	0.083179	-0.082211	60305.13	-6.84
-0.2724	0.083259	-0.082275	60308.13	-6.93
-0.2773	0.083331	-0.082327	60311.13	-7.05
-0.2789	0.083412	-0.082351	60314.13	-7.09
-0.2844	0.083432	-0.082431	60317.13	-7.23
-0.2866	0.083543	-0.082448	60320.13	-7.29
-0.2888	0.083620	-0.082506	60323.13	-7.35
-0.2926	0.083677	-0.082522	60326.13	-7.44
-0.2959	0.083694	-0.082570	60329.13	-7.53
-0.3008	0.083691	-0.082564	60332.13	-7.66
-0.3014	0.083751	-0.082606	60335.13	-7.67
-0.3068	0.083850	-0.082647	60338.13	-7.81
-0.3112	0.083896	-0.082667	60341.13	-7.92
-0.3139	0.083879	-0.082681	60344.13	-7.99
-0.3183	0.083943	-0.082706	60347.13	-8.10
-0.3205	0.083969	-0.082796	60350.13	-8.16
-0.3254	0.084012	-0.082772	60353.13	-8.29
-0.3276	0.084071	-0.082804	60356.13	-8.34
-0.3325	0.084114	-0.082863	60359.13	-8.47
-0.3364	0.084075	-0.082938	60362.13	-8.57
-0.3391	0.084201	-0.082982	60365.13	-8.64
-0.3402	0.084261	-0.083022	60368.13	-8.67
-0.3462	0.084321	-0.083091	60371.13	-8.82
-0.3479	0.084381	-0.083085	60374.13	-8.86
-0.3511	0.084405	-0.083115	60377.13	-8.95
-0.3544	0.084456	-0.083122	60380.13	-9.03
-0.3577	0.084523	-0.083183	60383.13	-9.12
-0.3632	0.084560	-0.083218	60386.13	-9.26
-0.3665	0.084569	-0.083217	60389.13	-9.34
-0.3714	0.084609	-0.083227	60392.13	-9.47
-0.3719	0.084660	-0.083299	60395.13	-9.48
-0.3763	0.084725	-0.083324	60398.13	-9.60
-0.3807	0.084759	-0.083378	60401.13	-9.71
-0.3823	0.084768	-0.083410	60404.13	-9.75
-0.3878	0.084824	-0.083448	60407.13	-9.89
-0.3889	0.084869	-0.083515	60410.13	-9.92
-0.3938	0.084967	-0.083547	60413.13	-10.05
-0.3965	0.085020	-0.083558	60416.13	-10.12
-0.4009	0.085053	-0.083574	60419.13	-10.23
-0.4020	0.085034	-0.083593	60422.13	-10.26
-0.4069	0.085096	-0.083590	60425.13	-10.38
-0.4086	0.085115	-0.083609	60428.13	-10.43
-0.4146	0.085111	-0.083672	60431.13	-10.58
-0.4173	0.085235	-0.083591	60434.13	-10.65
-0.4217	0.085246	-0.083663	60437.13	-10.77
-0.4244	0.085263	-0.083682	60440.13	-10.84
-0.4272	0.085271	-0.083700	60443.13	-10.91
-0.4310	0.085277	-0.083735	60446.13	-11.01
-0.4343	0.085328	-0.083744	60449.13	-11.09
-0.4376	0.085297	-0.083751	60452.13	-11.17
-0.4403	0.085345	-0.083767	60455.13	-11.25
-0.4447	0.085357	-0.083799	60458.13	-11.36
-0.4474	0.085385	-0.083861	60461.13	-11.43
-0.4512	0.085382	-0.083847	60464.13	-11.53
-0.4545	0.085430	-0.083864	60467.13	-11.61
-0.4594	0.085444	-0.083841	60470.13	-11.74
-0.4616	0.085476	-0.083888	60473.13	-11.80
-0.4649	0.085465	-0.083865	60476.13	-11.88
-0.4682	0.085507	-0.083888	60479.13	-11.97
-0.4704	0.085515	-0.083861	60482.13	-12.02
-0.4742	0.085507	-0.083889	60485.13	-12.12
-0.4769	0.085560	-0.083881	60488.13	-12.19
-0.4802	0.085573	-0.083938	60491.13	-12.28
-0.4819	0.085561	-0.083971	60494.13	-12.32
-0.4884	0.085552	-0.083950	60497.13	-12.49
-0.4912	0.085585	-0.083956	60500.13	-12.56
-0.4933	0.085585	-0.083975	60503.13	-12.62
-0.4972	0.085612	-0.083998	60506.13	-12.72
-0.4988	0.085620	-0.083990	60509.13	-12.76
-0.5043	0.085624	-0.083998	60512.13	-12.90
-0.5070	0.085653	-0.084055	60515.13	-12.97
-0.5092	0.085697	-0.084029	60518.13	-13.03
-0.5119	0.085686	-0.084030	60521.13	-13.10
-0.5163	0.085715	-0.084059	60524.13	-13.21
-0.5196	0.085703	-0.084051	60527.13	-13.30
-0.5229	0.085748	-0.084079	60530.13	-13.38
-0.5273	0.085728	-0.084065	60533.13	-13.49
-0.5300	0.085758	-0.084072	60536.13	-13.57
-0.5333	0.085779	-0.084076	60539.13	-13.65
-0.5355	0.085763	-0.084069	60542.13	-13.71
-0.5377	0.085794	-0.084110	60545.13	-13.76
-0.5409	0.085788	-0.084070	60548.13	-13.85
-0.5437	0.085799	-0.084095	60551.13	-13.92
-0.5464	0.085817	-0.084123	60554.13	-13.99
-0.5491	0.085826	-0.084112	60557.13	-14.06
-0.5546	0.085839	-0.084087	60560.13	-14.20
-0.5546	0.085829	-0.084126	60563.13	-14.20
-0.5617	0.085830	-0.084099	60566.13	-14.39
-0.5617	0.085838	-0.084140	60569.13	-14.39
-0.5634	0.085873	-0.084164	60572.13	-14.43
-0.5694	0.085847	-0.084125	60575.13	-14.59
-0.5710	0.085847	-0.084135	60578.13	-14.63
-0.5748	0.085867	-0.084149	60581.13	-14.73
-0.5792	0.085860	-0.084150	60584.13	-14.84
-0.5809	0.085866	-0.084174	60587.13	-14.88
-0.5847	0.085889	-0.084126	60590.13	-14.98
-0.5880	0.085893	-0.084143	60593.13	-15.07
-0.5907	0.085900	-0.084154	60596.13	-15.14
-0.5902	0.085940	-0.084170	60599.13	-15.13
-0.5962	0.085869	-0.084176	60602.13	-15.28
-0.5967	0.085909	-0.084183	60605.13	-15.30
-0.6022	0.085891	-0.084185	60608.13	-15.44
-0.6049	0.085920	-0.084144	60611.13	-15.51
-0.6055	0.085945	-0.084198	60614.13	-15.52
-0.6104	0.085953	-0.084168	60617.13	-15.65
-0.6126	0.085940	-0.084187	60620.13	-15.71
-0.6164	0.085914	-0.084224	60623.13	-15.81
-0.6159	0.085959	-0.084239	60626.13	-15.79
-0.6224	0.085889	-0.084204	60629.13	-15.96
-0.6246	0.085910	-0.084199	60632.13	-16.02
-0.6284	0.085960	-0.084194	60635.13	-16.12
-0.6295	0.085966	-0.084188	60638.13	-16.15
-0.6334	0.085926	-0.084218	60641.13	-16.25
-0.6350	0.085959	-0.084204	60644.13	-16.29
-0.6372	0.085941	-0.084189	60647.13	-16.35
-0.6405	0.085967	-0.084186	60650.13	-16.43
-0.6432	0.085993	-0.084175	60653.13	-16.50
-0.6454	0.085947	-0.084219	60656.13	-16.56
-0.6492	0.085957	-0.084180	60659.13	-16.66
-0.6509	0.085964	-0.084197	60662.13	-16.70
-0.6547	0.085975	-0.084185	60665.13	-16.80
-0.6569	0.085961	-0.084216	60668.13	-16.86
-0.6602	0.085984	-0.084165	60671.13	-16.95
-0.6629	0.085974	-0.084178	60674.13	-17.02
-0.6667	0.086006	-0.084158	60677.13	-17.12
-0.6684	0.086083	-0.084145	60680.13	-17.16
-0.6706	0.086029	-0.084153	60683.13	-17.22
-0.6744	0.085988	-0.084143	60686.13	-17.32
-0.6760	0.087014	-0.083185	60689.13	-17.36
-0.6777	0.086988	-0.083183	60692.13	-17.40
-0.6815	0.086974	-0.083162	60695.13	-17.50
-0.6842	0.086889	-0.083326	60698.13	-17.57
-0.6870	0.086766	-0.083395	60701.13	-17.64
-0.6897	0.086666	-0.083545	60704.13	-17.71
-0.6919	0.086573	-0.083558	60707.13	-17.77
-0.6952	0.086522	-0.083653	60710.13	-17.86
-0.6979	0.086501	-0.083697	60713.13	-17.93
-0.7012	0.086481	-0.083692	60716.13	-18.01
-0.7034	0.086422	-0.083789	60719.13	-18.07
-0.7034	0.086420	-0.083791	60722.13	-18.07
-0.7083	0.086344	-0.083796	60725.13	-18.20
-0.7094	0.086347	-0.083838	60728.13	-18.23
-0.7121	0.086329	-0.083853	60731.13	-18.30
-0.7154	0.086272	-0.083869	60734.13	-18.39
-0.7181	0.086261	-0.083929	60737.13	-18.46
-0.7214	0.086199	-0.083958	60740.13	-18.54
-0.7236	0.086217	-0.083920	60743.13	-18.60
-0.7263	0.086208	-0.083934	60746.13	-18.67
-0.7269	0.086178	-0.083951	60749.13	-18.69
-0.7307	0.086206	-0.083961	60752.13	-18.79
-0.7335	0.086137	-0.083953	60755.13	-18.86
-0.7351	0.086148	-0.083950	60758.13	-18.90
-0.7378	0.086139	-0.083983	60761.13	-18.97
-0.7406	0.086137	-0.083997	60764.13	-19.04
-0.7422	0.086146	-0.083996	60767.13	-19.09
-0.7449	0.086110	-0.084009	60770.13	-19.16
-0.7482	0.086117	-0.083997	60773.13	-19.24
-0.7504	0.086104	-0.084008	60776.13	-19.30
-0.7521	0.086104	-0.083995	60779.13	-19.34
-0.7548	0.086104	-0.084019	60782.13	-19.41
-0.7575	0.086094	-0.083975	60785.13	-19.49
-0.7614	0.086084	-0.083968	60788.13	-19.59
-0.7646	0.086075	-0.083991	60791.13	-19.67
-0.7657	0.086079	-0.083995	60794.13	-19.70
-0.7668	0.086092	-0.083987	60797.13	-19.73
-0.7696	0.086086	-0.083990	60800.13	-19.80
-0.7717	0.086096	-0.084014	60803.13	-19.86
-0.7739	0.086062	-0.083999	60806.13	-19.91
-0.7772	0.086082	-0.083972	60809.13	-20.00
-0.7810	0.086069	-0.084010	60812.13	-20.10
-0.7816	0.086054	-0.083998	60815.13	-20.11
-0.7843	0.086049	-0.083973	60818.13	-20.19
-0.7865	0.086056	-0.084016	60821.13	-20.24
-0.7882	0.086062	-0.084014	60824.13	-20.29
-0.7909	0.086060	-0.083980	60827.13	-20.36
-0.7942	0.086046	-0.083976	60830.13	-20.44
-0.7964	0.086049	-0.083997	60833.13	-20.50
-0.7996	0.086031	-0.083997	60836.13	-20.59
-0.8007	0.086032	-0.083951	60839.13	-20.62
-0.8035	0.085999	-0.083981	60842.13	-20.69
-0.8046	0.086052	-0.083959	60845.13	-20.72
-0.8084	0.086030	-0.083969	60848.13	-20.82
-0.8084	0.086028	-0.083960	60851.13	-20.82
-0.8133	0.086021	-0.083998	60854.13	-20.95
-0.8128	0.085989	-0.083948	60857.13	-20.93
-0.8144	0.085976	-0.083980	60860.13	-20.97
-0.8177	0.085977	-0.083988	60863.13	-21.06
-0.8210	0.086004	-0.083975	60866.13	-21.15
-0.8215	0.085991	-0.083978	60869.13	-21.16
-0.8237	0.086000	-0.083950	60872.13	-21.22
-0.8275	0.085992	-0.083951	60875.13	-21.32
-0.8292	0.086019	-0.083961	60878.13	-21.36
-0.8303	0.085993	-0.083957	60881.13	-21.39
-0.8319	0.085991	-0.083963	60884.13	-21.43
-0.8368	0.085992	-0.083961	60887.13	-21.56
-0.8385	0.085966	-0.083917	60890.13	-21.60
-0.8407	0.085979	-0.083950	60893.13	-21.66
-0.8412	0.085987	-0.083958	60896.13	-21.68
-0.8434	0.085958	-0.083969	60899.13	-21.73
-0.8456	0.085971	-0.083958	60902.13	-21.79
-0.8467	0.085959	-0.083924	60905.13	-21.82
-0.8500	0.085962	-0.083964	60908.13	-21.91
-0.8516	0.085951	-0.083954	60911.13	-21.95
-0.8549	0.085950	-0.083927	60914.13	-22.04
-0.8543	0.085933	-0.083902	60917.13	-22.02
-0.8582	0.085876	-0.083973	60920.13	-22.12
-0.8609	0.085867	-0.083983	60923.13	-22.19
-0.8614	0.085786	-0.084044	60926.13	-22.21
-0.8636	0.085806	-0.084013	60929.13	-22.26
-0.8669	0.085779	-0.084035	60932.13	-22.35
-0.8675	0.085800	-0.083995	60935.13	-22.37
-0.8724	0.085805	-0.084024	60938.13	-22.49
-0.8746	0.085762	-0.084043	60941.13	-22.55
-0.8751	0.085786	-0.084037	60944.13	-22.57
-0.8762	0.085775	-0.084002	60947.13	-22.60
-0.8789	0.085795	-0.083994	60950.13	-22.67
-0.8800	0.085826	-0.083991	60953.13	-22.70
-0.8822	0.085778	-0.083989	60956.13	-22.75
-0.8850	0.085806	-0.083975	60959.13	-22.83
-0.8882	0.085755	-0.083986	60962.13	-22.91
-0.8877	0.085784	-0.083986	60965.13	-22.90
-0.8910	0.085822	-0.083980	60968.13	-22.98
-0.8926	0.085799	-0.083940	60971.13	-23.03
-0.8948	0.085772	-0.083971	60974.13	-23.08
-0.8970	0.085725	-0.083989	60977.13	-23.14
-0.8981	0.085715	-0.083997	60980.13	-23.17
-0.9014	0.085716	-0.083978	60983.13	-23.26
-0.9036	0.085731	-0.083945	60986.13	-23.31
-0.9041	0.085708	-0.083962	60989.13	-23.33
-0.9074	0.085735	-0.083963	60992.13	-23.42
-0.9085	0.085759	-0.083943	60995.13	-23.44
-0.9096	0.085700	-0.083962	60998.13	-23.47
-0.9118	0.085679	-0.083959	61001.13	-23.53
-0.9145	0.085682	-0.083943	61004.13	-23.60
-0.9150	0.085679	-0.083949	61007.13	-23.62
-0.9167	0.085683	-0.083927	61010.13	-23.66
-0.9189	0.085662	-0.083921	61013.13	-23.72
-0.9216	0.085669	-0.083915	61016.13	-23.79
-0.9233	0.085695	-0.083950	61019.13	-23.83
-0.9249	0.085677	-0.083929	61022.13	-23.88
-0.9271	0.085657	-0.083909	61025.13	-23.93
-0.9282	0.085636	-0.083949	61028.13	-23.96
-0.9304	0.085628	-0.083969	61031.13	-24.02
-0.9320	0.085623	-0.083893	61034.13	-24.06
-0.9336	0.085636	-0.083944	61037.13	-24.11
-0.9358	0.085641	-0.083930	61040.13	-24.16
-0.9364	0.085607	-0.083945	61043.13	-24.18
-0.9380	0.085611	-0.083937	61046.13	-24.22
-0.9391	0.085625	-0.083910	61049.13	-24.25
-0.9424	0.085614	-0.083936	61052.13	-24.34
-0.9429	0.085598	-0.083946	61055.13	-24.35
-0.9457	0.085573	-0.083929	61058.13	-24.42
-0.9468	0.085570	-0.083936	61061.13	-24.45
-0.9501	0.085558	-0.083901	61064.13	-24.54
-0.9522	0.085581	-0.083920	61067.13	-24.60
-0.9517	0.085578	-0.083875	61070.13	-24.58
-0.9522	0.085575	-0.083861	61073.13	-24.60
-0.9544	0.085578	-0.083883	61076.13	-24.65
-0.9572	0.085560	-0.083890	61079.13	-24.73
-0.9583	0.085597	-0.083895	61082.13	-24.76
-0.9615	0.085548	-0.083856	61085.13	-24.84
-0.9626	0.085538	-0.083889	61088.13	-24.87
-0.9637	0.085526	-0.083887	61091.13	-24.90
-0.9670	0.085549	-0.083860	61094.13	-24.99
-0.9659	0.085560	-0.083902	61097.13	-24.96
-0.9686	0.085514	-0.083849	61100.13	-25.03
-0.9703	0.085529	-0.083851	61103.13	-25.07
-0.9719	0.085540	-0.083878	61106.13	-25.12
-0.9730	0.085530	-0.083859	61109.13	-25.14
-0.9752	0.085520	-0.083855	61112.13	-25.20
-0.9763	0.085538	-0.083812	61115.13	-25.23
-0.9796	0.085531	-0.083815	61118.13	-25.32
-0.9812	0.085532	-0.083801	61121.13	-25.36
-0.9829	0.085512	-0.083822	61124.13	-25.40
-0.9856	0.085514	-0.083788	61127.13	-25.48
-0.9856	0.085535	-0.083799	61130.13	-25.48
-0.9872	0.085524	-0.083818	61133.13	-25.52
-0.9889	0.085498	-0.083825	61136.13	-25.56
-0.9905	0.085502	-0.083804	61139.13	-25.61
-0.9949	0.085488	-0.083821	61142.13	-25.72
-0.9954	0.085451	-0.083821	61145.13	-25.74
-0.9949	0.085450	-0.083828	61148.13	-25.72
-0.9982	0.085489	-0.083794	61151.13	-25.81
-0.9987	0.085478	-0.083434	61154.13	-25.82
-0.9927	0.086667	-0.082797	61157.13	-25.66
-0.9331	0.087021	-0.082435	61160.13	-24.09
-0.9096	0.087128	-0.082841	61163.13	-23.47
-0.8943	0.087155	-0.082897	61166.13	-23.07
-0.8757	0.087298	-0.082995	61169.13	-22.58
-0.8571	0.087443	-0.082818	61172.13	-22.09
-0.8314	0.088064	-0.082516	61175.13	-21.42
-0.8122	0.087963	-0.082748	61178.13	-20.92
-0.7849	0.088089	-0.082835	61181.13	-20.20
-0.7696	0.088034	-0.082935	61184.13	-19.80
-0.7537	0.088153	-0.082962	61187.13	-19.39
-0.7346	0.088185	-0.082873	61190.13	-18.89
-0.7176	0.088470	-0.082778	61193.13	-18.44
-0.6985	0.088727	-0.082690	61196.13	-17.94
-0.6853	0.088822	-0.082719	61199.13	-17.60
-0.6569	0.088530	-0.083114	61202.13	-16.86
-0.6356	0.088639	-0.083073	61205.13	-16.31
-0.6213	0.088541	-0.083270	61208.13	-15.94
-0.6011	0.088671	-0.083250	61211.13	-15.41
-0.5825	0.088810	-0.083160	61214.13	-14.93
-0.5628	0.088952	-0.083242	61217.13	-14.42
-0.5442	0.089079	-0.083085	61220.13	-13.93
-0.5360	0.089122	-0.083227	61223.13	-13.72
-0.5174	0.089001	-0.083440	61226.13	-13.24
-0.4994	0.088931	-0.083552	61229.13	-12.77
-0.4857	0.089114	-0.083502	61232.13	-12.42
-0.4644	0.089221	-0.083444	61235.13	-11.87
-0.4458	0.089240	-0.083541	61238.13	-11.39
-0.4326	0.089159	-0.083662	61241.13	-11.05
-0.4140	0.089116	-0.083751	61244.13	-10.57
-0.3976	0.089155	-0.083859	61247.13	-10.15
-0.3894	0.089157	-0.083822	61250.13	-9.93
-0.3834	0.089005	-0.084000	61253.13	-9.78
-0.3610	0.089166	-0.083971	61256.13	-9.20
-0.3429	0.089180	-0.083911	61259.13	-8.74
-0.3315	0.089121	-0.084045	61262.13	-8.44
-0.3134	0.089223	-0.084048	61265.13	-7.98
-0.3014	0.089309	-0.084000	61268.13	-7.67
-0.2915	0.089407	-0.083922	61271.13	-7.42
-0.2757	0.089452	-0.084017	61274.13	-7.01
-0.2614	0.089386	-0.084042	61277.13	-6.65
-0.2554	0.089304	-0.084011	61280.13	-6.49
-0.2418	0.089339	-0.083944	61283.13	-6.14
-0.2341	0.089243	-0.084036	61286.13	-5.95
-0.2111	0.089268	-0.083828	61289.13	-5.36
-0.2035	0.089270	-0.083735	61292.13	-5.16
-0.1925	0.089153	-0.083739	61295.13	-4.88
-0.1832	0.089105	-0.083529	61298.13	-4.65
-0.1690	0.089045	-0.083458	61301.13	-4.28
-0.1575	0.088902	-0.083244	61304.13	-3.99
-0.1488	0.088725	-0.083172	61307.13	-3.77
-0.1438	0.088608	-0.082934	61310.13	-3.64
-0.1346	0.088507	-0.082718	61313.13	-3.41
-0.1209	0.088334	-0.082637	61316.13	-3.06
-0.1105	0.088131	-0.082426	61319.13	-2.79
-0.0990	0.088090	-0.082182	61322.13	-2.50
-0.0897	0.088065	-0.081936	61325.13	-2.27
-0.0804	0.087949	-0.081722	61328.13	-2.03
-0.0749	0.087788	-0.081600	61331.13	-1.89
-0.0629	0.087713	-0.081437	61334.13	-1.59
-0.0618	0.087355	-0.081212	61337.13	-1.56
-0.0514	0.087099	-0.080948	61340.13	-1.30
-0.0492	0.086870	-0.080776	61343.13	-1.24
-0.0416	0.086697	-0.080580	61346.13	-1.05
-0.0356	0.086461	-0.080462	61349.13	-0.90
-0.0257	0.086170	-0.080534	61352.13	-0.65
-0.0224	0.086016	-0.080396	61355.13	-0.57
-0.0159	0.085829	-0.080386	61358.13	-0.40
-0.0148	0.085734	-0.080279	61361.13	-0.37
-0.0060	0.085649	-0.079864	61364.13	-0.15
-0.0027	0.085543	-0.079630	61367.13	-0.07
0.0005	0.085453	-0.079422	61370.13	0.01
0.0033	0.085179	-0.079302	61373.13	0.08
0.0055	0.085061	-0.079137	61376.13	0.14
0.0093	0.084877	-0.078918	61379.13	0.23
0.0142	0.084779	-0.078681	61382.13	0.36
0.0137	0.084517	-0.078495	61385.13	0.34
0.0148	0.084242	-0.078353	61388.13	0.37
0.0181	0.084097	-0.078077	61391.13	0.45
0.0186	0.083908	-0.078027	61394.13	0.47
0.0191	0.083739	-0.077845	61397.13	0.48
0.0191	0.083561	-0.077662	61400.13	0.48
0.0252	0.083335	-0.077615	61403.13	0.63
0.0317	0.083457	-0.077512	61406.13	0.80
0.0323	0.083105	-0.077276	61409.13	0.81
0.0356	0.082551	-0.077344	61412.13	0.89
0.0432	0.082579	-0.077157	61415.13	1.08
0.0503	0.082628	-0.077014	61418.13	1.26
0.0503	0.082377	-0.076879	61421.13	1.26
0.0547	0.082129	-0.076666	61424.13	1.37
0.0563	0.082011	-0.076426	61427.13	1.41
0.0607	0.081809	-0.076282	61430.13	1.52
0.0629	0.081490	-0.076119	61433.13	1.58
0.0640	0.081452	-0.075979	61436.13	1.61
0.0689	0.081279	-0.075787	61439.13	1.73
0.0706	0.081046	-0.075766	61442.13	1.77
0.0749	0.080837	-0.075704	61445.13	1.88
0.0782	0.080564	-0.075510	61448.13	1.96
0.0804	0.080586	-0.075063	61451.13	2.02
0.0837	0.080521	-0.074925	61454.13	2.10
0.0870	0.080450	-0.074730	61457.13	2.18
0.0924	0.080341	-0.074625	61460.13	2.32
0.0941	0.080186	-0.074552	61463.13	2.36
0.0979	0.079880	-0.074524	61466.13	2.46
0.1017	0.079718	-0.074487	61469.13	2.55
0.1050	0.079438	-0.074332	61472.13	2.63
0.1088	0.079331	-0.074226	61475.13	2.73
0.1088	0.079160	-0.074046	61478.13	2.73
0.1138	0.078934	-0.073858	61481.13	2.85
0.1176	0.078712	-0.073775	61484.13	2.95
0.1209	0.078458	-0.073616	61487.13	3.03
0.1231	0.078340	-0.073317	61490.13	3.09
0.1291	0.078214	-0.073059	61493.13	3.24
0.1296	0.078013	-0.072851	61496.13	3.25
0.1356	0.077804	-0.072704	61499.13	3.40
0.1406	0.077628	-0.072526	61502.13	3.53
0.1411	0.077568	-0.072310	61505.13	3.54
0.1482	0.077383	-0.072150	61508.13	3.72
0.1515	0.077162	-0.071940	61511.13	3.80
0.1542	0.076938	-0.071777	61514.13	3.87
0.1581	0.076521	-0.071669	61517.13	3.97
0.1630	0.076267	-0.071495	61520.13	4.09
0.1679	0.076180	-0.071309	61523.13	4.21
0.1712	0.075931	-0.071170	61526.13	4.30
0.1750	0.075886	-0.071097	61529.13	4.39
0.1778	0.075609	-0.070957	61532.13	4.46
0.1810	0.075478	-0.070899	61535.13	4.54
0.1832	0.075391	-0.070871	61538.13	4.60
0.1898	0.075251	-0.070672	61541.13	4.76
0.1942	0.074970	-0.070556	61544.13	4.87
0.1975	0.074930	-0.070346	61547.13	4.95
0.2018	0.074860	-0.070360	61550.13	5.06
0.2084	0.074754	-0.070290	61553.13	5.23
0.2122	0.074660	-0.070160	61556.13	5.32
0.2155	0.074599	-0.070029	61559.13	5.41
0.2188	0.074358	-0.070043	61562.13	5.49
0.2242	0.074219	-0.069845	61565.13	5.63
0.2297	0.074042	-0.069746	61568.13	5.76
0.2325	0.074076	-0.069583	61571.13	5.83
0.2368	0.074061	-0.069369	61574.13	5.94
0.2396	0.073916	-0.069621	61577.13	6.01
0.2439	0.073706	-0.069613	61580.13	6.12
0.2527	0.073642	-0.069615	61583.13	6.34
0.2587	0.073437	-0.069617	61586.13	6.49
0.2631	0.073323	-0.069485	61589.13	6.60
0.2686	0.073320	-0.069331	61592.13	6.74
0.2724	0.073200	-0.069300	61595.13	6.83
0.2773	0.073147	-0.069060	61598.13	6.96
0.2822	0.073041	-0.068834	61601.13	7.08
0.2866	0.072866	-0.068858	61604.13	7.19
0.2888	0.072649	-0.068838	61607.13	7.24
0.2964	0.072575	-0.068809	61610.13	7.44
0.3030	0.072390	-0.068796	61613.13	7.60
0.3079	0.072319	-0.068735	61616.13	7.72
0.3112	0.072287	-0.068605	61619.13	7.81
0.3172	0.072212	-0.068511	61622.13	7.96
0.3205	0.072215	-0.068360	61625.13	8.04
0.3276	0.072124	-0.068400	61628.13	8.22
0.3309	0.072116	-0.068278	61631.13	8.30
0.3391	0.072025	-0.068311	61634.13	8.51
0.3435	0.072102	-0.068110	61637.13	8.62
0.3484	0.072062	-0.068098	61640.13	8.74
0.3528	0.072090	-0.068114	61643.13	8.85
0.3572	0.071871	-0.068184	61646.13	8.96
0.3621	0.071813	-0.068185	61649.13	9.08
0.3676	0.071816	-0.068121	61652.13	9.22
0.3730	0.071695	-0.068092	61655.13	9.36
0.3768	0.071809	-0.068059	61658.13	9.45
0.3829	0.071806	-0.067946	61661.13	9.60
0.3872	0.071683	-0.067993	61664.13	9.71
0.3894	0.071596	-0.067958	61667.13	9.77
0.3976	0.071569	-0.067936	61670.13	9.97
0.4004	0.071597	-0.067857	61673.13	10.04
0.4058	0.071608	-0.067909	61676.13	10.18
0.4091	0.071569	-0.067893	61679.13	10.26
0.4151	0.071560	-0.067949	61682.13	10.41
0.4184	0.071529	-0.067938	61685.13	10.49
0.4239	0.071526	-0.067890	61688.13	10.63
0.4266	0.071456	-0.067866	61691.13	10.70
0.4304	0.071529	-0.067801	61694.13	10.79
0.4343	0.071493	-0.067844	61697.13	10.89
0.4387	0.071581	-0.067803	61700.13	11.00
0.4436	0.071586	-0.067842	61703.13	11.12
0.4480	0.071521	-0.067858	61706.13	11.23
0.4540	0.071558	-0.067728	61709.13	11.38
0.4562	0.072460	-0.067162	61712.13	11.44
0.4589	0.072236	-0.066791	61715.13	11.51
0.4644	0.071569	-0.067767	61718.13	11.64
0.4682	0.071743	-0.067562	61721.13	11.74
0.4748	0.071725	-0.067595	61724.13	11.90
0.4764	0.071760	-0.067656	61727.13	11.94
0.4786	0.071742	-0.067601	61730.13	12.00
0.4830	0.071635	-0.067716	61733.13	12.11
0.4890	0.071578	-0.067661	61736.13	12.26
0.4917	0.071664	-0.067754	61739.13	12.33
0.4955	0.071474	-0.067776	61742.13	12.42
0.4972	0.071470	-0.067807	61745.13	12.46
0.5032	0.071567	-0.067715	61748.13	12.61
0.5054	0.071520	-0.067729	61751.13	12.67
0.5114	0.071538	-0.067755	61754.13	12.82
0.5109	0.071462	-0.067781	61757.13	12.81
0.5163	0.071520	-0.067684	61760.13	12.94
0.5191	0.071508	-0.067722	61763.13	13.01
0.5212	0.071518	-0.067697	61766.13	13.07
0.5278	0.071623	-0.067689	61769.13	13.23
0.5311	0.071532	-0.067367	61772.13	13.31
0.5333	0.071657	-0.067597	61775.13	13.37
0.5371	0.071661	-0.067582	61778.13	13.46
0.5404	0.071708	-0.067611	61781.13	13.54
0.5437	0.071688	-0.067530	61784.13	13.63
0.5459	0.071719	-0.067514	61787.13	13.68
0.5508	0.071751	-0.067540	61790.13	13.80
0.5486	0.071682	-0.067561	61793.13	13.75
0.5557	0.071687	-0.067565	61796.13	13.93
0.5595	0.071690	-0.067531	61799.13	14.02
0.5612	0.071690	-0.067522	61802.13	14.06
0.5645	0.071778	-0.067487	61805.13	14.15
0.5650	0.071754	-0.067508	61808.13	14.16
0.5710	0.071817	-0.067454	61811.13	14.31
0.5738	0.071818	-0.067432	61814.13	14.38
0.5787	0.071909	-0.067369	61817.13	14.50
0.5836	0.071915	-0.067343	61820.13	14.62
0.5869	0.071918	-0.067359	61823.13	14.71
0.5896	0.071955	-0.067333	61826.13	14.77
0.5913	0.071958	-0.067357	61829.13	14.82
0.5951	0.071948	-0.067281	61832.13	14.91
0.5984	0.071998	-0.067267	61835.13	14.99
0.6011	0.071991	-0.067349	61838.13	15.06
0.6022	0.071977	-0.067382	61841.13	15.09
0.6044	0.071945	-0.067436	61844.13	15.14
0.6115	0.071897	-0.067478	61847.13	15.32
0.6104	0.071864	-0.067550	61850.13	15.29
0.6142	0.071843	-0.067537	61853.13	15.39
0.6181	0.071951	-0.067472	61856.13	15.48
0.6213	0.071948	-0.067608	61859.13	15.57
0.6268	0.071879	-0.067607	61862.13	15.70
0.6279	0.071893	-0.067590	61865.13	15.73
0.6356	0.071947	-0.067571	61868.13	15.92
0.6377	0.071925	-0.067619	61871.13	15.98
0.6427	0.071870	-0.067604	61874.13	16.10
0.6476	0.071897	-0.067627	61877.13	16.22
0.6487	0.071905	-0.067581	61880.13	16.25
0.6525	0.071917	-0.067652	61883.13	16.34
0.6563	0.071846	-0.067686	61886.13	16.44
0.6580	0.071966	-0.067577	61889.13	16.48
0.6591	0.071992	-0.067551	61892.13	16.51
0.6634	0.072023	-0.067613	61895.13	16.62
0.6678	0.071967	-0.067633	61898.13	16.73
0.6722	0.071967	-0.067653	61901.13	16.84
0.6760	0.071926	-0.067756	61904.13	16.93
0.6782	0.071836	-0.067812	61907.13	16.99
0.6837	0.071837	-0.067826	61910.13	17.12
0.6837	0.071890	-0.067793	61913.13	17.12
0.6892	0.071931	-0.067762	61916.13	17.26
0.6941	0.071998	-0.067784	61919.13	17.38
0.6974	0.072059	-0.067723	61922.13	17.46
0.7001	0.072149	-0.067604	61925.13	17.53
0.7050	0.072130	-0.067680	61928.13	17.65
0.7072	0.072042	-0.067747	61931.13	17.71
0.7094	0.072069	-0.067791	61934.13	17.76
0.7121	0.072032	-0.067828	61937.13	17.83
0.7160	0.072102	-0.067756	61940.13	17.93
0.7209	0.072104	-0.067836	61943.13	18.05
0.7214	0.072067	-0.067862	61946.13	18.06
0.7269	0.072002	-0.067895	61949.13	18.20
0.7302	0.072098	-0.067851	61952.13	18.28
0.7340	0.072147	-0.067802	61955.13	18.38
0.7351	0.072061	-0.067903	61958.13	18.40
0.7373	0.072052	-0.067946	61961.13	18.46
0.7417	0.072027	-0.067996	61964.13	18.57
0.7433	0.072048	-0.067978	61967.13	18.61
0.7466	0.072052	-0.067991	61970.13	18.69
0.7531	0.072007	-0.068050	61973.13	18.85
0.7531	0.072095	-0.067909	61976.13	18.85
0.7575	0.072086	-0.068025	61979.13	18.96
0.7592	0.072034	-0.068056	61982.13	19.00
0.7635	0.072019	-0.068145	61985.13	19.11
0.7679	0.071977	-0.068164	61988.13	19.22
0.7696	0.072066	-0.068088	61991.13	19.26
0.7756	0.072093	-0.068087	61994.13	19.41
0.7794	0.072082	-0.068132	61997.13	19.51
0.7799	0.072077	-0.068087	62000.13	19.52
0.7838	0.072158	-0.068074	62003.13	19.62
0.7854	0.072198	-0.068033	62006.13	19.66
0.7903	0.072163	-0.068144	62009.13	19.78
0.7925	0.072206	-0.068060	62012.13	19.83
0.7942	0.072204	-0.068046	62015.13	19.87
0.7969	0.072224	-0.068126	62018.13	19.94
0.8018	0.072147	-0.068189	62021.13	20.06
0.8040	0.072176	-0.068161	62024.13	20.12
0.8078	0.072149	-0.068182	62027.13	20.21
0.8100	0.072199	-0.068177	62030.13	20.27
0.8122	0.072171	-0.068288	62033.13	20.32
0.8161	0.072087	-0.068346	62036.13	20.42
0.8182	0.072085	-0.068346	62039.13	20.47
0.8210	0.072084	-0.068357	62042.13	20.54
0.8243	0.072104	-0.068340	62045.13	20.62
0.8259	0.072075	-0.068388	62048.13	20.66
0.8297	0.072089	-0.068404	62051.13	20.76
0.8325	0.072125	-0.068351	62054.13	20.83
0.8352	0.072203	-0.068294	62057.13	20.89
0.8379	0.072168	-0.068340	62060.13	20.96
0.8418	0.072198	-0.068366	62063.13	21.06
0.8434	0.072157	-0.068415	62066.13	21.10
0.8461	0.072135	-0.068440	62069.13	21.17
0.8500	0.072166	-0.068386	62072.13	21.26
0.8511	0.072198	-0.068340	62075.13	21.29
0.8521	0.072255	-0.068346	62078.13	21.32
0.8571	0.072282	-0.068405	62081.13	21.44
0.8593	0.072203	-0.068442	62084.13	21.49
0.8620	0.072192	-0.068419	62087.13	21.56
0.8664	0.072216	-0.068498	62090.13	21.67
0.8680	0.072204	-0.068525	62093.13	21.71
0.8691	0.072183	-0.068520	62096.13	21.74
0.8707	0.072190	-0.068540	62099.13	21.78
0.8740	0.072162	-0.068535	62102.13	21.86
0.8751	0.072171	-0.068535	62105.13	21.89
0.8784	0.072161	-0.068595	62108.13	21.97
0.8806	0.072183	-0.068627	62111.13	22.02
0.8817	0.072134	-0.068615	62114.13	22.05
0.8866	0.072155	-0.068593	62117.13	22.17
0.8844	0.072222	-0.068582	62120.13	22.12
0.8872	0.072238	-0.068530	62123.13	22.19
0.8926	0.072279	-0.068511	62126.13	22.32
0.8932	0.072337	-0.068530	62129.13	22.33
0.8954	0.072356	-0.068456	62132.13	22.39
0.8964	0.072400	-0.068419	62135.13	22.42
0.9008	0.072420	-0.068506	62138.13	22.52
0.9057	0.072361	-0.068508	62141.13	22.65
0.9052	0.072305	-0.068594	62144.13	22.63
0.9074	0.072363	-0.068516	62147.13	22.69
0.9096	0.072481	-0.068423	62150.13	22.74
0.9118	0.072491	-0.068441	62153.13	22.80
0.9145	0.072478	-0.068437	62156.13	22.86
0.9161	0.072573	-0.068388	62159.13	22.90
0.9189	0.072615	-0.068356	62162.13	22.97
0.9200	0.072556	-0.068426	62165.13	23.00
0.9222	0.072480	-0.068478	62168.13	23.05
0.9254	0.072564	-0.068442	62171.13	23.14
0.9265	0.072572	-0.068478	62174.13	23.16
0.9287	0.072480	-0.068538	62177.13	23.22
0.9309	0.072530	-0.068474	62180.13	23.27
0.9336	0.072605	-0.068394	62183.13	23.34
0.9358	0.072654	-0.068412	62186.13	23.39
0.9364	0.072612	-0.068435	62189.13	23.41
0.9386	0.072591	-0.068450	62192.13	23.46
0.9397	0.072670	-0.068418	62195.13	23.49
0.9435	0.072710	-0.068419	62198.13	23.58
0.9446	0.072594	-0.068536	62201.13	23.61
0.9435	0.072536	-0.068555	62204.13	23.58
0.9468	0.072524	-0.068618	62207.13	23.66
0.9473	0.072482	-0.068674	62210.13	23.68
0.9506	0.072413	-0.068728	62213.13	23.76
0.9528	0.072455	-0.068737	62216.13	23.81
0.9539	0.072542	-0.068606	62219.13	23.84
0.9566	0.072682	-0.068480	62222.13	23.91
0.9577	0.072654	-0.068518	62225.13	23.94
0.9610	0.072678	-0.068614	62228.13	24.02
0.9615	0.072645	-0.068540	62231.13	24.03
0.9632	0.072685	-0.068529	62234.13	24.07
0.9637	0.072690	-0.068565	62237.13	24.08
0.9665	0.072695	-0.068566	62240.13	24.15
0.9681	0.072626	-0.068608	62243.13	24.19
0.9692	0.072561	-0.068756	62246.13	24.22
0.9719	0.072466	-0.068778	62249.13	24.29
0.9714	0.072549	-0.068709	62252.13	24.27
0.9730	0.072521	-0.068737	62255.13	24.32
0.9752	0.072568	-0.068736	62258.13	24.37
0.9747	0.072514	-0.068784	62261.13	24.36
0.9779	0.072567	-0.068766	62264.13	24.44
0.9779	0.072545	-0.068807	62267.13	24.44
0.9796	0.072597	-0.068752	62270.13	24.48
0.9801	0.072560	-0.068822	62273.13	24.49
0.9823	0.072509	-0.068830	62276.13	24.55
0.9845	0.072474	-0.068862	62279.13	24.60
0.9856	0.072460	-0.068905	62282.13	24.63
0.9878	0.072476	-0.068804	62285.13	24.68
0.9894	0.072490	-0.068863	62288.13	24.72
0.9911	0.072469	-0.068962	62291.13	24.76
0.9916	0.072454	-0.068939	62294.13	24.78
0.9916	0.072522	-0.068906	62297.13	24.78
0.9933	0.072518	-0.068920	62300.13	24.82
0.9960	0.072515	-0.068903	62303.13	24.88
0.9965	0.072529	-0.068930	62306.13	24.90
0.9965	0.072504	-0.068921	62309.13	24.90
0.9982	0.072533	-0.068848	62312.13	24.94
0.9998	0.072574	-0.068851	62315.13	24.98
1.0026	0.072629	-0.068820	62318.13	25.05
1.0031	0.072623	-0.068847	62321.13	25.06
1.0058	0.072690	-0.068742	62324.13	25.13
1.0053	0.072717	-0.068756	62327.13	25.11
1.0086	0.072778	-0.068690	62330.13	25.20
1.0102	0.072805	-0.068692	62333.13	25.24
1.0108	0.072767	-0.068737	62336.13	25.25
1.0113	0.072753	-0.068737	62339.13	25.26
1.0140	0.072793	-0.068702	62342.13	25.33
1.0135	0.072803	-0.068665	62345.13	25.32
1.0168	0.072845	-0.068679	62348.13	25.40
1.0184	0.072889	-0.068686	62351.13	25.44
1.0179	0.072898	-0.068696	62354.13	25.43
1.0179	0.072876	-0.068725	62357.13	25.43
1.0222	0.072843	-0.068722	62360.13	25.53
1.0228	0.072771	-0.068785	62363.13	25.55
1.0222	0.072826	-0.068779	62366.13	25.53
1.0244	0.072742	-0.068881	62369.13	25.59
1.0244	0.072720	-0.068941	62372.13	25.59
1.0266	0.072595	-0.069024	62375.13	25.64
1.0294	0.072566	-0.069105	62378.13	25.71
1.0288	0.072555	-0.069011	62381.13	25.70
1.0288	0.072698	-0.068963	62384.13	25.70
1.0310	0.072759	-0.068881	62387.13	25.75
1.0310	0.072752	-0.068852	62390.13	25.75
1.0332	0.072692	-0.068992	62393.13	25.81
1.0337	0.072713	-0.068934	62396.13	25.82
1.0343	0.072669	-0.069028	62399.13	25.83
1.0370	0.072695	-0.068994	62402.13	25.90
1.0376	0.072740	-0.068940	62405.13	25.91
1.0376	0.072784	-0.068867	62408.13	25.91
1.0387	0.072783	-0.068890	62411.13	25.94
1.0392	0.072868	-0.068840	62414.13	25.95
1.0425	0.072874	-0.068791	62417.13	26.04
1.0425	0.072954	-0.068760	62420.13	26.04
1.0441	0.072982	-0.068717	62423.13	26.08
1.0447	0.072984	-0.068731	62426.13	26.09
1.0458	0.073004	-0.068728	62429.13	26.12
1.0469	0.073025	-0.068769	62432.13	26.14
1.0480	0.073004	-0.068682	62435.13	26.17
1.0490	0.073108	-0.068660	62438.13	26.20
1.0496	0.073077	-0.068709	62441.13	26.21
1.0501	0.073010	-0.068765	62444.13	26.22
1.0523	0.072896	-0.068838	62447.13	26.28
1.0529	0.072912	-0.068805	62450.13	26.29
1.0545	0.072935	-0.068833	62453.13	26.33
1.0573	0.072932	-0.068844	62456.13	26.40
1.0573	0.072909	-0.068904	62459.13	26.40
1.0600	0.072857	-0.068894	62462.13	26.47
1.0556	0.073321	-0.068411	62465.13	26.36
1.0310	0.071941	-0.070079	62468.13	25.75
0.9933	0.071258	-0.070500	62471.13	24.82
0.9681	0.070451	-0.071086	62474.13	24.19
0.9424	0.069742	-0.071701	62477.13	23.56
0.9107	0.068900	-0.072195	62480.13	22.77
0.8806	0.068266	-0.072540	62483.13	22.02
0.8489	0.067700	-0.072915	62486.13	21.23
0.8177	0.067208	-0.073192	62489.13	20.46
0.7892	0.066758	-0.073415	62492.13	19.75
0.7564	0.066411	-0.073576	62495.13	18.93
0.7269	0.066027	-0.073721	62498.13	18.20
0.6952	0.065715	-0.073848	62501.13	17.41
0.6662	0.065495	-0.073910	62504.13	16.69
0.6356	0.065263	-0.073951	62507.13	15.92
0.6104	0.065021	-0.073959	62510.13	15.29
0.5798	0.064880	-0.073961	62513.13	14.53
0.5497	0.064786	-0.073985	62516.13	13.78
0.5229	0.064671	-0.073994	62519.13	13.11
0.4972	0.064576	-0.073953	62522.13	12.46
0.4698	0.064556	-0.073901	62525.13	11.78
0.4436	0.064516	-0.073895	62528.13	11.12
0.4184	0.064564	-0.073791	62531.13	10.49
0.3933	0.064599	-0.073654	62534.13	9.86
0.3686	0.064704	-0.073549	62537.13	9.25
0.3468	0.064786	-0.073449	62540.13	8.70
0.3211	0.065032	-0.073408	62543.13	8.05
0.3008	0.065189	-0.073345	62546.13	7.55
0.2784	0.065485	-0.073263	62549.13	6.98
0.2593	0.065771	-0.073227	62552.13	6.50
0.2396	0.065998	-0.073125	62555.13	6.01
0.2215	0.066253	-0.073018	62558.13	5.56
0.2040	0.066469	-0.072996	62561.13	5.12
0.1871	0.066701	-0.072886	62564.13	4.69
0.1723	0.067098	-0.073018	62567.13	4.32
0.1570	0.067516	-0.073004	62570.13	3.94
0.1433	0.067782	-0.073001	62573.13	3.60
0.1285	0.068281	-0.073038	62576.13	3.22
0.1170	0.068541	-0.073067	62579.13	2.94
0.1050	0.068796	-0.073113	62582.13	2.63
0.0946	0.069015	-0.073196	62585.13	2.37
0.0831	0.069367	-0.073317	62588.13	2.09
0.0727	0.069602	-0.073477	62591.13	1.83
0.0645	0.070001	-0.073826	62594.13	1.62
0.0558	0.070375	-0.074110	62597.13	1.40
0.0470	0.070611	-0.074398	62600.13	1.18
0.0383	0.070961	-0.074917	62603.13	0.96
0.0306	0.071484	-0.075351	62606.13	0.77
0.0224	0.071811	-0.075704	62609.13	0.56
0.0148	0.072023	-0.076036	62612.13	0.37
0.0082	0.072003	-0.076068	62615.13	0.21
0.0005	0.072195	-0.076482	62618.13	0.01
-0.0066	0.072399	-0.076866	62621.13	-0.17
-0.0131	0.072734	-0.077327	62624.13	-0.33
-0.0191	0.072936	-0.077794	62627.13	-0.48
-0.0279	0.073166	-0.078140	62630.13	-0.70
-0.0345	0.073330	-0.078745	62633.13	-0.87
-0.0421	0.073692	-0.079286	62636.13	-1.06
-0.0454	0.073808	-0.079575	62639.13	-1.15
-0.0520	0.073768	-0.079866	62642.13	-1.31
-0.0591	0.073912	-0.080244	62645.13	-1.49
-0.0678	0.074037	-0.080692	62648.13	-1.71
-0.0738	0.074145	-0.081186	62651.13	-1.86
-0.0831	0.074481	-0.081771	62654.13	-2.10
-0.0913	0.074618	-0.082290	62657.13	-2.31
-0.0985	0.074756	-0.082804	62660.13	-2.49
-0.1045	0.074863	-0.083299	62663.13	-2.64
-0.1143	0.075018	-0.083778	62666.13	-2.89
-0.1236	0.075184	-0.084240	62669.13	-3.13
-0.1335	0.075276	-0.084686	62672.13	-3.38
-0.1417	0.075316	-0.085159	62675.13	-3.59
-0.1521	0.075390	-0.085644	62678.13	-3.85
-0.1614	0.075447	-0.086163	62681.13	-4.09
-0.1728	0.075475	-0.086501	62684.13	-4.38
-0.1832	0.075499	-0.087081	62687.13	-4.65
-0.1947	0.075781	-0.087544	62690.13	-4.94
-0.2073	0.075922	-0.087970	62693.13	-5.26
-0.2188	0.076051	-0.088336	62696.13	-5.55
-0.2292	0.076180	-0.088750	62699.13	-5.82
-0.2434	0.076244	-0.089065	62702.13	-6.18
-0.2565	0.076352	-0.089426	62705.13	-6.52
-0.2696	0.076333	-0.089759	62708.13	-6.86
-0.2817	0.076434	-0.090046	62711.13	-7.16
-0.2937	0.076529	-0.090394	62714.13	-7.47
-0.3079	0.076636	-0.090632	62717.13	-7.84
-0.3183	0.076753	-0.090881	62720.13	-8.10
-0.3309	0.076900	-0.091066	62723.13	-8.43
-0.3446	0.077030	-0.091219	62726.13	-8.78
-0.3572	0.077202	-0.091454	62729.13	-9.10
-0.3697	0.077352	-0.091600	62732.13	-9.43
-0.3834	0.077540	-0.091737	62735.13	-9.78
-0.3960	0.077745	-0.091763	62738.13	-10.10
-0.4080	0.077893	-0.091840	62741.13	-10.41
-0.4233	0.078014	-0.091898	62744.13	-10.81
-0.4326	0.078188	-0.091935	62747.13	-11.05
-0.4469	0.078386	-0.091966	62750.13	-11.41
-0.4589	0.078574	-0.091959	62753.13	-11.73
-0.4704	0.078695	-0.092003	62756.13	-12.02
-0.4846	0.078829	-0.091992	62759.13	-12.39
-0.4988	0.079000	-0.091898	62762.13	-12.76
-0.5119	0.079149	-0.091868	62765.13	-13.10
-0.5234	0.079305	-0.091775	62768.13	-13.40
-0.5360	0.079434	-0.091775	62771.13	-13.72
-0.5497	0.079550	-0.091729	62774.13	-14.08
-0.5612	0.079756	-0.091644	62777.13	-14.37
-0.5737	0.079837	-0.091568	62780.13	-14.70
-0.5825	0.079929	-0.091512	62783.13	-14.93
-0.5956	0.080036	-0.091473	62786.13	-15.27
-0.6077	0.080185	-0.091377	62789.13	-15.58
-0.6197	0.080258	-0.091343	62792.13	-15.89
-0.6328	0.080355	-0.091242	62795.13	-16.23
-0.6443	0.080447	-0.091197	62798.13	-16.53
-0.6547	0.080529	-0.091146	62801.13	-16.80
-0.6667	0.080596	-0.091085	62804.13	-17.12
-0.6782	0.080683	-0.091018	62807.13	-17.42
-0.6913	0.080777	-0.090969	62810.13	-17.76
-0.7028	0.080800	-0.090902	62813.13	-18.06
-0.7127	0.080891	-0.090850	62816.13	-18.31
-0.7247	0.080922	-0.090771	62819.13	-18.63
-0.7356	0.081033	-0.090693	62822.13	-18.91
-0.7482	0.081064	-0.090607	62825.13	-19.24
-0.7581	0.081104	-0.090570	62828.13	-19.50
-0.7706	0.081140	-0.090523	62831.13	-19.83
-0.7805	0.081196	-0.090484	62834.13	-20.09
-0.7925	0.081233	-0.090412	62837.13	-20.40
-0.8018	0.081270	-0.090346	62840.13	-20.64
-0.8117	0.081297	-0.090305	62843.13	-20.90
-0.8210	0.081357	-0.090240	62846.13	-21.15
-0.8330	0.081378	-0.090201	62849.13	-21.46
-0.8439	0.081369	-0.090148	62852.13	-21.75
-0.8532	0.081400	-0.090082	62855.13	-21.99
-0.8653	0.081438	-0.090030	62858.13	-22.31
-0.8751	0.081416	-0.089969	62861.13	-22.57
-0.8850	0.081480	-0.089955	62864.13	-22.83
-0.8943	0.081483	-0.089852	62867.13	-23.07
-0.9036	0.081486	-0.089804	62870.13	-23.31
-0.9140	0.081500	-0.089776	62873.13	-23.59
-0.9243	0.081537	-0.089700	62876.13	-23.86
-0.9336	0.081487	-0.089641	62879.13	-24.11
-0.9429	0.081505	-0.089610	62882.13	-24.35
-0.9522	0.081527	-0.089546	62885.13	-24.60
-0.9626	0.081549	-0.089505	62888.13	-24.87
-0.9697	0.081570	-0.089439	62891.13	-25.06
-0.9796	0.081586	-0.089419	62894.13	-25.32
-0.9905	0.081551	-0.089377	62897.13	-25.61
-0.9971	0.081577	-0.089309	62900.13	-25.78
-1.0080	0.081604	-0.089248	62903.13	-26.07
-1.0179	0.081563	-0.089237	62906.13	-26.33
-1.0250	0.081582	-0.089160	62909.13	-26.52
-1.0337	0.081573	-0.089132	62912.13	-26.75
-1.0430	0.081552	-0.089077	62915.13	-27.00
-1.0512	0.081586	-0.089056	62918.13	-27.21
-1.0627	0.081560	-0.089025	62921.13	-27.52
-1.0682	0.081543	-0.088963	62924.13	-27.66
-1.0775	0.081561	-0.088931	62927.13	-27.91
-1.0857	0.081589	-0.088858	62930.13	-28.13
-1.0939	0.081548	-0.088832	62933.13	-28.35
-1.1016	0.081560	-0.088782	62936.13	-28.55
-1.1092	0.081563	-0.088756	62939.13	-28.75
-1.1196	0.081550	-0.088704	62942.13	-29.03
-1.1262	0.081547	-0.088647	62945.13	-29.20
-1.1327	0.081530	-0.088644	62948.13	-29.38
-1.1431	0.081520	-0.088593	62951.13	-29.65
-1.1491	0.081557	-0.088579	62954.13	-29.81
-1.1557	0.081516	-0.088504	62957.13	-29.99
-1.1650	0.081541	-0.088452	62960.13	-30.24
-1.1721	0.081517	-0.088430	62963.13	-30.43
-1.1798	0.081516	-0.088362	62966.13	-30.63
-1.1880	0.081481	-0.088341	62969.13	-30.85
-1.1940	0.081516	-0.088327	62972.13	-31.01
-1.2006	0.081447	-0.088273	62975.13	-31.19
-1.2088	0.081485	-0.088288	62978.13	-31.41
-1.2170	0.081459	-0.088191	62981.13	-31.62
-1.2246	0.081428	-0.088180	62984.13	-31.83
-1.2312	0.081480	-0.088134	62987.13	-32.01
-1.2388	0.081416	-0.088115	62990.13	-32.21
-1.2443	0.081543	-0.087991	62993.13	-32.36
-1.2044	0.082110	-0.086924	62996.13	-31.29
-1.1661	0.083518	-0.086195	62999.13	-30.27
-1.1393	0.084218	-0.085878	63002.13	-29.55
-1.1191	0.084328	-0.085907	63005.13	-29.01
-1.0966	0.084618	-0.085868	63008.13	-28.42
-1.0709	0.085066	-0.085586	63011.13	-27.74
-1.0496	0.085118	-0.085716	63014.13	-27.17
-1.0266	0.085380	-0.085575	63017.13	-26.56
-1.0009	0.085611	-0.085541	63020.13	-25.88
-0.9725	0.085855	-0.085492	63023.13	-25.13
-0.9533	0.085937	-0.085608	63026.13	-24.63
-0.9331	0.086177	-0.085594	63029.13	-24.09
-0.9112	0.086556	-0.085215	63032.13	-23.52
-0.8904	0.086806	-0.085268	63035.13	-22.97
-0.8702	0.086901	-0.085501	63038.13	-22.44
-0.8483	0.086950	-0.085502	63041.13	-21.86
-0.8221	0.087056	-0.085489	63044.13	-21.17
-0.8062	0.087199	-0.085671	63047.13	-20.76
-0.7843	0.087102	-0.085778	63050.13	-20.19
-0.7586	0.087204	-0.085982	63053.13	-19.51
-0.7324	0.087166	-0.086036	63056.13	-18.83
-0.7072	0.087338	-0.085904	63059.13	-18.17
-0.6831	0.087457	-0.086022	63062.13	-17.54
-0.6602	0.087538	-0.086086	63065.13	-16.95
-0.6438	0.087686	-0.085980	63068.13	-16.52
-0.6181	0.087841	-0.085984	63071.13	-15.85
-0.5995	0.087996	-0.085966	63074.13	-15.37
-0.5787	0.088107	-0.085988	63077.13	-14.83
-0.5552	0.088241	-0.085939	63080.13	-14.22
-0.5327	0.088365	-0.085949	63083.13	-13.64
-0.5103	0.088377	-0.086004	63086.13	-13.06
-0.4928	0.088587	-0.085912	63089.13	-12.60
-0.4748	0.088653	-0.086034	63092.13	-12.14
-0.4540	0.088696	-0.085966	63095.13	-11.60
-0.4343	0.088834	-0.085918	63098.13	-11.09
-0.4162	0.088877	-0.085954	63101.13	-10.62
-0.4009	0.088963	-0.085917	63104.13	-10.23
-0.3829	0.088979	-0.085955	63107.13	-9.76
-0.3648	0.089102	-0.085862	63110.13	-9.30
-0.3468	0.089158	-0.085835	63113.13	-8.84
-0.3298	0.089163	-0.085901	63116.13	-8.40
-0.3123	0.089171	-0.085846	63119.13	-7.95
-0.2970	0.089208	-0.085837	63122.13	-7.56
-0.2833	0.089373	-0.085785	63125.13	-7.21
-0.2675	0.089377	-0.085797	63128.13	-6.80
-0.2500	0.089351	-0.085729	63131.13	-6.35
-0.2379	0.089389	-0.085649	63134.13	-6.04
-0.2199	0.089445	-0.085538	63137.13	-5.58
-0.2067	0.089411	-0.085448	63140.13	-5.25
-0.1942	0.089452	-0.085354	63143.13	-4.93
-0.1772	0.089382	-0.085234	63146.13	-4.49
-0.1641	0.089369	-0.085087	63149.13	-4.16
-0.1504	0.089264	-0.084942	63152.13	-3.81
-0.1411	0.089121	-0.084767	63155.13	-3.57
-0.1242	0.088992	-0.084529	63158.13	-3.14
-0.1127	0.088842	-0.084256	63161.13	-2.85
-0.1034	0.088778	-0.084016	63164.13	-2.61
-0.0908	0.088630	-0.083826	63167.13	-2.29
-0.0826	0.088463	-0.083522	63170.13	-2.09
-0.0782	0.088296	-0.083228	63173.13	-1.98
-0.0634	0.088185	-0.082806	63176.13	-1.60
-0.0536	0.088042	-0.082551	63179.13	-1.35
-0.0470	0.087864	-0.082261	63182.13	-1.19
-0.0366	0.087634	-0.082006	63185.13	-0.92
-0.0290	0.087360	-0.081688	63188.13	-0.73
-0.0202	0.087008	-0.081396	63191.13	-0.51
-0.0142	0.086711	-0.081115	63194.13	-0.36
-0.0055	0.086487	-0.081013	63197.13	-0.14
0.0005	0.086206	-0.080807	63200.13	0.01
0.0066	0.085816	-0.080776	63203.13	0.16
0.0126	0.085572	-0.080563	63206.13	0.32
0.0164	0.085547	-0.080190	63209.13	0.41
0.0213	0.085427	-0.080004	63212.13	0.54
0.0235	0.085263	-0.079938	63215.13	0.59
0.0279	0.085027	-0.079783	63218.13	0.70
0.0312	0.084834	-0.079602	63221.13	0.78
0.0339	0.084700	-0.079356	63224.13	0.85
0.0356	0.084627	-0.079086	63227.13	0.89
0.0372	0.084418	-0.078977	63230.13	0.93
0.0383	0.084230	-0.078655	63233.13	0.96
0.0410	0.084041	-0.078512	63236.13	1.03
0.0454	0.083853	-0.078264	63239.13	1.14
0.0503	0.083698	-0.078125	63242.13	1.26
0.0552	0.083502	-0.078046	63245.13	1.39
0.0574	0.083392	-0.077912	63248.13	1.44
0.0618	0.083133	-0.077651	63251.13	1.55
0.0645	0.082865	-0.077415	63254.13	1.62
0.0673	0.082713	-0.077177	63257.13	1.69
0.0667	0.082615	-0.076818	63260.13	1.67
0.0711	0.082434	-0.076602	63263.13	1.78
0.0793	0.082331	-0.076358	63266.13	1.99
0.0820	0.082143	-0.076226	63269.13	2.06
0.0881	0.081988	-0.076100	63272.13	2.21
0.0919	0.081765	-0.075972	63275.13	2.31
0.0946	0.081551	-0.075781	63278.13	2.37
0.0979	0.081296	-0.075567	63281.13	2.46
0.1039	0.080940	-0.075284	63284.13	2.61
0.1056	0.080643	-0.075049	63287.13	2.65
0.1121	0.080395	-0.074742	63290.13	2.81
0.1154	0.080217	-0.074595	63293.13	2.90
0.1209	0.080018	-0.074363	63296.13	3.03
0.1231	0.079762	-0.074178	63299.13	3.09
0.1291	0.079605	-0.073913	63302.13	3.24
0.1313	0.079374	-0.073754	63305.13	3.29
0.1340	0.079079	-0.073561	63308.13	3.36
0.1400	0.078913	-0.073359	63311.13	3.51
0.1455	0.078597	-0.073109	63314.13	3.65
0.1493	0.078409	-0.072881	63317.13	3.75
0.1553	0.078253	-0.072659	63320.13	3.90
0.1608	0.078002	-0.072545	63323.13	4.03
0.1657	0.077861	-0.072442	63326.13	4.16
0.1712	0.077624	-0.072331	63329.13	4.30
0.1761	0.077469	-0.072225	63332.13	4.42
0.1816	0.077206	-0.072104	63335.13	4.56
0.1865	0.077065	-0.071910	63338.13	4.68
0.1920	0.076747	-0.071673	63341.13	4.82
0.2002	0.076491	-0.071499	63344.13	5.02
0.2024	0.076166	-0.071345	63347.13	5.08
0.2067	0.075919	-0.071229	63350.13	5.19
0.2144	0.075751	-0.071084	63353.13	5.38
0.2204	0.075505	-0.070952	63356.13	5.53
0.2253	0.075263	-0.070818	63359.13	5.65
0.2308	0.075071	-0.070702	63362.13	5.79
0.2374	0.074967	-0.070658	63365.13	5.96
0.2407	0.074817	-0.070636	63368.13	6.04
0.2500	0.074693	-0.070588	63371.13	6.27
0.2582	0.074558	-0.070416	63374.13	6.48
0.2625	0.074296	-0.070333	63377.13	6.59
0.2653	0.074191	-0.070410	63380.13	6.66
0.2724	0.074198	-0.070297	63383.13	6.83
0.2789	0.074070	-0.070321	63386.13	7.00
0.2844	0.073950	-0.070244	63389.13	7.14
0.2904	0.073786	-0.070140	63392.13	7.29
0.2986	0.073667	-0.070041	63395.13	7.49
0.3063	0.073520	-0.069961	63398.13	7.68
0.3123	0.073487	-0.069892	63401.13	7.83
0.3211	0.073329	-0.069712	63404.13	8.05
0.3265	0.073167	-0.069633	63407.13	8.19
0.3331	0.072885	-0.069461	63410.13	8.36
0.3391	0.072840	-0.069409	63413.13	8.51
0.3440	0.072763	-0.069311	63416.13	8.63
0.3484	0.072684	-0.069230	63419.13	8.74
0.3572	0.072718	-0.069154	63422.13	8.96
0.3654	0.072694	-0.069056	63425.13	9.16
0.3708	0.072573	-0.069077	63428.13	9.30
0.3768	0.072452	-0.069042	63431.13	9.45
0.3872	0.072377	-0.069003	63434.13	9.71
0.3927	0.072401	-0.068919	63437.13	9.85
0.3976	0.072340	-0.068834	63440.13	9.97
0.4064	0.072277	-0.068819	63443.13	10.19
0.4129	0.072256	-0.068824	63446.13	10.36
0.4195	0.072244	-0.068826	63449.13	10.52
0.4261	0.072263	-0.068830	63452.13	10.68
0.4304	0.072210	-0.068846	63455.13	10.79
0.4392	0.072224	-0.068668	63458.13	11.01
0.4458	0.072284	-0.068629	63461.13	11.18
0.4540	0.072220	-0.068688	63464.13	11.38
0.4583	0.072191	-0.068710	63467.13	11.49
0.4644	0.072208	-0.068694	63470.13	11.64
0.4704	0.072196	-0.068700	63473.13	11.79
0.4764	0.072187	-0.068686	63476.13	11.94
0.4813	0.072199	-0.068691	63479.13	12.07
0.4890	0.072202	-0.068682	63482.13	12.26
0.4933	0.072220	-0.068654	63485.13	12.37
0.4983	0.072192	-0.068601	63488.13	12.49
0.5048	0.072219	-0.068626	63491.13	12.66
0.5114	0.072262	-0.068534	63494.13	12.82
0.5169	0.072258	-0.068534	63497.13	12.96
0.5234	0.072286	-0.068489	63500.13	13.12
0.5295	0.072285	-0.068479	63503.13	13.27
0.5333	0.072256	-0.068485	63506.13	13.37
0.5404	0.072296	-0.068430	63509.13	13.54
0.5437	0.072302	-0.068427	63512.13	13.63
0.5491	0.072321	-0.068420	63515.13	13.76
0.5557	0.072317	-0.068430	63518.13	13.93
0.5584	0.072278	-0.068445	63521.13	14.00
0.5639	0.072267	-0.068442	63524.13	14.13
0.5694	0.072292	-0.068425	63527.13	14.27
0.5732	0.072323	-0.068413	63530.13	14.36
0.5781	0.072342	-0.068388	63533.13	14.49
0.5863	0.072393	-0.068313	63536.13	14.69
0.5880	0.072423	-0.068298	63539.13	14.73
0.5951	0.072369	-0.068348	63542.13	14.91
0.5962	0.072446	-0.068390	63545.13	14.94
0.6049	0.072520	-0.068397	63548.13	15.16
0.6077	0.072490	-0.068437	63551.13	15.23
0.6131	0.072489	-0.068405	63554.13	15.36
0.6159	0.072506	-0.068388	63557.13	15.43
0.6213	0.072530	-0.068383	63560.13	15.57
0.6246	0.072508	-0.068419	63563.13	15.65
0.6284	0.072519	-0.068434	63566.13	15.74
0.6317	0.072534	-0.068441	63569.13	15.83
0.6356	0.072546	-0.068438	63572.13	15.92
0.6416	0.072613	-0.068356	63575.13	16.07
0.6443	0.072627	-0.068362	63578.13	16.14
0.6503	0.072640	-0.068338	63581.13	16.29
0.6536	0.072636	-0.068340	63584.13	16.37
0.6580	0.072627	-0.068324	63587.13	16.48
0.6602	0.072639	-0.068319	63590.13	16.54
0.6634	0.072715	-0.068315	63593.13	16.62
0.6684	0.072733	-0.068291	63596.13	16.74
0.6738	0.072733	-0.068352	63599.13	16.88
0.6782	0.072743	-0.068361	63602.13	16.99
0.6793	0.072679	-0.068404	63605.13	17.01
0.6881	0.072724	-0.068391	63608.13	17.23
0.6919	0.072724	-0.068325	63611.13	17.33
0.6924	0.072786	-0.068381	63614.13	17.34
0.6995	0.072800	-0.068396	63617.13	17.52
0.7028	0.072764	-0.068406	63620.13	17.60
0.7088	0.072742	-0.068424	63623.13	17.75
0.7127	0.072720	-0.068511	63626.13	17.85
0.7181	0.072764	-0.068499	63629.13	17.98
0.7181	0.072730	-0.068506	63632.13	17.98
0.7247	0.072740	-0.068573	63635.13	18.14
0.7269	0.072766	-0.068524	63638.13	18.20
0.7324	0.072794	-0.068482	63641.13	18.34
0.7373	0.072888	-0.068452	63644.13	18.46
0.7411	0.072843	-0.068453	63647.13	18.55
0.7471	0.072925	-0.068467	63650.13	18.70
0.7499	0.072821	-0.068588	63653.13	18.77
0.7504	0.072804	-0.068608	63656.13	18.79
0.7564	0.072798	-0.068664	63659.13	18.93
0.7646	0.072798	-0.068659	63662.13	19.14
0.7663	0.072780	-0.068726	63665.13	19.18
0.7685	0.072795	-0.068717	63668.13	19.23
0.7739	0.072781	-0.068733	63671.13	19.37
0.7794	0.072786	-0.068829	63674.13	19.51
0.7800	0.072787	-0.068804	63677.13	19.52
0.7854	0.072792	-0.068787	63680.13	19.66
0.7898	0.072787	-0.068854	63683.13	19.77
0.7964	0.072842	-0.068806	63686.13	19.93
0.8002	0.072841	-0.068831	63689.13	20.02
0.8035	0.072841	-0.068793	63692.13	20.11
0.8084	0.072942	-0.068787	63695.13	20.23
0.8117	0.072914	-0.068805	63698.13	20.31
0.8182	0.072949	-0.068848	63701.13	20.47
0.8215	0.072924	-0.068822	63704.13	20.55
0.8248	0.072992	-0.068810	63707.13	20.64
0.8281	0.073004	-0.068843	63710.13	20.72
0.8341	0.072975	-0.068854	63713.13	20.87
0.8379	0.073020	-0.068857	63716.13	20.96
0.8412	0.072995	-0.068904	63719.13	21.04
0.8461	0.072973	-0.068887	63722.13	21.17
0.8489	0.073052	-0.068947	63725.13	21.23
0.8538	0.073028	-0.068945	63728.13	21.36
0.8582	0.073042	-0.068941	63731.13	21.47
0.8604	0.073029	-0.068972	63734.13	21.52
0.8664	0.073085	-0.068939	63737.13	21.67
0.8691	0.073109	-0.068941	63740.13	21.74
0.8735	0.073082	-0.069015	63743.13	21.85
0.8768	0.073071	-0.069042	63746.13	21.93
0.8795	0.073088	-0.069030	63749.13	22.00
0.8839	0.073086	-0.068979	63752.13	22.10
0.8888	0.073135	-0.069034	63755.13	22.23
0.8921	0.073116	-0.069090	63758.13	22.31
0.8965	0.073149	-0.069070	63761.13	22.42
0.9003	0.073123	-0.069137	63764.13	22.51
0.9025	0.073163	-0.069102	63767.13	22.57
0.9068	0.073190	-0.069123	63770.13	22.67
0.9107	0.073145	-0.069151	63773.13	22.77
0.9145	0.073222	-0.069064	63776.13	22.86
0.9172	0.073241	-0.069101	63779.13	22.93
0.9194	0.073225	-0.069133	63782.13	22.99
0.9238	0.073198	-0.069123	63785.13	23.09
0.9298	0.073220	-0.069197	63788.13	23.24
0.9309	0.073214	-0.069214	63791.13	23.27
0.9347	0.073212	-0.069250	63794.13	23.37
0.9353	0.073142	-0.069272	63797.13	23.38
0.9386	0.073166	-0.069234	63800.13	23.46
0.9424	0.073228	-0.069252	63803.13	23.56
0.9451	0.073280	-0.069243	63806.13	23.62
0.9511	0.073314	-0.069223	63809.13	23.77
0.9544	0.073307	-0.069246	63812.13	23.85
0.9577	0.073286	-0.069259	63815.13	23.94
0.9621	0.073293	-0.069292	63818.13	24.04
0.9637	0.073347	-0.069288	63821.13	24.08
0.9681	0.073345	-0.069264	63824.13	24.19
0.9703	0.073346	-0.069319	63827.13	24.25
0.9714	0.073373	-0.069304	63830.13	24.27
0.9747	0.073383	-0.069338	63833.13	24.36
0.9801	0.073365	-0.069339	63836.13	24.49
0.9807	0.073314	-0.069372	63839.13	24.50
0.9834	0.073387	-0.069345	63842.13	24.57
0.9862	0.073413	-0.069314	63845.13	24.64
0.9900	0.073409	-0.069347	63848.13	24.74
0.9944	0.073445	-0.069354	63851.13	24.84
0.9944	0.073435	-0.069377	63854.13	24.84
0.9982	0.073404	-0.069442	63857.13	24.94
1.0009	0.073395	-0.069457	63860.13	25.01
1.0031	0.073430	-0.069407	63863.13	25.06
1.0042	0.073478	-0.069383	63866.13	25.09
1.0064	0.073542	-0.069347	63869.13	25.14
1.0080	0.073501	-0.069390	63872.13	25.18
1.0097	0.073452	-0.069458	63875.13	25.22
1.0135	0.073407	-0.069484	63878.13	25.32
1.0173	0.073412	-0.069525	63881.13	25.41
1.0206	0.073421	-0.069543	63884.13	25.49
1.0222	0.073414	-0.069526	63887.13	25.53
1.0233	0.073435	-0.069577	63890.13	25.56
1.0272	0.073436	-0.069558	63893.13	25.66
1.0299	0.073425	-0.069602	63896.13	25.72
1.0321	0.073431	-0.069590	63899.13	25.78
1.0348	0.073479	-0.069578	63902.13	25.85
1.0365	0.073519	-0.069571	63905.13	25.89
1.0392	0.073468	-0.069616	63908.13	25.95
1.0414	0.073475	-0.069637	63911.13	26.01
1.0425	0.073466	-0.069597	63914.13	26.04
1.0452	0.073526	-0.069606	63917.13	26.10
1.0474	0.073587	-0.069580	63920.13	26.16
1.0501	0.073590	-0.069565	63923.13	26.22
1.0529	0.073580	-0.069553	63926.13	26.29
1.0562	0.073671	-0.069506	63929.13	26.37
1.0589	0.073691	-0.069482	63932.13	26.44
1.0627	0.073713	-0.069525	63935.13	26.54
1.0633	0.073700	-0.069543	63938.13	26.55
1.0649	0.073770	-0.069475	63941.13	26.59
1.0687	0.073782	-0.069502	63944.13	26.68
1.0698	0.073741	-0.069497	63947.13	26.71
1.0720	0.073742	-0.069535	63950.13	26.77
1.0758	0.073735	-0.069596	63953.13	26.86
1.0786	0.073724	-0.069581	63956.13	26.93
1.0808	0.073789	-0.069518	63959.13	26.98
1.0813	0.073859	-0.069507	63962.13	27.00
1.0846	0.073858	-0.069507	63965.13	27.08
1.0857	0.073912	-0.069516	63968.13	27.10
1.0901	0.073812	-0.069569	63971.13	27.21
1.0912	0.073851	-0.069574	63974.13	27.24
1.0917	0.073839	-0.069583	63977.13	27.25
1.0944	0.073818	-0.069582	63980.13	27.32
1.0966	0.073823	-0.069618	63983.13	27.37
1.0988	0.073804	-0.069650	63986.13	27.43
1.0999	0.073821	-0.069661	63989.13	27.46
1.1026	0.073840	-0.069651	63992.13	27.52
1.1054	0.073814	-0.069678	63995.13	27.59
1.1076	0.073863	-0.069635	63998.13	27.64
1.1092	0.073932	-0.069667	64001.13	27.69
1.1109	0.073794	-0.069708	64004.13	27.73
1.1114	0.073860	-0.069652	64007.13	27.74
1.1103	0.073940	-0.069610	64010.13	27.71
1.1136	0.073926	-0.069664	64013.13	27.79
1.1158	0.073881	-0.069689	64016.13	27.85
1.1174	0.073934	-0.069675	64019.13	27.89
1.1218	0.073924	-0.069686	64022.13	28.00
1.1223	0.073959	-0.069628	64025.13	28.01
1.1218	0.074355	-0.069463	64028.13	28.00
1.1021	0.073286	-0.070205	64031.13	27.51
1.1125	0.073533	-0.070089	64034.13	27.77
1.0704	0.072685	-0.070658	64037.13	26.73
1.0480	0.072766	-0.070402	64040.13	26.17
1.0277	0.072708	-0.070260	64043.13	25.67
1.0026	0.072750	-0.070046	64046.13	25.05
0.9790	0.072732	-0.069949	64049.13	24.46
0.9555	0.072690	-0.069758	64052.13	23.88
0.9282	0.072679	-0.069559	64055.13	23.20
0.9041	0.072665	-0.069382	64058.13	22.61
0.8784	0.072676	-0.069189	64061.13	21.97
0.8527	0.072680	-0.068990	64064.13	21.33
0.8253	0.072721	-0.068790	64067.13	20.65
0.8035	0.072730	-0.068615	64070.13	20.11
0.7767	0.072723	-0.068439	64073.13	19.44
0.7515	0.072736	-0.068229	64076.13	18.81
0.7291	0.072754	-0.068106	64079.13	18.25
0.7028	0.072793	-0.067926	64082.13	17.60
0.6799	0.072724	-0.067791	64085.13	17.03
0.6563	0.072720	-0.067683	64088.13	16.44
0.6334	0.072699	-0.067566	64091.13	15.87
0.6098	0.072668	-0.067423	64094.13	15.28
0.5880	0.072689	-0.067311	64097.13	14.73
0.5650	0.072634	-0.067166	64100.13	14.16
0.5437	0.072583	-0.067092	64103.13	13.63
0.5207	0.072600	-0.066989	64106.13	13.05
0.5005	0.072610	-0.066909	64109.13	12.55
0.4786	0.072615	-0.066895	64112.13	12.00
0.4567	0.072623	-0.066820	64115.13	11.45
0.4365	0.072678	-0.066776	64118.13	10.95
0.4168	0.072651	-0.066708	64121.13	10.45
0.3965	0.072656	-0.066678	64124.13	9.95
0.3768	0.072673	-0.066657	64127.13	9.45
0.3599	0.072759	-0.066688	64130.13	9.03
0.3408	0.072789	-0.066719	64133.13	8.55
0.3238	0.072805	-0.066688	64136.13	8.12
0.3074	0.072853	-0.066714	64139.13	7.71
0.2893	0.072939	-0.066745	64142.13	7.26
0.2729	0.073007	-0.066819	64145.13	6.85
0.2587	0.073088	-0.066866	64148.13	6.49
0.2434	0.073197	-0.066957	64151.13	6.11
0.2292	0.073305	-0.067181	64154.13	5.75
0.2155	0.073479	-0.067279	64157.13	5.41
0.2040	0.073528	-0.067484	64160.13	5.12
0.1882	0.073729	-0.067710	64163.13	4.72
0.1761	0.073913	-0.067888	64166.13	4.42
0.1668	0.073913	-0.068058	64169.13	4.19
0.1548	0.074110	-0.068278	64172.13	3.88
0.1439	0.074259	-0.068485	64175.13	3.61
0.1356	0.074357	-0.068701	64178.13	3.40
0.1231	0.074677	-0.068943	64181.13	3.09
0.1154	0.074817	-0.069191	64184.13	2.90
0.1056	0.075034	-0.069366	64187.13	2.65
0.0985	0.075268	-0.069550	64190.13	2.47
0.0908	0.075396	-0.069765	64193.13	2.28
0.0859	0.075617	-0.070199	64196.13	2.15
0.0782	0.075952	-0.070424	64199.13	1.96
0.0700	0.076218	-0.070665	64202.13	1.76
0.0624	0.076288	-0.070884	64205.13	1.56
0.0580	0.076404	-0.071140	64208.13	1.45
0.0503	0.076660	-0.071402	64211.13	1.26
0.0454	0.076847	-0.071638	64214.13	1.14
0.0383	0.077114	-0.071964	64217.13	0.96
0.0339	0.077290	-0.072111	64220.13	0.85
0.0284	0.077365	-0.072250	64223.13	0.71
0.0219	0.077510	-0.072479	64226.13	0.55
0.0181	0.077662	-0.072695	64229.13	0.45
0.0126	0.077898	-0.072996	64232.13	0.32
0.0038	0.078161	-0.073419	64235.13	0.10
0.0000	0.078386	-0.073668	64238.13	0.00
-0.0027	0.078646	-0.074073	64241.13	-0.07
-0.0082	0.078850	-0.074342	64244.13	-0.21
-0.0159	0.079046	-0.074615	64247.13	-0.40
-0.0197	0.079302	-0.074916	64250.13	-0.50
-0.0241	0.079477	-0.075137	64253.13	-0.61
-0.0284	0.079730	-0.075388	64256.13	-0.72
-0.0372	0.079906	-0.075671	64259.13	-0.94
-0.0383	0.080088	-0.075919	64262.13	-0.97
-0.0465	0.080222	-0.076145	64265.13	-1.17
-0.0531	0.080406	-0.076392	64268.13	-1.34
-0.0574	0.080583	-0.076581	64271.13	-1.45
-0.0613	0.080779	-0.076828	64274.13	-1.55
-0.0667	0.080957	-0.077081	64277.13	-1.68
-0.0733	0.081173	-0.077269	64280.13	-1.85
-0.0777	0.081374	-0.077592	64283.13	-1.96
-0.0864	0.081591	-0.077797	64286.13	-2.18
-0.0892	0.081937	-0.078138	64289.13	-2.25
-0.0985	0.082074	-0.078331	64292.13	-2.49
-0.1023	0.082285	-0.078512	64295.13	-2.59
-0.1116	0.082547	-0.078811	64298.13	-2.82
-0.1171	0.082755	-0.079022	64301.13	-2.96
-0.1225	0.082988	-0.079275	64304.13	-3.10
-0.1318	0.083271	-0.079518	64307.13	-3.34
-0.1356	0.083505	-0.079846	64310.13	-3.43
-0.1428	0.083747	-0.080030	64313.13	-3.61
-0.1526	0.083922	-0.080226	64316.13	-3.87
-0.1592	0.084088	-0.080450	64319.13	-4.03
-0.1663	0.084334	-0.080634	64322.13	-4.21
-0.1756	0.084559	-0.080841	64325.13	-4.45
-0.1827	0.084767	-0.081030	64328.13	-4.63
-0.1920	0.084974	-0.081185	64331.13	-4.87
-0.1996	0.085145	-0.081373	64334.13	-5.06
-0.2084	0.085308	-0.081533	64337.13	-5.29
-0.2166	0.085450	-0.081765	64340.13	-5.50
-0.2259	0.085635	-0.081916	64343.13	-5.74
-0.2363	0.085835	-0.082091	64346.13	-6.00
-0.2439	0.085972	-0.082178	64349.13	-6.20
-0.2516	0.086146	-0.082309	64352.13	-6.39
-0.2620	0.086298	-0.082445	64355.13	-6.66
-0.2707	0.086461	-0.082559	64358.13	-6.88
-0.2806	0.086585	-0.082628	64361.13	-7.14
-0.2888	0.086721	-0.082746	64364.13	-7.35
-0.3003	0.086791	-0.082876	64367.13	-7.64
-0.3085	0.086922	-0.082931	64370.13	-7.85
-0.3205	0.087059	-0.083025	64373.13	-8.16
-0.3276	0.087162	-0.083052	64376.13	-8.34
-0.3375	0.087259	-0.083119	64379.13	-8.60
-0.3473	0.087285	-0.083153	64382.13	-8.85
-0.3588	0.087394	-0.083188	64385.13	-9.15
-0.3665	0.087437	-0.083238	64388.13	-9.34
-0.3752	0.087492	-0.083299	64391.13	-9.57
-0.3845	0.087577	-0.083337	64394.13	-9.81
-0.3938	0.087631	-0.083366	64397.13	-10.05
-0.4037	0.087660	-0.083473	64400.13	-10.30
-0.4129	0.087699	-0.083498	64403.13	-10.54
-0.4228	0.087751	-0.083539	64406.13	-10.79
-0.4343	0.087816	-0.083593	64409.13	-11.09
-0.4425	0.087813	-0.083605	64412.13	-11.30
-0.4501	0.087873	-0.083661	64415.13	-11.50
-0.4600	0.087871	-0.083661	64418.13	-11.75
-0.4693	0.087896	-0.083715	64421.13	-11.99
-0.4775	0.087932	-0.083766	64424.13	-12.21
-0.4868	0.087928	-0.083789	64427.13	-12.45
-0.4966	0.087955	-0.083801	64430.13	-12.70
-0.5076	0.087980	-0.083823	64433.13	-12.98
-0.5147	0.087983	-0.083825	64436.13	-13.17
-0.5234	0.087979	-0.083857	64439.13	-13.40
-0.5333	0.087997	-0.083860	64442.13	-13.65
-0.5426	0.087999	-0.083897	64445.13	-13.89
-0.5513	0.088031	-0.083903	64448.13	-14.12
-0.5590	0.088018	-0.083970	64451.13	-14.32
-0.5661	0.087990	-0.083983	64454.13	-14.50
-0.5754	0.088026	-0.083982	64457.13	-14.74
-0.5858	0.088016	-0.084012	64460.13	-15.01
-0.5956	0.088013	-0.084013	64463.13	-15.27
-0.6006	0.088030	-0.083990	64466.13	-15.40
-0.6109	0.088017	-0.084008	64469.13	-15.67
-0.6202	0.088002	-0.084008	64472.13	-15.91
-0.6268	0.088024	-0.084053	64475.13	-16.08
-0.6361	0.087981	-0.084065	64478.13	-16.32
-0.6438	0.088011	-0.084033	64481.13	-16.52
-0.6514	0.088005	-0.084050	64484.13	-16.72
-0.6607	0.087968	-0.084057	64487.13	-16.96
-0.6678	0.087981	-0.084062	64490.13	-17.14
-0.6766	0.087956	-0.084075	64493.13	-17.37
-0.6831	0.087957	-0.084077	64496.13	-17.54
-0.6930	0.087929	-0.084064	64499.13	-17.80
-0.6995	0.087929	-0.084068	64502.13	-17.97
-0.7094	0.087918	-0.084022	64505.13	-18.23
-0.7138	0.087869	-0.084060	64508.13	-18.34
-0.7236	0.087887	-0.084066	64511.13	-18.60
-0.7307	0.087923	-0.084067	64514.13	-18.79
-0.7378	0.087894	-0.084026	64517.13	-18.97
-0.7444	0.087870	-0.084011	64520.13	-19.14
-0.7537	0.087891	-0.084038	64523.13	-19.39
-0.7603	0.087836	-0.084026	64526.13	-19.56
-0.7668	0.087855	-0.083999	64529.13	-19.73
-0.7745	0.087829	-0.084027	64532.13	-19.93
-0.7821	0.087793	-0.084025	64535.13	-20.13
-0.7887	0.087776	-0.084028	64538.13	-20.30
-0.7964	0.087780	-0.083970	64541.13	-20.50
-0.8046	0.087774	-0.083995	64544.13	-20.72
-0.8122	0.087761	-0.083982	64547.13	-20.92
-0.8155	0.087714	-0.083961	64550.13	-21.00
-0.8237	0.087671	-0.083975	64553.13	-21.22
-0.8319	0.087684	-0.083997	64556.13	-21.43
-0.8374	0.087657	-0.083978	64559.13	-21.58
-0.8461	0.087642	-0.083945	64562.13	-21.81
-0.8516	0.087630	-0.083951	64565.13	-21.95
-0.8587	0.087625	-0.083961	64568.13	-22.14
-0.8658	0.087622	-0.083953	64571.13	-22.32
-0.8713	0.087606	-0.083909	64574.13	-22.47
-0.8789	0.087566	-0.083905	64577.13	-22.67
-0.8866	0.087586	-0.083874	64580.13	-22.87
-0.8910	0.087574	-0.083890	64583.13	-22.98
-0.8959	0.087531	-0.083870	64586.13	-23.11
-0.9036	0.087523	-0.083869	64589.13	-23.31
-0.9101	0.087494	-0.083853	64592.13	-23.49
-0.9167	0.087503	-0.083819	64595.13	-23.66
-0.9227	0.087452	-0.083859	64598.13	-23.82
-0.9293	0.087398	-0.083840	64601.13	-23.99
-0.9358	0.087423	-0.083815	64604.13	-24.16
-0.9418	0.087410	-0.083812	64607.13	-24.32
-0.9468	0.087366	-0.083825	64610.13	-24.45
-0.9506	0.087361	-0.083767	64613.13	-24.55
-0.9594	0.087335	-0.083770	64616.13	-24.78
-0.9643	0.087339	-0.083744	64619.13	-24.91
-0.9697	0.087349	-0.083728	64622.13	-25.06
-0.9769	0.087318	-0.083696	64625.13	-25.25
-0.9829	0.087306	-0.083725	64628.13	-25.40
-0.9889	0.087297	-0.083694	64631.13	-25.56
-0.9927	0.087276	-0.083714	64634.13	-25.66
-0.9976	0.087225	-0.083730	64637.13	-25.79
-1.0058	0.087193	-0.083685	64640.13	-26.01
-1.0102	0.087182	-0.083678	64643.13	-26.13
-1.0162	0.087185	-0.083675	64646.13	-26.29
-1.0190	0.087142	-0.083670	64649.13	-26.36
-1.0250	0.087130	-0.083663	64652.13	-26.52
-1.0332	0.087131	-0.083660	64655.13	-26.74
-1.0370	0.087105	-0.083634	64658.13	-26.84
-1.0408	0.087052	-0.083605	64661.13	-26.94
-1.0474	0.087083	-0.083646	64664.13	-27.11
-1.0523	0.087067	-0.083582	64667.13	-27.24
-1.0611	0.087025	-0.083545	64670.13	-27.47
-1.0644	0.087055	-0.083569	64673.13	-27.56
-1.0655	0.087002	-0.083541	64676.13	-27.59
-1.0731	0.087015	-0.083490	64679.13	-27.79
-1.0775	0.087024	-0.083510	64682.13	-27.91
-1.0819	0.086956	-0.083515	64685.13	-28.03
-1.0879	0.086987	-0.083511	64688.13	-28.19
-1.0928	0.086932	-0.083450	64691.13	-28.32
-1.0977	0.086963	-0.083452	64694.13	-28.45
-1.1021	0.086907	-0.083453	64697.13	-28.56
-1.1048	0.086905	-0.083426	64700.13	-28.64
-1.1119	0.086889	-0.083417	64703.13	-28.82
-1.1163	0.086855	-0.083403	64706.13	-28.94
-1.1218	0.086853	-0.083385	64709.13	-29.09
-1.1245	0.086825	-0.083430	64712.13	-29.16
-1.1294	0.086803	-0.083391	64715.13	-29.29
-1.1344	0.086784	-0.083374	64718.13	-29.42
-1.1398	0.086794	-0.083371	64721.13	-29.57
-1.1448	0.086775	-0.083330	64724.13	-29.70
-1.1491	0.086735	-0.083331	64727.13	-29.81
-1.1541	0.086770	-0.083305	64730.13	-29.95
-1.1568	0.086739	-0.083317	64733.13	-30.02
-1.1617	0.086695	-0.083304	64736.13	-30.15
-1.1655	0.086676	-0.083281	64739.13	-30.25
-1.1710	0.086711	-0.083252	64742.13	-30.40
-1.1743	0.086700	-0.083244	64745.13	-30.49
-1.1781	0.086658	-0.083193	64748.13	-30.59
-1.1825	0.086655	-0.083236	64751.13	-30.70
-1.1880	0.086632	-0.083246	64754.13	-30.85
-1.1923	0.086563	-0.083278	64757.13	-30.97
-1.1956	0.086589	-0.083200	64760.13	-31.05
-1.1989	0.086573	-0.083209	64763.13	-31.14
-1.2027	0.086550	-0.083224	64766.13	-31.24
-1.2088	0.086527	-0.083205	64769.13	-31.41
-1.2120	0.086530	-0.083215	64772.13	-31.49
-1.2148	0.086486	-0.083162	64775.13	-31.57
-1.2186	0.086500	-0.083112	64778.13	-31.67
-1.2224	0.086524	-0.083079	64781.13	-31.77
-1.2268	0.086549	-0.083043	64784.13	-31.89
-1.2295	0.086544	-0.083030	64787.13	-31.96
-1.2367	0.086517	-0.083025	64790.13	-32.15
-1.2377	0.086517	-0.083013	64793.13	-32.18
-1.2438	0.086515	-0.083004	64796.13	-32.34
-1.2449	0.086517	-0.083023	64799.13	-32.37
-1.2492	0.086432	-0.083036	64802.13	-32.49
-1.2536	0.086450	-0.082990	64805.13	-32.61
-1.2427	0.087728	-0.081698	64808.13	-32.31
-1.1852	0.088137	-0.081280	64811.13	-30.78
-1.1508	0.088284	-0.081695	64814.13	-29.86
-1.1360	0.088336	-0.082054	64817.13	-29.46
-1.1081	0.087990	-0.082529	64820.13	-28.72
-1.0819	0.088075	-0.082703	64823.13	-28.03
-1.0578	0.088042	-0.082744	64826.13	-27.39
-1.0321	0.088313	-0.082861	64829.13	-26.71
-1.0058	0.088143	-0.083168	64832.13	-26.01
-0.9829	0.088206	-0.083204	64835.13	-25.40
-0.9632	0.088280	-0.083371	64838.13	-24.88
-0.9402	0.088318	-0.083520	64841.13	-24.28
-0.9118	0.088328	-0.083642	64844.13	-23.53
-0.8861	0.088378	-0.083754	64847.13	-22.85
-0.8625	0.088440	-0.083872	64850.13	-22.24
-0.8390	0.088558	-0.083960	64853.13	-21.62
-0.8182	0.088593	-0.084130	64856.13	-21.07
-0.7920	0.088803	-0.084126	64859.13	-20.39
-0.7717	0.088736	-0.084328	64862.13	-19.86
-0.7482	0.088738	-0.084396	64865.13	-19.24
-0.7247	0.088712	-0.084522	64868.13	-18.63
-0.7045	0.088886	-0.084488	64871.13	-18.10
-0.6788	0.089060	-0.084631	64874.13	-17.43
-0.6629	0.089198	-0.084529	64877.13	-17.02
-0.6421	0.089218	-0.084681	64880.13	-16.48
-0.6186	0.089153	-0.084853	64883.13	-15.86
-0.5956	0.089227	-0.084949	64886.13	-15.27
-0.5727	0.089252	-0.085050	64889.13	-14.67
-0.5557	0.089250	-0.085146	64892.13	-14.23
-0.5344	0.089295	-0.085131	64895.13	-13.68
-0.5130	0.089375	-0.085167	64898.13	-13.13
-0.4933	0.089467	-0.085168	64901.13	-12.62
-0.4764	0.089534	-0.085248	64904.13	-12.18
-0.4567	0.089560	-0.085316	64907.13	-11.67
-0.4381	0.089599	-0.085271	64910.13	-11.19
-0.4222	0.089692	-0.085326	64913.13	-10.78
-0.4031	0.089669	-0.085417	64916.13	-10.29
-0.3856	0.089684	-0.085453	64919.13	-9.84
-0.3648	0.089732	-0.085452	64922.13	-9.30
-0.3511	0.089707	-0.085529	64925.13	-8.95
-0.3342	0.089719	-0.085552	64928.13	-8.51
-0.3167	0.089719	-0.085562	64931.13	-8.06
-0.3003	0.089686	-0.085598	64934.13	-7.64
-0.2811	0.089794	-0.085605	64937.13	-7.15
-0.2691	0.089825	-0.085571	64940.13	-6.84
-0.2521	0.089807	-0.085622	64943.13	-6.41
-0.2352	0.089854	-0.085488	64946.13	-5.97
-0.2264	0.090009	-0.085382	64949.13	-5.75
-0.2128	0.089903	-0.085464	64952.13	-5.40
-0.1947	0.089886	-0.085314	64955.13	-4.94
-0.1821	0.089874	-0.085265	64958.13	-4.62
-0.1685	0.089879	-0.085177	64961.13	-4.27
-0.1537	0.089791	-0.084998	64964.13	-3.89
-0.1395	0.089635	-0.084825	64967.13	-3.53
-0.1318	0.089545	-0.084636	64970.13	-3.34
-0.1192	0.089389	-0.084416	64973.13	-3.02
-0.1110	0.089180	-0.084211	64976.13	-2.81
-0.1001	0.089049	-0.084028	64979.13	-2.53
-0.0892	0.088830	-0.083814	64982.13	-2.25
-0.0809	0.088738	-0.083526	64985.13	-2.04
-0.0678	0.088548	-0.083237	64988.13	-1.71
-0.0580	0.088377	-0.082886	64991.13	-1.46
-0.0492	0.088249	-0.082484	64994.13	-1.24
-0.0372	0.087930	-0.082130	64997.13	-0.94
-0.0279	0.087677	-0.081829	65000.13	-0.70
-0.0224	0.087447	-0.081558	65003.13	-0.57
-0.0153	0.087162	-0.081274	65006.13	-0.39
-0.0093	0.086949	-0.081145	65009.13	-0.23
-0.0022	0.086613	-0.080926	65012.13	-0.06
-0.0011	0.086287	-0.080863	65015.13	-0.03
0.0049	0.085857	-0.080826	65018.13	0.12
0.0049	0.085707	-0.080535	65021.13	0.12
0.0115	0.085587	-0.080357	65024.13	0.29
0.0153	0.085490	-0.080149	65027.13	0.38
0.0219	0.085122	-0.080029	65030.13	0.55
0.0241	0.084993	-0.079894	65033.13	0.60
0.0301	0.084869	-0.079745	65036.13	0.75
0.0334	0.084788	-0.079490	65039.13	0.84
0.0356	0.084530	-0.079402	65042.13	0.89
0.0377	0.084327	-0.079209	65045.13	0.95
0.0388	0.084093	-0.078927	65048.13	0.97
0.0405	0.083889	-0.078758	65051.13	1.02
0.0432	0.083702	-0.078540	65054.13	1.08
0.0476	0.083594	-0.078315	65057.13	1.19
0.0514	0.083380	-0.078190	65060.13	1.29
0.0558	0.083174	-0.078039	65063.13	1.40
0.0624	0.082901	-0.077739	65066.13	1.56
0.0634	0.082742	-0.077645	65069.13	1.59
0.0684	0.082570	-0.077373	65072.13	1.72
0.0722	0.082373	-0.077158	65075.13	1.81
0.0755	0.082215	-0.076870	65078.13	1.89
0.0837	0.082142	-0.076691	65081.13	2.10
0.0859	0.081916	-0.076499	65084.13	2.15
0.0902	0.081622	-0.076380	65087.13	2.26
0.0924	0.081437	-0.076256	65090.13	2.32
0.0968	0.081310	-0.076079	65093.13	2.43
0.1006	0.081019	-0.075853	65096.13	2.52
0.1045	0.080815	-0.075699	65099.13	2.62
0.1099	0.080671	-0.075488	65102.13	2.76
0.1127	0.080477	-0.075350	65105.13	2.83
0.1160	0.080304	-0.075110	65108.13	2.91
0.1220	0.080078	-0.074927	65111.13	3.06
0.1269	0.079855	-0.074749	65114.13	3.18
0.1302	0.079663	-0.074530	65117.13	3.27
0.1318	0.079462	-0.074413	65120.13	3.31
0.1362	0.079328	-0.074256	65123.13	3.42
0.1428	0.079087	-0.074048	65126.13	3.58
0.1466	0.078896	-0.073849	65129.13	3.68
0.1526	0.078673	-0.073629	65132.13	3.83
0.1564	0.078402	-0.073396	65135.13	3.92
0.1624	0.078138	-0.073231	65138.13	4.08
0.1668	0.077955	-0.072995	65141.13	4.19
0.1696	0.077720	-0.072794	65144.13	4.25
0.1756	0.077476	-0.072582	65147.13	4.41
0.1821	0.077207	-0.072352	65150.13	4.57
0.1865	0.076983	-0.072239	65153.13	4.68
0.1914	0.076677	-0.072039	65156.13	4.80
0.1958	0.076440	-0.071879	65159.13	4.91
0.2007	0.076295	-0.071756	65162.13	5.04
0.2068	0.076156	-0.071587	65165.13	5.19
0.2128	0.076076	-0.071493	65168.13	5.34
0.2166	0.075848	-0.071409	65171.13	5.43
0.2232	0.075578	-0.071327	65174.13	5.60
0.2270	0.075462	-0.071298	65177.13	5.69
0.2330	0.075421	-0.071287	65180.13	5.85
0.2385	0.075265	-0.071169	65183.13	5.98
0.2439	0.075052	-0.071112	65186.13	6.12
0.2500	0.074937	-0.070948	65189.13	6.27
0.2538	0.074737	-0.070824	65192.13	6.37
0.2625	0.074634	-0.070655	65195.13	6.59
0.2642	0.074503	-0.070444	65198.13	6.63
0.2740	0.074282	-0.070351	65201.13	6.87
0.2789	0.074129	-0.070274	65204.13	7.00
0.2839	0.074040	-0.070236	65207.13	7.12
0.2904	0.073984	-0.070184	65210.13	7.29
0.2954	0.073887	-0.070136	65213.13	7.41
0.3030	0.073727	-0.070168	65216.13	7.60
0.3085	0.073633	-0.070016	65219.13	7.74
0.3129	0.073543	-0.069954	65222.13	7.85
0.3205	0.073461	-0.069831	65225.13	8.04
0.3276	0.073355	-0.069721	65228.13	8.22
0.3353	0.073199	-0.069679	65231.13	8.41
0.3391	0.073171	-0.069630	65234.13	8.51
0.3451	0.073061	-0.069608	65237.13	8.66
0.3517	0.073025	-0.069512	65240.13	8.82
0.3583	0.072912	-0.069476	65243.13	8.99
0.3654	0.072874	-0.069425	65246.13	9.16
0.3714	0.072839	-0.069328	65249.13	9.31
0.3758	0.072765	-0.069294	65252.13	9.42
0.3845	0.072721	-0.069279	65255.13	9.64
0.3927	0.072694	-0.069224	65258.13	9.85
0.3960	0.072715	-0.069129	65261.13	9.93
0.4042	0.072671	-0.069081	65264.13	10.14
0.4102	0.072668	-0.069054	65267.13	10.29
0.4168	0.072616	-0.069050	65270.13	10.45
0.4206	0.072662	-0.069041	65273.13	10.55
0.4283	0.072651	-0.069037	65276.13	10.74
0.4337	0.072634	-0.069047	65279.13	10.88
0.4403	0.072639	-0.068994	65282.13	11.04
0.4458	0.072629	-0.069026	65285.13	11.18
0.4512	0.072622	-0.069049	65288.13	11.31
0.4583	0.072600	-0.068994	65291.13	11.49
0.4627	0.072657	-0.068865	65294.13	11.60
0.4682	0.072642	-0.068887	65297.13	11.74
0.4748	0.072694	-0.068873	65300.13	11.90
0.4780	0.072721	-0.068863	65303.13	11.99
0.4862	0.072720	-0.068882	65306.13	12.19
0.4912	0.072711	-0.068862	65309.13	12.31
0.4944	0.072713	-0.068824	65312.13	12.40
0.4999	0.072768	-0.068763	65315.13	12.53
0.5076	0.072784	-0.068737	65318.13	12.72
0.5109	0.072846	-0.068643	65321.13	12.81
0.5169	0.072801	-0.068644	65324.13	12.96
0.5223	0.072849	-0.068619	65327.13	13.09
0.5284	0.072817	-0.068611	65330.13	13.24
0.5333	0.072806	-0.068636	65333.13	13.37
0.5377	0.072833	-0.068590	65336.13	13.48
0.5453	0.072816	-0.068624	65339.13	13.67
0.5502	0.072777	-0.068629	65342.13	13.79
0.5546	0.072780	-0.068634	65345.13	13.90
0.5579	0.072828	-0.068611	65348.13	13.98
0.5645	0.072831	-0.068605	65351.13	14.15
0.5705	0.072802	-0.068630	65354.13	14.30
0.5743	0.072830	-0.068579	65357.13	14.39
0.5765	0.072912	-0.068515	65360.13	14.45
0.5847	0.072942	-0.068530	65363.13	14.65
0.5880	0.072923	-0.068529	65366.13	14.73
0.5929	0.072964	-0.068575	65369.13	14.86
0.5962	0.072937	-0.068579	65372.13	14.94
0.6000	0.072970	-0.068554	65375.13	15.03
0.6071	0.072980	-0.068596	65378.13	15.21
0.6120	0.072957	-0.068564	65381.13	15.33
0.6170	0.072987	-0.068568	65384.13	15.46
0.6202	0.073007	-0.068579	65387.13	15.54
0.6257	0.073031	-0.068533	65390.13	15.68
0.6284	0.073091	-0.068575	65393.13	15.74
0.6339	0.073074	-0.068569	65396.13	15.88
0.6383	0.073017	-0.068611	65399.13	15.99
0.6416	0.072990	-0.068681	65402.13	16.07
0.6476	0.073041	-0.068597	65405.13	16.22
0.6503	0.073084	-0.068609	65408.13	16.29
0.6563	0.073007	-0.068662	65411.13	16.44
0.6596	0.073062	-0.068636	65414.13	16.52
0.6651	0.073102	-0.068659	65417.13	16.66
0.6689	0.073090	-0.068658	65420.13	16.75
0.6722	0.073138	-0.068658	65423.13	16.84
0.6799	0.073146	-0.068632	65426.13	17.03
0.6826	0.073151	-0.068629	65429.13	17.10
0.6859	0.073162	-0.068689	65432.13	17.18
0.6908	0.073153	-0.068684	65435.13	17.30
0.6930	0.073145	-0.068685	65438.13	17.35
0.6974	0.073226	-0.068644	65441.13	17.46
0.7017	0.073331	-0.068530	65444.13	17.57
0.7039	0.073359	-0.068516	65447.13	17.63
0.7083	0.073457	-0.068485	65450.13	17.74
0.7138	0.073393	-0.068492	65453.13	17.87
0.7192	0.073392	-0.068590	65456.13	18.01
0.7214	0.073381	-0.068611	65459.13	18.06
0.7269	0.073367	-0.068653	65462.13	18.20
0.7313	0.073306	-0.068715	65465.13	18.31
0.7373	0.073266	-0.068809	65468.13	18.46
0.7444	0.073274	-0.068802	65471.13	18.64
0.7466	0.073342	-0.068821	65474.13	18.69
0.7532	0.073301	-0.068836	65477.13	18.85
0.7564	0.073322	-0.068826	65480.13	18.93
0.7619	0.073379	-0.068782	65483.13	19.07
0.7657	0.073421	-0.068786	65486.13	19.17
0.7690	0.073461	-0.068823	65489.13	19.25
0.7739	0.073433	-0.068827	65492.13	19.37
0.7772	0.073394	-0.068881	65495.13	19.45
0.7832	0.073420	-0.068934	65498.13	19.60
0.7876	0.073430	-0.068888	65501.13	19.71
0.7936	0.073426	-0.068986	65504.13	19.86
0.7980	0.073363	-0.069017	65507.13	19.97
0.8029	0.073397	-0.069035	65510.13	20.09
0.8073	0.073419	-0.069019	65513.13	20.20
0.8122	0.073455	-0.069063	65516.13	20.32
0.8177	0.073484	-0.069040	65519.13	20.46
0.8199	0.073499	-0.069060	65522.13	20.51
0.8248	0.073511	-0.069037	65525.13	20.64
0.8297	0.073489	-0.069068	65528.13	20.76
0.8352	0.073502	-0.069047	65531.13	20.89
0.8379	0.073524	-0.069089	65534.13	20.96
0.8434	0.073532	-0.069133	65537.13	21.10
0.8489	0.073526	-0.069152	65540.13	21.23
0.8543	0.073559	-0.069172	65543.13	21.37
0.8571	0.073526	-0.069203	65546.13	21.44
0.8625	0.073542	-0.069172	65549.13	21.57
0.8653	0.073575	-0.069205	65552.13	21.64
0.8691	0.073582	-0.069225	65555.13	21.74
0.8740	0.073592	-0.069242	65558.13	21.86
0.8800	0.073628	-0.069239	65561.13	22.01
0.8844	0.073683	-0.069229	65564.13	22.12
0.8872	0.073678	-0.069258	65567.13	22.19
0.8910	0.073650	-0.069300	65570.13	22.28
0.8954	0.073632	-0.069305	65573.13	22.39
0.8981	0.073644	-0.069359	65576.13	22.46
0.9030	0.073697	-0.069292	65579.13	22.58
0.9057	0.073715	-0.069323	65582.13	22.65
0.9107	0.073750	-0.069318	65585.13	22.77
0.9150	0.073747	-0.069349	65588.13	22.88
0.9172	0.073738	-0.069361	65591.13	22.93
0.9222	0.073803	-0.069339	65594.13	23.05
0.9276	0.073782	-0.069363	65597.13	23.19
0.9304	0.073780	-0.069383	65600.13	23.26
0.9336	0.073814	-0.069390	65603.13	23.34
0.9347	0.073816	-0.069421	65606.13	23.37
0.9413	0.073809	-0.069439	65609.13	23.53
0.9451	0.073835	-0.069431	65612.13	23.62
0.9484	0.073883	-0.069417	65615.13	23.71
0.9528	0.073868	-0.069442	65618.13	23.81
0.9572	0.073909	-0.069446	65621.13	23.92
0.9615	0.073902	-0.069497	65624.13	24.03
0.9648	0.073904	-0.069512	65627.13	24.11
0.9681	0.073902	-0.069517	65630.13	24.19
0.9708	0.073918	-0.069501	65633.13	24.26
0.9741	0.073909	-0.069577	65636.13	24.34
0.9790	0.073868	-0.069561	65639.13	24.46
0.9812	0.073908	-0.069541	65642.13	24.52
0.9872	0.073917	-0.069576	65645.13	24.67
0.9883	0.073985	-0.069577	65648.13	24.69
0.9938	0.074008	-0.069543	65651.13	24.83
0.9965	0.074076	-0.069516	65654.13	24.90
0.9998	0.074065	-0.069532	65657.13	24.98
1.0042	0.074084	-0.069542	65660.13	25.09
1.0047	0.074098	-0.069564	65663.13	25.10
1.0080	0.074071	-0.069615	65666.13	25.18
1.0146	0.074089	-0.069582	65669.13	25.34
1.0173	0.074107	-0.069619	65672.13	25.41
1.0206	0.074088	-0.069629	65675.13	25.49
1.0233	0.074033	-0.069676	65678.13	25.56
1.0294	0.074166	-0.069642	65681.13	25.71
1.0299	0.074168	-0.069652	65684.13	25.72
