0.8981	0.012832	-0.006354	41559.72	22.46
0.8964	0.012901	-0.006409	41562.72	22.42
0.8948	0.012915	-0.006380	41565.72	22.38
0.8937	0.012909	-0.006353	41568.72	22.35
0.8948	0.012908	-0.006363	41571.72	22.38
0.8954	0.012877	-0.006402	41574.72	22.39
0.8926	0.012878	-0.006336	41577.72	22.32
0.8926	0.012914	-0.006448	41580.72	22.32
0.8904	0.012918	-0.006364	41583.72	22.27
0.8866	0.012940	-0.006362	41586.72	22.17
0.8893	0.012914	-0.006347	41589.72	22.24
0.8877	0.012999	-0.006385	41592.72	22.20
0.8888	0.012974	-0.006407	41595.72	22.23
0.8888	0.012987	-0.006348	41598.72	22.23
0.8850	0.012923	-0.006441	41601.72	22.13
0.8844	0.012959	-0.006403	41604.72	22.12
0.8839	0.012933	-0.006417	41607.72	22.10
0.8822	0.012936	-0.006351	41610.72	22.06
0.8817	0.012958	-0.006341	41613.72	22.05
0.8822	0.012942	-0.006364	41616.72	22.06
0.8817	0.012923	-0.006327	41619.72	22.05
0.8779	0.012934	-0.006334	41622.72	21.95
0.8795	0.012950	-0.006332	41625.72	21.99
0.8768	0.012936	-0.006338	41628.72	21.93
0.8768	0.012939	-0.006342	41631.72	21.93
0.8751	0.012982	-0.006329	41634.72	21.89
0.8762	0.012956	-0.006333	41637.72	21.91
0.8757	0.012996	-0.006310	41640.72	21.90
0.8740	0.012999	-0.006320	41643.72	21.86
0.8757	0.012941	-0.006336	41646.72	21.90
0.8729	0.012913	-0.006331	41649.72	21.83
0.8735	0.012990	-0.006290	41652.72	21.85
0.8718	0.012975	-0.006328	41655.72	21.80
0.8729	0.013004	-0.006331	41658.72	21.83
0.8713	0.012998	-0.006358	41661.72	21.79
0.8702	0.012981	-0.006287	41664.72	21.76
0.8702	0.012996	-0.006284	41667.72	21.76
0.8697	0.012979	-0.006308	41670.72	21.75
0.8707	0.012967	-0.006333	41673.72	21.78
0.8686	0.012961	-0.006323	41676.72	21.72
0.8680	0.013016	-0.006273	41679.72	21.71
0.8675	0.013006	-0.006305	41682.72	21.70
0.8691	0.012961	-0.006294	41685.72	21.74
0.8664	0.013011	-0.006302	41688.72	21.67
0.8636	0.012995	-0.006255	41691.72	21.60
0.8669	0.013039	-0.006263	41694.72	21.68
0.8636	0.012989	-0.006351	41697.72	21.60
0.8642	0.013001	-0.006275	41700.72	21.61
0.8636	0.013027	-0.006273	41703.72	21.60
0.8642	0.012960	-0.006332	41706.72	21.61
0.8625	0.012959	-0.006306	41709.72	21.57
0.8631	0.013003	-0.006220	41712.72	21.59
0.8631	0.012934	-0.006273	41715.72	21.59
0.8614	0.012980	-0.006248	41718.72	21.55
0.8620	0.013085	-0.006248	41721.72	21.56
0.8614	0.012943	-0.006271	41724.72	21.55
0.8598	0.013009	-0.006337	41727.72	21.51
0.8609	0.013052	-0.006267	41730.72	21.53
0.8614	0.013041	-0.006274	41733.72	21.55
0.8593	0.013012	-0.006274	41736.72	21.49
0.8598	0.012922	-0.006273	41739.72	21.51
0.8593	0.012996	-0.006241	41742.72	21.49
0.8565	0.013004	-0.006315	41745.72	21.42
0.8587	0.012977	-0.006285	41748.72	21.48
0.8571	0.013050	-0.006186	41751.72	21.44
0.8576	0.013084	-0.006323	41754.72	21.45
0.8571	0.013141	-0.006231	41757.72	21.44
0.8560	0.012996	-0.006296	41760.72	21.41
0.8560	0.013011	-0.006238	41763.72	21.41
0.8571	0.013060	-0.006186	41766.72	21.44
0.8625	0.013040	-0.006190	41769.72	21.57
0.8631	0.012994	-0.006251	41772.72	21.59
0.8625	0.013156	-0.006260	41775.72	21.57
0.8653	0.013055	-0.006175	41778.72	21.64
0.8658	0.013111	-0.006196	41781.72	21.66
0.8675	0.013019	-0.006234	41784.72	21.70
0.8675	0.013052	-0.006198	41787.72	21.70
0.8675	0.013041	-0.006277	41790.72	21.70
0.8691	0.013067	-0.006299	41793.72	21.74
0.8707	0.012963	-0.006240	41796.72	21.78
0.8675	0.013095	-0.006273	41799.72	21.70
0.8686	0.013074	-0.006240	41802.72	21.72
0.8686	0.013031	-0.006191	41805.72	21.72
0.8680	0.012999	-0.006128	41808.72	21.71
0.8664	0.013044	-0.006286	41811.72	21.67
0.8669	0.013052	-0.006223	41814.72	21.68
0.8669	0.013061	-0.006264	41817.72	21.68
0.8647	0.013075	-0.006204	41820.72	21.63
0.8658	0.013048	-0.006266	41823.72	21.66
0.8642	0.013035	-0.006263	41826.72	21.61
0.8647	0.012981	-0.006223	41829.72	21.63
0.8642	0.013024	-0.006291	41832.72	21.61
0.8625	0.012981	-0.006180	41835.72	21.57
0.8653	0.013027	-0.006264	41838.72	21.64
0.8647	0.013042	-0.006275	41841.72	21.63
0.8620	0.013008	-0.006292	41844.72	21.56
0.8620	0.012976	-0.006256	41847.72	21.56
0.8631	0.013020	-0.006323	41850.72	21.59
0.8609	0.013010	-0.006288	41853.72	21.53
0.8604	0.012967	-0.006231	41856.72	21.52
0.8609	0.012982	-0.006301	41859.72	21.53
0.8587	0.013009	-0.006322	41862.72	21.48
0.8571	0.013025	-0.006271	41865.72	21.44
0.8576	0.013043	-0.006295	41868.72	21.45
0.8560	0.013039	-0.006292	41871.72	21.41
0.8532	0.013006	-0.006269	41874.72	21.34
0.8538	0.013013	-0.006287	41877.72	21.36
0.8505	0.012957	-0.006278	41880.72	21.27
0.8489	0.012961	-0.006281	41883.72	21.23
0.8494	0.013000	-0.006295	41886.72	21.25
0.8467	0.013017	-0.006290	41889.72	21.18
0.8439	0.013022	-0.006302	41892.72	21.11
0.8423	0.012979	-0.006337	41895.72	21.07
0.8368	0.012965	-0.006184	41898.72	20.94
0.8352	0.012997	-0.006373	41901.72	20.89
0.8330	0.012873	-0.006243	41904.72	20.84
0.8297	0.012960	-0.006319	41907.72	20.76
0.8275	0.012865	-0.006322	41910.72	20.70
0.8232	0.012952	-0.006296	41913.72	20.60
0.8193	0.013012	-0.006317	41916.72	20.50
0.8161	0.012836	-0.006322	41919.72	20.42
0.8117	0.012940	-0.006260	41922.72	20.31
0.8095	0.012894	-0.006315	41925.72	20.26
0.8062	0.012944	-0.006309	41928.72	20.17
0.8024	0.013007	-0.006371	41931.72	20.08
0.7975	0.012992	-0.006284	41934.72	19.96
0.7942	0.012990	-0.006265	41937.72	19.87
0.7909	0.012870	-0.006285	41940.72	19.79
0.7854	0.012889	-0.006294	41943.72	19.66
0.7816	0.012873	-0.006270	41946.72	19.56
0.7756	0.012881	-0.006345	41949.72	19.41
0.7712	0.012947	-0.006275	41952.72	19.30
0.7663	0.013012	-0.006287	41955.72	19.18
0.7624	0.012849	-0.006321	41958.72	19.08
0.7570	0.012977	-0.006337	41961.72	18.95
0.7526	0.012917	-0.006267	41964.72	18.84
0.7460	0.012926	-0.006344	41967.72	18.68
0.7428	0.012971	-0.006331	41970.72	18.59
0.7335	0.012867	-0.006263	41973.72	18.36
0.7285	0.012966	-0.006295	41976.72	18.24
0.7236	0.013020	-0.006327	41979.72	18.12
0.7149	0.012948	-0.006265	41982.72	17.90
0.7105	0.013022	-0.006309	41985.72	17.79
0.7017	0.012975	-0.006257	41988.72	17.57
0.6963	0.013064	-0.006225	41991.72	17.44
0.6875	0.013019	-0.006230	41994.72	17.22
0.6815	0.012977	-0.006196	41997.72	17.07
0.6744	0.013066	-0.006255	42000.72	16.89
0.6695	0.013021	-0.006145	42003.72	16.77
0.6585	0.013148	-0.006182	42006.72	16.49
0.6525	0.013236	-0.006175	42009.72	16.34
0.6465	0.013064	-0.006188	42012.72	16.19
0.6394	0.013238	-0.006214	42015.72	16.02
0.6350	0.013182	-0.006152	42018.72	15.91
0.6295	0.013324	-0.006284	42021.72	15.77
0.6268	0.013307	-0.006174	42024.72	15.70
0.6181	0.013360	-0.006216	42027.72	15.48
0.6148	0.013291	-0.006263	42030.72	15.40
0.6066	0.013345	-0.006280	42033.72	15.20
0.6016	0.013275	-0.006413	42036.72	15.08
0.5934	0.013359	-0.006353	42039.72	14.87
0.5902	0.013407	-0.006334	42042.72	14.79
0.5820	0.013426	-0.006371	42045.72	14.58
0.5781	0.013572	-0.006369	42048.72	14.49
0.5716	0.013545	-0.006380	42051.72	14.32
0.5639	0.013547	-0.006443	42054.72	14.13
0.5573	0.013504	-0.006442	42057.72	13.97
0.5502	0.013636	-0.006493	42060.72	13.79
0.5453	0.013536	-0.006556	42063.72	13.67
0.5404	0.013712	-0.006605	42066.72	13.54
0.5322	0.013675	-0.006588	42069.72	13.34
0.5245	0.013759	-0.006680	42072.72	13.15
0.5201	0.013712	-0.006815	42075.72	13.04
0.5136	0.013611	-0.006829	42078.72	12.87
0.5048	0.013669	-0.006832	42081.72	12.66
0.4983	0.013676	-0.006785	42084.72	12.49
0.4917	0.013791	-0.006863	42087.72	12.33
0.4802	0.013924	-0.006821	42090.72	12.04
0.4758	0.013811	-0.006852	42093.72	11.93
0.4720	0.013823	-0.006967	42096.72	11.83
0.4649	0.013978	-0.007014	42099.72	11.66
0.4594	0.014016	-0.007033	42102.72	11.52
0.4496	0.013934	-0.007105	42105.72	11.27
0.4447	0.014078	-0.007075	42108.72	11.15
0.4359	0.014079	-0.007064	42111.72	10.93
0.4299	0.014030	-0.007163	42114.72	10.78
0.4157	0.014110	-0.007149	42117.72	10.42
0.4091	0.014241	-0.007275	42120.72	10.26
0.3998	0.014319	-0.007209	42123.72	10.03
0.3922	0.014411	-0.007273	42126.72	9.84
0.3840	0.014444	-0.007279	42129.72	9.63
0.3768	0.014421	-0.007308	42132.72	9.45
0.3670	0.014502	-0.007302	42135.72	9.21
0.3555	0.014476	-0.007394	42138.72	8.92
0.3490	0.014472	-0.007437	42141.72	8.75
0.3402	0.014584	-0.007333	42144.72	8.53
0.3276	0.014569	-0.007483	42147.72	8.22
0.3200	0.014570	-0.007446	42150.72	8.03
0.3079	0.014667	-0.007478	42153.72	7.72
0.3090	0.014554	-0.007407	42156.72	7.75
0.2975	0.014717	-0.007551	42159.72	7.46
0.2866	0.014647	-0.007633	42162.72	7.19
0.2784	0.014693	-0.007446	42165.72	6.98
0.2789	0.014608	-0.007558	42168.72	7.00
0.2664	0.014754	-0.007574	42171.72	6.68
0.2565	0.014759	-0.007621	42174.72	6.44
0.2379	0.014766	-0.007476	42177.72	5.97
0.2248	0.014807	-0.007577	42180.72	5.64
0.2100	0.014978	-0.007696	42183.72	5.27
0.2024	0.014725	-0.007668	42186.72	5.08
0.1898	0.014627	-0.007753	42189.72	4.76
0.1827	0.014509	-0.007965	42192.72	4.58
0.1810	0.014801	-0.007720	42195.72	4.54
0.1701	0.014850	-0.007810	42198.72	4.27
0.1553	0.014850	-0.007787	42201.72	3.90
0.1526	0.014717	-0.007798	42204.72	3.83
0.1488	0.014804	-0.007732	42207.72	3.73
0.1378	0.014816	-0.007746	42210.72	3.46
0.1214	0.014877	-0.007878	42213.72	3.05
0.1231	0.014645	-0.007930	42216.72	3.09
0.1170	0.014937	-0.007801	42219.72	2.94
0.1072	0.014947	-0.007737	42222.72	2.69
0.0979	0.014876	-0.007890	42225.72	2.46
0.0930	0.014732	-0.008024	42228.72	2.33
0.0941	0.014963	-0.007714	42231.72	2.36
0.0826	0.014971	-0.007814	42234.72	2.07
0.0700	0.014939	-0.007859	42237.72	1.76
0.0585	0.014989	-0.007810	42240.72	1.47
0.0454	0.014943	-0.008062	42243.72	1.14
0.0421	0.014840	-0.008011	42246.72	1.06
0.0323	0.015021	-0.007808	42249.72	0.81
0.0213	0.014883	-0.007825	42252.72	0.54
0.0082	0.014893	-0.008073	42255.72	0.21
0.0142	0.014719	-0.008065	42258.72	0.36
0.0006	0.014913	-0.007839	42261.72	0.01
-0.0093	0.014926	-0.007804	42264.72	-0.23
-0.0208	0.014894	-0.008079	42267.72	-0.52
-0.0170	0.014827	-0.007878	42270.72	-0.43
-0.0301	0.015047	-0.007801	42273.72	-0.76
-0.0366	0.015019	-0.007828	42276.72	-0.92
-0.0476	0.014870	-0.007956	42279.72	-1.20
-0.0454	0.014937	-0.007650	42282.72	-1.15
-0.0580	0.015074	-0.007679	42285.72	-1.46
-0.0711	0.014975	-0.007949	42288.72	-1.80
-0.0706	0.014844	-0.007988	42291.72	-1.78
-0.0793	0.015056	-0.007715	42294.72	-2.00
-0.0815	0.015011	-0.007859	42297.72	-2.06
-0.0930	0.014747	-0.007937	42300.72	-2.35
-0.0990	0.015039	-0.007713	42303.72	-2.50
-0.1187	0.014977	-0.007904	42306.72	-3.00
-0.1274	0.014803	-0.007893	42309.72	-3.23
-0.1335	0.014904	-0.008071	42312.72	-3.38
-0.1471	0.014896	-0.008043	42315.72	-3.73
-0.1389	0.014805	-0.007989	42318.72	-3.52
-0.1548	0.015100	-0.007780	42321.72	-3.92
-0.1614	0.014888	-0.007892	42324.72	-4.09
-0.1723	0.014800	-0.008046	42327.72	-4.37
-0.1712	0.014808	-0.007906	42330.72	-4.34
-0.1816	0.014967	-0.007780	42333.72	-4.60
-0.1887	0.015013	-0.007848	42336.72	-4.79
-0.1975	0.014776	-0.008043	42339.72	-5.01
-0.1914	0.014892	-0.007892	42342.72	-4.86
-0.2057	0.015042	-0.007769	42345.72	-5.22
-0.2155	0.015031	-0.007917	42348.72	-5.47
-0.2150	0.014786	-0.007983	42351.72	-5.46
-0.2182	0.014950	-0.007759	42354.72	-5.54
-0.2286	0.014948	-0.007981	42357.72	-5.81
-0.2434	0.014852	-0.008003	42360.72	-6.18
-0.2478	0.014899	-0.008051	42363.72	-6.30
-0.2516	0.014693	-0.008156	42366.72	-6.39
-0.2675	0.014800	-0.008156	42369.72	-6.80
-0.2746	0.014747	-0.008034	42372.72	-6.98
-0.2773	0.014613	-0.008080	42375.72	-7.05
-0.2839	0.015030	-0.007880	42378.72	-7.22
-0.2954	0.014916	-0.007976	42381.72	-7.51
-0.3107	0.014992	-0.007931	42384.72	-7.91
-0.3079	0.014816	-0.007919	42387.72	-7.84
-0.3139	0.015047	-0.007768	42390.72	-7.99
-0.3243	0.015100	-0.007773	42393.72	-8.26
-0.3331	0.014991	-0.008006	42396.72	-8.48
-0.3336	0.014857	-0.007919	42399.72	-8.50
-0.3435	0.015039	-0.007842	42402.72	-8.75
-0.3484	0.015115	-0.007828	42405.72	-8.88
-0.3468	0.014755	-0.007999	42408.72	-8.84
-0.3468	0.014902	-0.007864	42411.72	-8.84
-0.3440	0.014985	-0.007748	42414.72	-8.77
-0.3391	0.015031	-0.007857	42417.72	-8.64
-0.3364	0.014993	-0.007784	42420.72	-8.57
-0.3386	0.015099	-0.007777	42423.72	-8.62
-0.3353	0.015058	-0.007768	42426.72	-8.54
-0.3364	0.015098	-0.007735	42429.72	-8.57
-0.3298	0.015073	-0.007773	42432.72	-8.40
-0.3271	0.015091	-0.007731	42435.72	-8.33
-0.3260	0.015027	-0.007766	42438.72	-8.30
-0.3227	0.015062	-0.007809	42441.72	-8.22
-0.3183	0.014960	-0.007822	42444.72	-8.10
-0.3150	0.014979	-0.007842	42447.72	-8.02
-0.3134	0.014975	-0.007749	42450.72	-7.98
-0.3112	0.015013	-0.007773	42453.72	-7.92
-0.3057	0.014929	-0.007794	42456.72	-7.78
-0.3041	0.014969	-0.007778	42459.72	-7.74
-0.2992	0.014996	-0.007884	42462.72	-7.61
-0.2964	0.014965	-0.007782	42465.72	-7.54
-0.2915	0.015029	-0.007772	42468.72	-7.42
-0.2871	0.015039	-0.007745	42471.72	-7.30
-0.2839	0.015001	-0.007757	42474.72	-7.22
-0.2828	0.015006	-0.007932	42477.72	-7.19
-0.2784	0.014973	-0.007775	42480.72	-7.08
-0.2740	0.015031	-0.007808	42483.72	-6.97
-0.2707	0.015126	-0.007831	42486.72	-6.88
-0.2675	0.015067	-0.007726	42489.72	-6.80
-0.2631	0.014966	-0.007772	42492.72	-6.69
-0.2609	0.015073	-0.007835	42495.72	-6.63
-0.2560	0.015120	-0.007840	42498.72	-6.51
-0.2532	0.015010	-0.007753	42501.72	-6.44
-0.2489	0.015065	-0.007827	42504.72	-6.32
-0.2439	0.015089	-0.007864	42507.72	-6.20
-0.2418	0.015086	-0.007836	42510.72	-6.14
-0.2385	0.015024	-0.007916	42513.72	-6.06
-0.2330	0.015005	-0.007812	42516.72	-5.92
-0.2297	0.015093	-0.007845	42519.72	-5.83
-0.2270	0.015032	-0.007883	42522.72	-5.76
-0.2242	0.014920	-0.007881	42525.72	-5.69
-0.2193	0.014985	-0.007929	42528.72	-5.57
-0.2171	0.015004	-0.007911	42531.72	-5.51
-0.2139	0.014965	-0.007840	42534.72	-5.43
-0.2068	0.014966	-0.007868	42537.72	-5.25
-0.2057	0.015027	-0.007847	42540.72	-5.22
-0.2035	0.015060	-0.007856	42543.72	-5.16
-0.1985	0.014989	-0.007823	42546.72	-5.04
-0.1969	0.015061	-0.007825	42549.72	-4.99
-0.1920	0.015103	-0.007903	42552.72	-4.87
-0.1887	0.015072	-0.007840	42555.72	-4.79
-0.1860	0.015113	-0.007890	42558.72	-4.72
-0.1821	0.015064	-0.007803	42561.72	-4.62
-0.1794	0.015110	-0.007826	42564.72	-4.55
-0.1761	0.015100	-0.007902	42567.72	-4.46
-0.1707	0.014999	-0.007907	42570.72	-4.33
-0.1679	0.015057	-0.007829	42573.72	-4.26
-0.1668	0.015054	-0.007849	42576.72	-4.23
-0.1608	0.015041	-0.007835	42579.72	-4.07
-0.1603	0.015095	-0.007801	42582.72	-4.06
-0.1570	0.015155	-0.007816	42585.72	-3.98
-0.1542	0.015119	-0.007902	42588.72	-3.91
-0.1504	0.015075	-0.007943	42591.72	-3.81
-0.1477	0.015071	-0.007907	42594.72	-3.74
-0.1433	0.015023	-0.007859	42597.72	-3.63
-0.1400	0.015127	-0.007841	42600.72	-3.55
-0.1395	0.015095	-0.007922	42603.72	-3.53
-0.1351	0.015002	-0.007836	42606.72	-3.42
-0.1324	0.015102	-0.007890	42609.72	-3.35
-0.1291	0.015072	-0.007918	42612.72	-3.27
-0.1274	0.015075	-0.007848	42615.72	-3.23
-0.1225	0.015077	-0.007889	42618.72	-3.10
-0.1220	0.015111	-0.007903	42621.72	-3.09
-0.1187	0.015098	-0.007930	42624.72	-3.00
-0.1170	0.015167	-0.007901	42627.72	-2.96
-0.1138	0.015047	-0.007791	42630.72	-2.88
-0.1138	0.015142	-0.007904	42633.72	-2.88
-0.1088	0.015108	-0.007912	42636.72	-2.75
-0.1056	0.015155	-0.007855	42639.72	-2.67
-0.1017	0.015133	-0.007844	42642.72	-2.57
-0.0995	0.015118	-0.007867	42645.72	-2.52
-0.0990	0.015166	-0.007836	42648.72	-2.50
-0.0968	0.015170	-0.007904	42651.72	-2.45
-0.0935	0.015122	-0.007874	42654.72	-2.36
-0.0930	0.015165	-0.007808	42657.72	-2.35
-0.0886	0.015143	-0.007867	42660.72	-2.24
-0.0864	0.015081	-0.007919	42663.72	-2.18
-0.0842	0.015138	-0.007886	42666.72	-2.13
-0.0815	0.015032	-0.007902	42669.72	-2.06
-0.0788	0.015150	-0.007898	42672.72	-1.99
-0.0749	0.015155	-0.007866	42675.72	-1.89
-0.0749	0.015227	-0.007939	42678.72	-1.89
-0.0717	0.015274	-0.007839	42681.72	-1.81
-0.0717	0.015138	-0.007911	42684.72	-1.81
-0.0684	0.015043	-0.007970	42687.72	-1.73
-0.0651	0.015151	-0.007851	42690.72	-1.64
-0.0634	0.015119	-0.007939	42693.72	-1.60
-0.0613	0.015099	-0.007962	42696.72	-1.55
-0.0580	0.015248	-0.007920	42699.72	-1.46
-0.0563	0.015205	-0.007886	42702.72	-1.42
-0.0541	0.015116	-0.007934	42705.72	-1.37
-0.0525	0.015083	-0.007918	42708.72	-1.32
-0.0514	0.015040	-0.007938	42711.72	-1.30
-0.0481	0.015085	-0.007918	42714.72	-1.21
-0.0459	0.015122	-0.007882	42717.72	-1.16
-0.0443	0.015113	-0.007889	42720.72	-1.12
-0.0416	0.015138	-0.007906	42723.72	-1.05
-0.0394	0.015129	-0.007935	42726.72	-0.99
-0.0388	0.015053	-0.007893	42729.72	-0.98
-0.0350	0.015086	-0.007992	42732.72	-0.88
-0.0339	0.015077	-0.007894	42735.72	-0.85
-0.0328	0.015163	-0.007950	42738.72	-0.83
-0.0295	0.015143	-0.007874	42741.72	-0.74
-0.0273	0.015110	-0.008002	42744.72	-0.69
-0.0257	0.015100	-0.007907	42747.72	-0.65
-0.0241	0.015148	-0.007907	42750.72	-0.61
-0.0219	0.015136	-0.007986	42753.72	-0.55
-0.0208	0.015149	-0.007895	42756.72	-0.52
-0.0186	0.015123	-0.007842	42759.72	-0.47
-0.0170	0.015192	-0.007942	42762.72	-0.43
-0.0153	0.015175	-0.007930	42765.72	-0.39
-0.0137	0.015146	-0.007913	42768.72	-0.34
-0.0115	0.015194	-0.007897	42771.72	-0.29
-0.0104	0.015130	-0.007969	42774.72	-0.26
-0.0071	0.015116	-0.007970	42777.72	-0.18
-0.0044	0.015098	-0.007963	42780.72	-0.11
0.0000	0.015146	-0.007965	42783.72	0.00
0.0060	0.015177	-0.007938	42786.72	0.15
0.0104	0.015109	-0.007946	42789.72	0.26
0.0170	0.015142	-0.007935	42792.72	0.43
0.0224	0.015102	-0.007861	42795.72	0.56
0.0295	0.015109	-0.007943	42798.72	0.74
0.0361	0.015395	-0.007832	42801.72	0.91
0.0416	0.015228	-0.007843	42804.72	1.04
0.0498	0.015196	-0.007850	42807.72	1.25
0.0563	0.015226	-0.007904	42810.72	1.41
0.0613	0.015216	-0.007892	42813.72	1.54
0.0673	0.015233	-0.007851	42816.72	1.69
0.0727	0.015211	-0.007934	42819.72	1.83
0.0793	0.015263	-0.007906	42822.72	1.99
0.0859	0.015156	-0.007921	42825.72	2.15
0.0919	0.015229	-0.007952	42828.72	2.31
0.0952	0.015235	-0.007920	42831.72	2.39
0.1001	0.015157	-0.007935	42834.72	2.51
0.1067	0.015379	-0.007951	42837.72	2.68
0.1110	0.015172	-0.007997	42840.72	2.79
0.1165	0.015253	-0.007933	42843.72	2.92
0.1247	0.015151	-0.007881	42846.72	3.13
0.1307	0.015208	-0.007872	42849.72	3.28
0.1351	0.015321	-0.008082	42852.72	3.39
0.1460	0.015418	-0.007862	42855.72	3.66
0.1510	0.015552	-0.007768	42858.72	3.79
0.1592	0.015272	-0.007839	42861.72	3.99
0.1674	0.015329	-0.007790	42864.72	4.20
0.1728	0.015386	-0.007908	42867.72	4.34
0.1799	0.015300	-0.007811	42870.72	4.51
0.1843	0.015270	-0.007961	42873.72	4.62
0.1958	0.015333	-0.007934	42876.72	4.91
0.1980	0.015303	-0.007875	42879.72	4.97
0.2062	0.015317	-0.007965	42882.72	5.17
0.2122	0.015236	-0.008004	42885.72	5.32
0.2144	0.015247	-0.007864	42888.72	5.38
0.2226	0.015308	-0.007874	42891.72	5.59
0.2286	0.015316	-0.007882	42894.72	5.74
0.2352	0.015242	-0.007976	42897.72	5.90
0.2412	0.015286	-0.007911	42900.72	6.05
0.2461	0.015248	-0.007939	42903.72	6.18
0.2532	0.015290	-0.007857	42906.72	6.35
0.2609	0.015400	-0.007886	42909.72	6.55
0.2691	0.015337	-0.007904	42912.72	6.75
0.2784	0.015410	-0.007859	42915.72	6.98
0.2850	0.015452	-0.007777	42918.72	7.15
0.2959	0.015381	-0.007676	42921.72	7.42
0.2997	0.015188	-0.007793	42924.72	7.52
0.3057	0.015141	-0.008002	42927.72	7.67
0.3134	0.015397	-0.007869	42930.72	7.86
0.3227	0.015295	-0.007871	42933.72	8.10
0.3293	0.015350	-0.007740	42936.72	8.26
0.3353	0.015473	-0.007840	42939.72	8.41
0.3408	0.015425	-0.007861	42942.72	8.55
0.3468	0.015355	-0.007803	42945.72	8.70
0.3511	0.015349	-0.007848	42948.72	8.81
0.3577	0.015444	-0.007838	42951.72	8.97
0.3637	0.015551	-0.007771	42954.72	9.12
0.3654	0.015373	-0.007871	42957.72	9.16
0.3752	0.015299	-0.007855	42960.72	9.41
0.3823	0.015351	-0.007870	42963.72	9.59
0.3894	0.015254	-0.007831	42966.72	9.77
0.3965	0.015372	-0.007862	42969.72	9.95
0.4037	0.015302	-0.007838	42972.72	10.12
0.4119	0.015453	-0.007810	42975.72	10.33
0.4195	0.015372	-0.007822	42978.72	10.52
0.4266	0.015284	-0.007899	42981.72	10.70
0.4359	0.015317	-0.007777	42984.72	10.93
0.4403	0.015313	-0.007689	42987.72	11.04
0.4490	0.015467	-0.007815	42990.72	11.26
0.4562	0.015463	-0.007764	42993.72	11.44
0.4633	0.015519	-0.007646	42996.72	11.62
0.4676	0.015430	-0.007762	42999.72	11.73
0.4742	0.015473	-0.007750	43002.72	11.89
0.4786	0.015500	-0.007700	43005.72	12.00
0.4841	0.015459	-0.007720	43008.72	12.14
0.4884	0.015481	-0.007598	43011.72	12.25
0.4950	0.015321	-0.007789	43014.72	12.41
0.5016	0.015290	-0.007570	43017.72	12.57
0.5070	0.015310	-0.007722	43020.72	12.71
0.5114	0.015318	-0.007775	43023.72	12.82
0.5180	0.015443	-0.007754	43026.72	12.98
0.5256	0.015357	-0.007634	43029.72	13.18
0.5344	0.015363	-0.007731	43032.72	13.39
0.5420	0.015395	-0.007718	43035.72	13.59
0.5475	0.015372	-0.007644	43038.72	13.72
0.5579	0.015419	-0.007610	43041.72	13.98
0.5639	0.015403	-0.007752	43044.72	14.13
0.5705	0.015366	-0.007587	43047.72	14.30
0.5759	0.015276	-0.007635	43050.72	14.43
0.5852	0.015253	-0.007523	43053.72	14.67
0.5880	0.015275	-0.007523	43056.72	14.73
0.5956	0.015143	-0.007609	43059.72	14.92
0.6011	0.015328	-0.007578	43062.72	15.06
0.6060	0.015333	-0.007463	43065.72	15.18
0.6115	0.015288	-0.007482	43068.72	15.32
0.6164	0.015337	-0.007503	43071.72	15.44
0.6213	0.015288	-0.007492	43074.72	15.57
0.6279	0.015207	-0.007380	43077.72	15.73
0.6312	0.015235	-0.007251	43080.72	15.81
0.6399	0.015211	-0.007311	43083.72	16.03
0.6481	0.015283	-0.007329	43086.72	16.24
0.6492	0.015476	-0.007165	43089.72	16.26
0.6607	0.015272	-0.007228	43092.72	16.55
0.6645	0.015221	-0.007222	43095.72	16.64
0.6689	0.015348	-0.007236	43098.72	16.75
0.6777	0.015068	-0.007122	43101.72	16.97
0.6837	0.015200	-0.007159	43104.72	17.12
0.6897	0.015246	-0.006914	43107.72	17.27
0.6924	0.015160	-0.007029	43110.72	17.34
0.6985	0.015128	-0.006949	43113.72	17.49
0.7023	0.015066	-0.006995	43116.72	17.59
0.7078	0.015048	-0.006828	43119.72	17.72
0.7143	0.015041	-0.007023	43122.72	17.89
0.7203	0.014999	-0.006849	43125.72	18.04
0.7220	0.014989	-0.006822	43128.72	18.08
0.7285	0.014926	-0.006878	43131.72	18.24
0.7269	0.014987	-0.006783	43134.72	18.20
0.7335	0.014993	-0.006656	43137.72	18.36
0.7384	0.014855	-0.006712	43140.72	18.49
0.7449	0.014851	-0.006598	43143.72	18.65
0.7504	0.014727	-0.006676	43146.72	18.79
0.7570	0.014740	-0.006567	43149.72	18.95
0.7592	0.014757	-0.006447	43152.72	19.00
0.7668	0.014749	-0.006340	43155.72	19.19
0.7717	0.014667	-0.006554	43158.72	19.32
0.7772	0.014545	-0.006538	43161.72	19.45
0.7849	0.014279	-0.006274	43164.72	19.64
0.7882	0.014459	-0.006281	43167.72	19.72
0.7953	0.014436	-0.006331	43170.72	19.90
0.8024	0.014244	-0.006338	43173.72	20.08
0.8095	0.014243	-0.006353	43176.72	20.26
0.8160	0.014036	-0.006463	43179.72	20.42
0.8182	0.014053	-0.006449	43182.72	20.47
0.8248	0.013923	-0.006255	43185.72	20.64
0.8319	0.013895	-0.006368	43188.72	20.81
0.8385	0.013837	-0.006358	43191.72	20.98
0.8401	0.013845	-0.006209	43194.72	21.02
0.8472	0.013650	-0.006380	43197.72	21.19
0.8527	0.013561	-0.006210	43200.72	21.33
0.8604	0.013594	-0.006258	43203.72	21.52
0.8718	0.013402	-0.006163	43206.72	21.80
0.8789	0.013535	-0.006064	43209.72	21.98
0.8861	0.013595	-0.005932	43212.72	22.16
0.8943	0.013416	-0.006050	43215.72	22.36
0.9052	0.013426	-0.006031	43218.72	22.63
0.9189	0.013540	-0.006066	43221.72	22.97
0.9260	0.013467	-0.005995	43224.72	23.15
0.9424	0.013402	-0.005955	43227.72	23.56
0.9468	0.013548	-0.005851	43230.72	23.66
0.9593	0.013539	-0.005861	43233.72	23.98
0.9686	0.013572	-0.005843	43236.72	24.21
0.9725	0.013690	-0.005771	43239.72	24.30
0.9818	0.013654	-0.005757	43242.72	24.53
0.9944	0.013602	-0.005882	43245.72	24.84
1.0031	0.013569	-0.005902	43248.72	25.06
1.0130	0.013472	-0.005885	43251.72	25.30
1.0201	0.013548	-0.005881	43254.72	25.48
1.0305	0.013454	-0.005922	43257.72	25.74
1.0387	0.013437	-0.005919	43260.72	25.94
1.0496	0.013410	-0.005763	43263.72	26.21
1.0562	0.013768	-0.005675	43266.72	26.37
1.0649	0.013619	-0.005855	43269.72	26.59
1.0830	0.013561	-0.005975	43272.72	27.04
1.0841	0.013638	-0.005648	43275.72	27.06
1.0961	0.013558	-0.005863	43278.72	27.36
1.1081	0.013607	-0.005875	43281.72	27.66
1.1180	0.013747	-0.005738	43284.72	27.90
1.1311	0.013534	-0.005746	43287.72	28.23
1.1393	0.013673	-0.005846	43290.72	28.43
1.1470	0.013968	-0.005793	43293.72	28.62
1.1590	0.013786	-0.005580	43296.72	28.91
1.1699	0.013661	-0.005873	43299.72	29.18
1.1699	0.013720	-0.005637	43302.72	29.18
1.1787	0.013794	-0.005691	43305.72	29.40
1.1885	0.013801	-0.005645	43308.72	29.64
1.1956	0.013718	-0.005728	43311.72	29.82
1.2082	0.013719	-0.005559	43314.72	30.13
1.2142	0.013631	-0.005957	43317.72	30.28
1.2208	0.013925	-0.005751	43320.72	30.44
1.2301	0.013783	-0.005778	43323.72	30.67
1.2410	0.013606	-0.006039	43326.72	30.94
1.2514	0.013936	-0.005905	43329.72	31.19
1.2613	0.013914	-0.005787	43332.72	31.43
1.2733	0.013988	-0.005932	43335.72	31.73
1.2815	0.013785	-0.005830	43338.72	31.93
1.2881	0.013847	-0.005740	43341.72	32.09
1.2963	0.013618	-0.005646	43344.72	32.30
1.3039	0.014086	-0.005632	43347.72	32.48
1.3138	0.013914	-0.005682	43350.72	32.73
1.3247	0.013898	-0.005652	43353.72	33.00
1.3313	0.013925	-0.005792	43356.72	33.16
1.3384	0.013725	-0.005705	43359.72	33.33
1.3477	0.013873	-0.005656	43362.72	33.56
1.3515	0.014012	-0.005796	43365.72	33.65
1.3641	0.013934	-0.005811	43368.72	33.96
1.3717	0.013863	-0.005781	43371.72	34.15
1.3745	0.013828	-0.005908	43374.72	34.22
1.3865	0.013816	-0.005900	43377.72	34.51
1.3980	0.013822	-0.005966	43380.72	34.80
1.4068	0.013820	-0.006021	43383.72	35.01
1.4100	0.013779	-0.005818	43386.72	35.09
1.4226	0.014031	-0.005677	43389.72	35.40
1.4248	0.014179	-0.005678	43392.72	35.45
1.4385	0.014013	-0.005601	43395.72	35.79
1.4407	0.014204	-0.005535	43398.72	35.84
1.4505	0.013986	-0.005521	43401.72	36.08
1.4598	0.014253	-0.005649	43404.72	36.31
1.4658	0.014096	-0.005774	43407.72	36.46
1.4740	0.014068	-0.005594	43410.72	36.66
1.4839	0.014087	-0.005751	43413.72	36.90
1.4899	0.014202	-0.005522	43416.72	37.05
1.4997	0.014076	-0.005871	43419.72	37.29
1.5041	0.014127	-0.005686	43422.72	37.40
1.5172	0.014131	-0.005696	43425.72	37.72
1.5167	0.013832	-0.005710	43428.72	37.70
1.5233	0.014217	-0.005716	43431.72	37.86
1.5331	0.014188	-0.005794	43434.72	38.11
1.5380	0.014118	-0.005784	43437.72	38.23
1.5490	0.014048	-0.005746	43440.72	38.49
1.5484	0.014242	-0.005742	43443.72	38.48
1.5583	0.013893	-0.005807	43446.72	38.72
1.5637	0.014092	-0.006002	43449.72	38.85
1.5659	0.013986	-0.005835	43452.72	38.91
1.5725	0.014090	-0.005828	43455.72	39.07
1.5736	0.013979	-0.005966	43458.72	39.10
1.5790	0.014003	-0.005770	43461.72	39.23
1.5834	0.013872	-0.005834	43464.72	39.34
1.5872	0.014057	-0.006000	43467.72	39.43
1.5944	0.013937	-0.006220	43470.72	39.60
1.5955	0.013860	-0.005935	43473.72	39.63
1.5987	0.013809	-0.006078	43476.72	39.71
1.6004	0.013855	-0.006145	43479.72	39.75
1.6031	0.014017	-0.005894	43482.72	39.82
1.6064	0.013929	-0.005968	43485.72	39.90
1.6086	0.014033	-0.005998	43488.72	39.95
1.6151	0.014013	-0.006217	43491.72	40.11
1.6168	0.013808	-0.005859	43494.72	40.15
1.6151	0.014042	-0.006080	43497.72	40.11
1.6135	0.013929	-0.005981	43500.72	40.07
1.6151	0.013800	-0.006108	43503.72	40.11
1.6124	0.013856	-0.006072	43506.72	40.04
1.6091	0.013785	-0.006006	43509.72	39.96
1.6119	0.013729	-0.006299	43512.72	40.03
1.6053	0.013879	-0.006252	43515.72	39.87
1.6053	0.013961	-0.006110	43518.72	39.87
1.6042	0.013834	-0.006180	43521.72	39.84
1.6026	0.013666	-0.006244	43524.72	39.80
1.6004	0.013874	-0.006287	43527.72	39.75
1.6026	0.013583	-0.006309	43530.72	39.80
1.6020	0.013548	-0.006318	43533.72	39.79
1.6020	0.013596	-0.006374	43536.72	39.79
1.5965	0.013687	-0.006189	43539.72	39.66
1.5960	0.013731	-0.006319	43542.72	39.64
1.5982	0.013726	-0.006308	43545.72	39.70
1.5971	0.013669	-0.006320	43548.72	39.67
1.5944	0.013638	-0.006389	43551.72	39.60
1.5916	0.013741	-0.006237	43554.72	39.54
1.5944	0.013659	-0.006327	43557.72	39.60
1.5883	0.013753	-0.006320	43560.72	39.46
1.5911	0.013550	-0.006471	43563.72	39.52
1.5922	0.013412	-0.006558	43566.72	39.55
1.5927	0.013531	-0.006487	43569.72	39.56
1.5911	0.013613	-0.006372	43572.72	39.52
1.5894	0.013508	-0.006404	43575.72	39.48
1.5840	0.013637	-0.006312	43578.72	39.35
1.5807	0.013706	-0.006345	43581.72	39.27
1.5769	0.013470	-0.006333	43584.72	39.18
1.5741	0.013515	-0.006392	43587.72	39.11
1.5697	0.013468	-0.006578	43590.72	39.00
1.5676	0.013336	-0.006566	43593.72	38.95
1.5659	0.013548	-0.006442	43596.72	38.91
1.5577	0.013536	-0.006423	43599.72	38.71
1.5561	0.013382	-0.006534	43602.72	38.67
1.5528	0.013437	-0.006445	43605.72	38.59
1.5479	0.013433	-0.006496	43608.72	38.47
1.5501	0.013315	-0.006463	43611.72	38.52
1.5424	0.013439	-0.006537	43614.72	38.33
1.5375	0.013428	-0.006563	43617.72	38.21
1.5326	0.013382	-0.006507	43620.72	38.09
1.5238	0.013523	-0.006503	43623.72	37.88
1.5211	0.013428	-0.006527	43626.72	37.81
1.5161	0.013421	-0.006557	43629.72	37.69
1.5118	0.013413	-0.006552	43632.72	37.58
1.5068	0.013353	-0.006536	43635.72	37.46
1.5047	0.013371	-0.006515	43638.72	37.41
1.4992	0.013366	-0.006502	43641.72	37.28
1.4948	0.013388	-0.006523	43644.72	37.17
1.4877	0.013459	-0.006514	43647.72	36.99
1.4806	0.013305	-0.006490	43650.72	36.82
1.4779	0.013360	-0.006603	43653.72	36.75
1.4713	0.013389	-0.006588	43656.72	36.59
1.4669	0.013234	-0.006508	43659.72	36.49
1.4614	0.013272	-0.006505	43662.72	36.35
1.4532	0.013287	-0.006609	43665.72	36.15
1.4494	0.013301	-0.006441	43668.72	36.06
1.4418	0.013279	-0.006532	43671.72	35.87
1.4379	0.013371	-0.006504	43674.72	35.77
1.4286	0.013297	-0.006424	43677.72	35.55
1.4215	0.013345	-0.006499	43680.72	35.37
1.4188	0.013332	-0.006536	43683.72	35.31
1.4100	0.013327	-0.006528	43686.72	35.09
1.4029	0.013283	-0.006460	43689.72	34.92
1.3975	0.013325	-0.006476	43692.72	34.78
1.3936	0.013260	-0.006490	43695.72	34.69
1.3865	0.013344	-0.006487	43698.72	34.51
1.3756	0.013281	-0.006467	43701.72	34.24
1.3707	0.013294	-0.006490	43704.72	34.12
1.3657	0.013312	-0.006457	43707.72	34.00
1.3592	0.013250	-0.006374	43710.72	33.84
1.3537	0.013275	-0.006471	43713.72	33.71
1.3488	0.013272	-0.006470	43716.72	33.59
1.3395	0.013367	-0.006430	43719.72	33.36
1.3335	0.013375	-0.006400	43722.72	33.21
1.3264	0.013286	-0.006342	43725.72	33.04
1.3171	0.013309	-0.006430	43728.72	32.81
1.3116	0.013294	-0.006464	43731.72	32.67
1.3061	0.013239	-0.006395	43734.72	32.54
1.2990	0.013272	-0.006362	43737.72	32.36
1.2903	0.013374	-0.006389	43740.72	32.15
1.2848	0.013251	-0.006379	43743.72	32.01
1.2771	0.013319	-0.006339	43746.72	31.82
1.2678	0.013312	-0.006360	43749.72	31.60
1.2629	0.013322	-0.006387	43752.72	31.48
1.2563	0.013341	-0.006430	43755.72	31.31
1.2525	0.013373	-0.006359	43758.72	31.22
1.2443	0.013354	-0.006292	43761.72	31.02
1.2372	0.013353	-0.006311	43764.72	30.84
1.2306	0.013427	-0.006313	43767.72	30.68
1.2268	0.013290	-0.006312	43770.72	30.59
1.2181	0.013404	-0.006284	43773.72	30.37
1.2131	0.013320	-0.006265	43776.72	30.25
1.2088	0.013415	-0.006382	43779.72	30.14
1.2011	0.013341	-0.006253	43782.72	29.95
1.1951	0.013317	-0.006298	43785.72	29.80
1.1880	0.013305	-0.006333	43788.72	29.63
1.1787	0.013372	-0.006252	43791.72	29.40
1.1699	0.013345	-0.006211	43794.72	29.18
1.1639	0.013353	-0.006348	43797.72	29.04
1.1557	0.013331	-0.006350	43800.72	28.83
1.1491	0.013297	-0.006253	43803.72	28.67
1.1420	0.013238	-0.006173	43806.72	28.50
1.1355	0.013291	-0.006325	43809.72	28.33
1.1273	0.013348	-0.006340	43812.72	28.13
1.1174	0.013228	-0.006336	43815.72	27.89
1.1130	0.013347	-0.006252	43818.72	27.78
1.1043	0.013275	-0.006142	43821.72	27.56
1.0977	0.013364	-0.006328	43824.72	27.40
1.0917	0.013317	-0.006207	43827.72	27.25
1.0851	0.013267	-0.006131	43830.72	27.09
1.0786	0.013300	-0.006217	43833.72	26.93
1.0726	0.013234	-0.006196	43836.72	26.78
1.0649	0.013225	-0.006230	43839.72	26.59
1.0616	0.013306	-0.006193	43842.72	26.51
1.0551	0.013313	-0.006281	43845.72	26.35
1.0562	0.013358	-0.006205	43848.72	26.37
1.0540	0.013281	-0.006230	43851.72	26.32
1.0534	0.013286	-0.006095	43854.72	26.31
1.0507	0.013256	-0.006141	43857.72	26.24
1.0507	0.013259	-0.006115	43860.72	26.24
1.0485	0.013403	-0.006178	43863.72	26.18
1.0480	0.013296	-0.006195	43866.72	26.17
1.0469	0.013218	-0.006195	43869.72	26.14
1.0458	0.013335	-0.006175	43872.72	26.12
1.0463	0.013261	-0.006210	43875.72	26.13
1.0436	0.013304	-0.006241	43878.72	26.06
1.0430	0.013298	-0.006203	43881.72	26.05
1.0414	0.013217	-0.006269	43884.72	26.01
1.0408	0.013281	-0.006174	43887.72	25.99
1.0397	0.013301	-0.006136	43890.72	25.97
1.0419	0.013372	-0.006174	43893.72	26.02
1.0414	0.013236	-0.006212	43896.72	26.01
1.0397	0.013229	-0.006146	43899.72	25.97
1.0387	0.013247	-0.006173	43902.72	25.94
1.0408	0.013360	-0.006256	43905.72	25.99
1.0392	0.013238	-0.006197	43908.72	25.95
1.0403	0.013252	-0.006132	43911.72	25.98
1.0397	0.013239	-0.006155	43914.72	25.97
1.0387	0.013157	-0.006185	43917.72	25.94
1.0370	0.013198	-0.006202	43920.72	25.90
1.0365	0.013273	-0.006257	43923.72	25.89
1.0359	0.013277	-0.006201	43926.72	25.87
1.0370	0.013178	-0.006189	43929.72	25.90
1.0370	0.013248	-0.006207	43932.72	25.90
1.0365	0.013247	-0.006185	43935.72	25.89
1.0354	0.013300	-0.006190	43938.72	25.86
1.0348	0.013220	-0.006183	43941.72	25.85
1.0332	0.013188	-0.006187	43944.72	25.81
1.0337	0.013256	-0.006191	43947.72	25.82
1.0348	0.013336	-0.006209	43950.72	25.85
1.0326	0.013299	-0.006222	43953.72	25.79
1.0315	0.013309	-0.006210	43956.72	25.76
1.0310	0.013261	-0.006177	43959.72	25.75
1.0305	0.013253	-0.006122	43962.72	25.74
1.0315	0.013258	-0.006196	43965.72	25.76
1.0294	0.013257	-0.006280	43968.72	25.71
1.0294	0.013260	-0.006229	43971.72	25.71
1.0294	0.013116	-0.006222	43974.72	25.71
1.0266	0.013239	-0.006159	43977.72	25.64
1.0305	0.013367	-0.006163	43980.72	25.74
1.0299	0.013307	-0.006175	43983.72	25.72
1.0283	0.013287	-0.006158	43986.72	25.68
1.0288	0.013201	-0.006172	43989.72	25.70
1.0294	0.013202	-0.006215	43992.72	25.71
1.0283	0.013286	-0.006297	43995.72	25.68
1.0261	0.013210	-0.006213	43998.72	25.63
1.0272	0.013335	-0.006177	44001.72	25.66
1.0288	0.013232	-0.006214	44004.72	25.70
1.0277	0.013141	-0.006223	44007.72	25.67
1.0272	0.013275	-0.006188	44010.72	25.66
1.0250	0.013290	-0.006214	44013.72	25.60
1.0266	0.013217	-0.006239	44016.72	25.64
1.0266	0.013206	-0.006196	44019.72	25.64
1.0277	0.013157	-0.006257	44022.72	25.67
1.0244	0.013119	-0.006329	44025.72	25.59
1.0255	0.013225	-0.006236	44028.72	25.62
1.0255	0.013126	-0.006283	44031.72	25.62
1.0244	0.013241	-0.006294	44034.72	25.59
1.0250	0.013147	-0.006220	44037.72	25.60
1.0244	0.013215	-0.006230	44040.72	25.59
1.0244	0.013133	-0.006237	44043.72	25.59
1.0272	0.013174	-0.006308	44046.72	25.66
1.0250	0.013108	-0.006291	44049.72	25.60
1.0255	0.013166	-0.006218	44052.72	25.62
1.0228	0.013197	-0.006275	44055.72	25.55
1.0233	0.013192	-0.006294	44058.72	25.56
1.0217	0.013091	-0.006298	44061.72	25.52
1.0228	0.013193	-0.006237	44064.72	25.55
1.0239	0.013070	-0.006246	44067.72	25.58
1.0212	0.013134	-0.006335	44070.72	25.51
1.0233	0.013141	-0.006315	44073.72	25.56
1.0233	0.013157	-0.006196	44076.72	25.56
