1.6605	0.013508	-0.006700	49488.55	41.22
1.6551	0.013482	-0.006678	49491.55	41.09
1.6556	0.013426	-0.005067	49494.55	41.10
1.6534	0.013500	-0.006699	49497.55	41.05
1.6501	0.013450	-0.006510	49500.55	40.97
1.6469	0.013562	-0.006532	49503.55	40.89
1.6430	0.013467	-0.006670	49506.55	40.79
1.6403	0.013467	-0.006697	49509.55	40.73
1.6387	0.013512	-0.006584	49512.55	40.69
1.6348	0.013387	-0.006603	49515.55	40.59
1.6321	0.013429	-0.006690	49518.55	40.52
1.6299	0.013442	-0.006634	49521.55	40.47
1.6266	0.013582	-0.006532	49524.55	40.39
1.6239	0.013426	-0.006676	49527.55	40.32
1.6212	0.013415	-0.006707	49530.55	40.26
1.6162	0.013399	-0.006664	49533.55	40.14
1.6146	0.013471	-0.006753	49536.55	40.10
1.6097	0.014030	-0.006675	49539.55	39.98
1.6075	0.013394	-0.006686	49542.55	39.92
1.6037	0.013510	-0.006672	49545.55	39.83
1.6026	0.013508	-0.006509	49548.55	39.80
1.5987	0.013372	-0.006602	49551.55	39.71
1.5960	0.013470	-0.006648	49554.55	39.64
1.5922	0.013486	-0.006561	49557.55	39.55
1.5905	0.013593	-0.006423	49560.55	39.51
1.5889	0.013457	-0.006635	49563.55	39.47
1.5840	0.013562	-0.006634	49566.55	39.35
1.5818	0.013500	-0.006666	49569.55	39.30
1.5785	0.013623	-0.005794	49572.55	39.22
1.5769	0.013420	-0.006583	49575.55	39.18
1.5747	0.013437	-0.006500	49578.55	39.12
1.5725	0.013508	-0.005080	49581.55	39.07
1.5676	0.013417	-0.006572	49584.55	38.95
1.5659	0.014929	-0.006681	49587.55	38.91
1.5632	0.013361	-0.006671	49590.55	38.84
1.5615	0.013448	-0.006516	49593.55	38.80
1.5583	0.013555	-0.006502	49596.55	38.72
1.5555	0.013457	-0.006611	49599.55	38.65
1.5528	0.013413	-0.006650	49602.55	38.59
1.5501	0.013458	-0.005895	49605.55	38.52
1.5473	0.013591	-0.006344	49608.55	38.45
1.5446	0.013470	-0.006561	49611.55	38.39
1.5418	0.013483	-0.006454	49614.55	38.32
1.5375	0.013576	-0.006524	49617.55	38.21
1.5380	0.013652	-0.004076	49620.55	38.23
1.5358	0.013538	-0.006525	49623.55	38.17
1.5331	0.014203	-0.006513	49626.55	38.11
1.5293	0.013670	-0.006421	49629.55	38.01
1.5254	0.013685	-0.006388	49632.55	37.92
1.5260	0.013468	-0.006446	49635.55	37.93
1.5216	0.013507	-0.006504	49638.55	37.82
1.5200	0.013486	-0.006551	49641.55	37.78
1.5156	0.013607	-0.006580	49644.55	37.68
1.5145	0.013488	-0.006554	49647.55	37.65
1.5134	0.013485	-0.006575	49650.55	37.62
1.5090	0.013559	-0.006503	49653.55	37.52
1.5068	0.013481	-0.006497	49656.55	37.46
1.5057	0.013390	-0.006594	49659.55	37.44
1.5014	0.013347	-0.006562	49662.55	37.33
1.4992	0.013427	-0.006493	49665.55	37.28
1.4986	0.013379	-0.006597	49668.55	37.26
1.4954	0.013377	-0.006600	49671.55	37.18
1.4921	0.013437	-0.006520	49674.55	37.10
1.4899	0.013497	-0.006352	49677.55	37.05
1.4877	0.013443	-0.006419	49680.55	36.99
1.4844	0.013294	-0.006586	49683.55	36.91
1.4822	0.013457	-0.006604	49686.55	36.86
1.4784	0.013495	-0.006466	49689.55	36.77
1.4768	0.013346	-0.004652	49692.55	36.73
1.4746	0.013364	-0.006568	49695.55	36.67
1.4718	0.014348	-0.006389	49698.55	36.61
1.4702	0.013579	-0.006223	49701.55	36.57
1.4675	0.013308	-0.006537	49704.55	36.50
1.4631	0.014401	-0.006029	49707.55	36.39
1.4625	0.013416	-0.006456	49710.55	36.38
1.4587	0.013607	-0.006433	49713.55	36.28
1.4576	0.013412	-0.006580	49716.55	36.26
1.4554	0.013406	-0.006511	49719.55	36.20
1.4522	0.014907	-0.006513	49722.55	36.12
1.4494	0.013404	-0.006418	49725.55	36.06
1.4478	0.013483	-0.006445	49728.55	36.02
1.4439	0.014134	-0.005715	49731.55	35.92
1.4412	0.013549	-0.006283	49734.55	35.86
1.4401	0.013615	-0.006458	49737.55	35.83
1.4368	0.013501	-0.006238	49740.55	35.75
1.4352	0.013550	-0.006439	49743.55	35.71
1.4319	0.013619	-0.006243	49746.55	35.63
1.4292	0.013663	-0.006295	49749.55	35.56
1.4264	0.013608	-0.006217	49752.55	35.49
1.4210	0.013555	-0.006128	49755.55	35.36
1.4204	0.013504	-0.006392	49758.55	35.35
1.4177	0.013711	-0.006314	49761.55	35.28
1.4150	0.013567	-0.006379	49764.55	35.21
1.4111	0.013558	-0.006260	49767.55	35.12
1.4078	0.013598	-0.006252	49770.55	35.04
1.4051	0.013776	-0.006170	49773.55	34.97
1.4035	0.013501	-0.006312	49776.55	34.93
1.4007	0.013531	-0.005403	49779.55	34.86
1.3969	0.013540	-0.006356	49782.55	34.77
1.3947	0.015209	-0.006310	49785.55	34.71
1.3914	0.013577	-0.006304	49788.55	34.63
1.3909	0.013583	-0.006400	49791.55	34.62
1.3871	0.013807	-0.004459	49794.55	34.53
1.3838	0.014904	-0.006174	49797.55	34.45
1.3816	0.014450	-0.006178	49800.55	34.39
1.3783	0.013443	-0.006084	49803.55	34.31
1.3761	0.013703	-0.004766	49806.55	34.26
1.3734	0.014414	-0.005702	49809.55	34.19
1.3690	0.015012	-0.006409	49812.55	34.08
1.3663	0.013423	-0.006253	49815.55	34.02
1.3635	0.013561	-0.005317	49818.55	33.95
1.3603	0.014505	-0.004721	49821.55	33.87
1.3570	0.015447	-0.006382	49824.55	33.79
1.3548	0.014930	-0.006320	49827.55	33.73
1.3510	0.013586	-0.005879	49830.55	33.64
1.3488	0.013810	-0.004370	49833.55	33.59
1.3449	0.014854	-0.006267	49836.55	33.49
1.3422	0.014263	-0.006359	49839.55	33.43
1.3395	0.013495	-0.006087	49842.55	33.36
1.3356	0.015147	-0.004803	49845.55	33.26
1.3356	0.014234	-0.005363	49848.55	33.26
1.3324	0.014847	-0.006398	49851.55	33.18
1.3280	0.013446	-0.004413	49854.55	33.08
1.3253	0.013491	-0.005307	49857.55	33.01
1.3198	0.014067	-0.005238	49860.55	32.87
1.3192	0.015236	-0.006401	49863.55	32.86
1.3143	0.015110	-0.006254	49866.55	32.74
1.3138	0.014470	-0.005828	49869.55	32.73
1.3088	0.013951	-0.005062	49872.55	32.61
1.3067	0.013931	-0.005080	49875.55	32.55
1.3028	0.013421	-0.004835	49878.55	32.46
1.2990	0.013550	-0.005620	49881.55	32.36
1.2957	0.013983	-0.004974	49884.55	32.28
1.2919	0.015120	-0.006404	49887.55	32.19
1.2886	0.015303	-0.006251	49890.55	32.11
1.2831	0.013532	-0.005446	49893.55	31.97
1.2810	0.013890	-0.004903	49896.55	31.92
1.2738	0.015044	-0.006390	49899.55	31.74
1.2700	0.013883	-0.004905	49902.55	31.65
1.2689	0.013943	-0.005559	49905.55	31.62
1.2629	0.014783	-0.004617	49908.55	31.48
1.2574	0.014793	-0.006354	49911.55	31.34
1.2542	0.014815	-0.006322	49914.55	31.26
1.2498	0.014286	-0.005077	49917.55	31.15
1.2454	0.013645	-0.004620	49920.55	31.04
1.2432	0.013770	-0.006305	49923.55	30.99
1.2383	0.014124	-0.005296	49926.55	30.87
1.2323	0.014025	-0.005646	49929.55	30.72
1.2301	0.014628	-0.005895	49932.55	30.67
1.2279	0.014823	-0.005709	49935.55	30.61
1.2219	0.015023	-0.006173	49938.55	30.46
1.2192	0.014092	-0.005899	49941.55	30.40
1.2131	0.013631	-0.004574	49944.55	30.25
1.2093	0.013654	-0.004519	49947.55	30.15
1.2071	0.014122	-0.005136	49950.55	30.10
1.2016	0.014071	-0.005763	49953.55	29.97
1.1962	0.014814	-0.005743	49956.55	29.83
1.1896	0.014953	-0.006092	49959.55	29.67
1.1880	0.015040	-0.006171	49962.55	29.63
1.1814	0.014881	-0.005258	49965.55	29.47
1.1803	0.013673	-0.004476	49968.55	29.44
1.1743	0.013618	-0.005026	49971.55	29.29
1.1705	0.014289	-0.004900	49974.55	29.20
1.1639	0.014014	-0.005865	49977.55	29.04
1.1617	0.015311	-0.005855	49980.55	28.98
1.1546	0.014590	-0.006035	49983.55	28.81
1.1513	0.014445	-0.005806	49986.55	28.72
1.1480	0.014471	-0.005039	49989.55	28.64
1.1404	0.013446	-0.004698	49992.55	28.46
1.1355	0.013615	-0.004520	49995.55	28.33
1.1305	0.014517	-0.005268	49998.55	28.21
1.1262	0.014109	-0.005358	50001.55	28.10
1.1212	0.015308	-0.005816	50004.55	27.98
1.1169	0.014271	-0.005557	50007.55	27.87
1.1119	0.014598	-0.005717	50010.55	27.75
1.1070	0.013626	-0.005161	50013.55	27.63
1.1005	0.014439	-0.004907	50016.55	27.47
1.0961	0.014171	-0.004765	50019.55	27.36
1.0906	0.014664	-0.004462	50022.55	27.23
1.0862	0.014027	-0.005467	50025.55	27.12
1.0775	0.014518	-0.004942	50028.55	26.90
1.0704	0.014132	-0.005601	50031.55	26.73
1.0660	0.014763	-0.004736	50034.55	26.62
1.0594	0.013692	-0.004674	50037.55	26.45
1.0534	0.014901	-0.005093	50040.55	26.31
1.0463	0.013889	-0.004940	50043.55	26.13
1.0414	0.014721	-0.005076	50046.55	26.01
1.0365	0.013923	-0.005140	50049.55	25.89
1.0283	0.015013	-0.005683	50052.55	25.68
1.0228	0.014031	-0.005446	50055.55	25.55
1.0162	0.014716	-0.005446	50058.55	25.39
1.0119	0.013444	-0.005127	50061.55	25.28
1.0047	0.013264	-0.005141	50064.55	25.10
0.9965	0.014405	-0.004760	50067.55	24.90
0.9894	0.015306	-0.005976	50070.55	24.72
0.9845	0.013669	-0.004808	50073.55	24.60
0.9785	0.015035	-0.005564	50076.55	24.45
0.9714	0.013775	-0.004589	50079.55	24.27
0.9643	0.014877	-0.005527	50082.55	24.10
0.9561	0.013951	-0.004779	50085.55	23.89
0.9495	0.014631	-0.005610	50088.55	23.73
0.9429	0.013936	-0.005598	50091.55	23.57
0.9358	0.014802	-0.005858	50094.55	23.39
0.9282	0.014062	-0.004542	50097.55	23.20
0.9238	0.014479	-0.005759	50100.55	23.09
0.9178	0.013514	-0.004132	50103.55	22.95
0.9118	0.013376	-0.004416	50106.55	22.80
0.9068	0.014384	-0.004644	50109.55	22.67
0.9019	0.014250	-0.005128	50112.55	22.55
0.8937	0.014580	-0.005717	50115.55	22.35
0.8899	0.013881	-0.005161	50118.55	22.25
0.8811	0.014835	-0.005168	50121.55	22.04
0.8735	0.013580	-0.004547	50124.55	21.85
0.8620	0.013267	-0.005219	50127.55	21.56
0.8516	0.013766	-0.005522	50130.55	21.30
0.8472	0.014397	-0.005988	50133.55	21.19
0.8325	0.014255	-0.004718	50136.55	20.83
0.8237	0.014469	-0.005169	50139.55	20.61
0.8144	0.014315	-0.004252	50142.55	20.38
0.8029	0.013214	-0.005414	50145.55	20.09
0.7909	0.014062	-0.004864	50148.55	19.79
0.7789	0.013815	-0.005087	50151.55	19.49
0.7685	0.014645	-0.005097	50154.55	19.23
0.7581	0.013686	-0.005176	50157.55	18.98
0.7477	0.013740	-0.005482	50160.55	18.72
0.7378	0.013507	-0.004720	50163.55	18.47
0.7269	0.014863	-0.005376	50166.55	18.20
0.7149	0.013578	-0.004701	50169.55	17.90
0.7056	0.014537	-0.005629	50172.55	17.67
0.6952	0.013990	-0.006012	50175.55	17.41
0.6837	0.014272	-0.005908	50178.55	17.12
0.6706	0.013822	-0.005032	50181.55	16.80
0.6634	0.014204	-0.005427	50184.55	16.62
0.6525	0.014312	-0.005669	50187.55	16.34
0.6416	0.013759	-0.005002	50190.55	16.07
0.6366	0.014741	-0.005474	50193.55	15.95
0.6257	0.013389	-0.005020	50196.55	15.68
0.6159	0.014862	-0.004841	50199.55	15.43
0.6077	0.013710	-0.004666	50202.55	15.23
0.5989	0.014553	-0.005182	50205.55	15.01
0.5940	0.013829	-0.004628	50208.55	14.88
0.5798	0.014121	-0.005873	50211.55	14.53
0.5721	0.014289	-0.004822	50214.55	14.34
0.5666	0.014004	-0.005473	50217.55	14.20
0.5584	0.014185	-0.004874	50220.55	14.00
0.5579	0.014029	-0.005311	50223.55	13.98
0.5448	0.014487	-0.004869	50226.55	13.65
0.5409	0.013617	-0.004897	50229.55	13.56
0.5294	0.013984	-0.005721	50232.55	13.27
0.5284	0.014095	-0.004569	50235.55	13.24
0.5240	0.014808	-0.005824	50238.55	13.13
0.5130	0.014498	-0.004812	50241.55	12.86
0.5026	0.013869	-0.005896	50244.55	12.60
0.4961	0.014029	-0.004696	50247.55	12.44
0.4851	0.013660	-0.005605	50250.55	12.16
0.4830	0.014416	-0.005940	50253.55	12.11
0.4753	0.014012	-0.005279	50256.55	11.92
0.4638	0.014572	-0.006639	50259.55	11.63
0.4589	0.014125	-0.005175	50262.55	11.51
0.4540	0.014515	-0.006270	50265.55	11.38
0.4447	0.014558	-0.005601	50268.55	11.15
0.4397	0.014394	-0.006477	50271.55	11.03
0.4283	0.014663	-0.006481	50274.55	10.74
0.4266	0.014064	-0.006135	50277.55	10.70
0.4212	0.015262	-0.006554	50280.55	10.56
0.4102	0.014283	-0.005979	50283.55	10.29
0.4037	0.015335	-0.007181	50286.55	10.12
0.3916	0.014153	-0.006028	50289.55	9.82
0.3861	0.014698	-0.006732	50292.55	9.68
0.3763	0.015086	-0.006472	50295.55	9.44
0.3719	0.014882	-0.006347	50298.55	9.33
0.3665	0.015822	-0.006827	50301.55	9.19
0.3522	0.014664	-0.006001	50304.55	8.84
0.3418	0.015931	-0.007543	50307.55	8.57
0.3304	0.014580	-0.006466	50310.55	8.29
0.3150	0.014822	-0.006985	50313.55	7.90
0.3068	0.015771	-0.007040	50316.55	7.70
0.2926	0.014881	-0.006469	50319.55	7.34
0.2828	0.015952	-0.007623	50322.55	7.09
0.2691	0.015163	-0.006272	50325.55	6.75
0.2571	0.015493	-0.007320	50328.55	6.45
0.2418	0.015807	-0.006798	50331.55	6.07
0.2303	0.015487	-0.006779	50334.55	5.78
0.2160	0.015676	-0.006745	50337.55	5.42
0.1991	0.015989	-0.006574	50340.55	5.00
0.1876	0.016084	-0.007794	50343.55	4.71
0.1712	0.015845	-0.006707	50346.55	4.30
0.1592	0.015641	-0.007096	50349.55	3.99
0.1471	0.016174	-0.007373	50352.55	3.69
0.1291	0.015990	-0.006968	50355.55	3.24
0.1088	0.016114	-0.007857	50358.55	2.73
0.0985	0.015729	-0.006132	50361.55	2.47
0.0848	0.015761	-0.007320	50364.55	2.13
0.0711	0.016184	-0.007337	50367.55	1.78
0.0536	0.016426	-0.007149	50370.55	1.34
0.0394	0.016767	-0.007421	50373.55	0.99
0.0213	0.015789	-0.007123	50376.55	0.54
0.0093	0.015983	-0.007781	50379.55	0.23
-0.0055	0.017102	-0.006933	50382.55	-0.14
-0.0257	0.016455	-0.007197	50385.55	-0.65
-0.0399	0.016319	-0.006434	50388.55	-1.01
-0.0580	0.017363	-0.006933	50391.55	-1.46
-0.0760	0.016554	-0.007777	50394.55	-1.92
-0.0919	0.016792	-0.006421	50397.55	-2.32
-0.1050	0.017193	-0.006571	50400.55	-2.66
-0.1187	0.016608	-0.006583	50403.55	-3.00
-0.1362	0.015974	-0.006264	50406.55	-3.45
-0.1521	0.016691	-0.006453	50409.55	-3.85
-0.1630	0.016733	-0.006742	50412.55	-4.13
-0.1794	0.017074	-0.007770	50415.55	-4.55
-0.1942	0.016291	-0.006002	50418.55	-4.93
-0.2051	0.016656	-0.007234	50421.55	-5.20
-0.2226	0.016617	-0.006590	50424.55	-5.65
-0.2363	0.016965	-0.007175	50427.55	-6.00
-0.2489	0.016740	-0.006501	50430.55	-6.32
-0.2658	0.015694	-0.006329	50433.55	-6.76
-0.2800	0.017008	-0.007362	50436.55	-7.12
-0.2943	0.016574	-0.006413	50439.55	-7.49
-0.3036	0.016487	-0.007577	50442.55	-7.73
-0.3254	0.016600	-0.007003	50445.55	-8.29
-0.3380	0.016486	-0.006779	50448.55	-8.61
-0.3572	0.016208	-0.006191	50451.55	-9.10
-0.3648	0.017170	-0.006713	50454.55	-9.30
-0.3801	0.016953	-0.007094	50457.55	-9.69
-0.3883	0.017159	-0.006443	50460.55	-9.91
-0.4042	0.016839	-0.007312	50463.55	-10.31
-0.4217	0.017132	-0.006072	50466.55	-10.77
-0.4326	0.017512	-0.005785	50469.55	-11.05
-0.4485	0.016438	-0.006386	50472.55	-11.46
-0.4605	0.017043	-0.006121	50475.55	-11.77
-0.4758	0.016829	-0.005692	50478.55	-12.16
-0.4895	0.016834	-0.006251	50481.55	-12.52
-0.4966	0.017031	-0.005952	50484.55	-12.70
-0.5109	0.016178	-0.006214	50487.55	-13.07
-0.5185	0.017074	-0.007023	50490.55	-13.27
-0.5322	0.016669	-0.005906	50493.55	-13.62
-0.5404	0.016983	-0.006666	50496.55	-13.83
-0.5584	0.016971	-0.006884	50499.55	-14.30
-0.5650	0.016356	-0.005497	50502.55	-14.47
-0.5705	0.016527	-0.005891	50505.55	-14.61
-0.5847	0.016760	-0.006110	50508.55	-14.98
-0.5951	0.017009	-0.006705	50511.55	-15.25
-0.6049	0.016885	-0.007041	50514.55	-15.51
-0.6126	0.016207	-0.005390	50517.55	-15.71
-0.6208	0.016625	-0.005824	50520.55	-15.92
-0.6345	0.016846	-0.005773	50523.55	-16.28
-0.6388	0.016924	-0.006672	50526.55	-16.39
-0.6443	0.016914	-0.005956	50529.55	-16.53
-0.6552	0.016177	-0.005907	50532.55	-16.82
-0.6624	0.016854	-0.006457	50535.55	-17.00
-0.6695	0.017038	-0.005796	50538.55	-17.19
-0.6695	0.016727	-0.006833	50541.55	-17.19
-0.6820	0.016466	-0.006169	50544.55	-17.52
-0.6908	0.016345	-0.005968	50547.55	-17.74
-0.6842	0.017015	-0.005940	50550.55	-17.57
-0.6946	0.017031	-0.006308	50553.55	-17.84
-0.6996	0.017415	-0.006644	50556.55	-17.97
-0.7116	0.017712	-0.006137	50559.55	-18.29
-0.7110	0.017074	-0.006137	50562.55	-18.27
-0.7171	0.017193	-0.005799	50565.55	-18.43
-0.7231	0.017949	-0.005376	50568.55	-18.59
-0.7329	0.016773	-0.005957	50571.55	-18.84
-0.7324	0.017570	-0.005764	50574.55	-18.83
-0.7384	0.016985	-0.005916	50577.55	-18.99
-0.7471	0.016937	-0.006244	50580.55	-19.21
-0.7526	0.017085	-0.005682	50583.55	-19.36
-0.7510	0.016198	-0.005449	50586.55	-19.31
-0.7553	0.017209	-0.006064	50589.55	-19.43
-0.7608	0.016962	-0.005940	50592.55	-19.57
-0.7652	0.016675	-0.006919	50595.55	-19.69
-0.7668	0.017735	-0.005727	50598.55	-19.73
-0.7668	0.016754	-0.005657	50601.55	-19.73
-0.7717	0.017399	-0.006360	50604.55	-19.86
-0.7805	0.016905	-0.006328	50607.55	-20.09
-0.7800	0.017254	-0.006671	50610.55	-20.07
-0.7805	0.017950	-0.005565	50613.55	-20.09
-0.7887	0.017571	-0.005511	50616.55	-20.30
-0.7876	0.017572	-0.005857	50619.55	-20.27
-0.7887	0.017503	-0.005127	50622.55	-20.30
-0.7898	0.016819	-0.005208	50625.55	-20.33
-0.7985	0.017070	-0.005724	50628.55	-20.56
-0.7925	0.017344	-0.005218	50631.55	-20.40
-0.7942	0.016884	-0.006331	50634.55	-20.44
-0.7958	0.016666	-0.005563	50637.55	-20.49
-0.8046	0.016429	-0.005927	50640.55	-20.72
-0.7985	0.017146	-0.005443	50643.55	-20.56
-0.8073	0.017345	-0.005936	50646.55	-20.79
-0.8057	0.017360	-0.006053	50649.55	-20.74
-0.8150	0.017811	-0.004657	50652.55	-20.99
-0.8122	0.017810	-0.005443	50655.55	-20.92
-0.8150	0.017292	-0.005633	50658.55	-20.99
-0.8226	0.017384	-0.005210	50661.55	-21.19
-0.8111	0.016926	-0.004731	50664.55	-20.89
-0.8182	0.017309	-0.005543	50667.55	-21.07
-0.8215	0.017179	-0.005512	50670.55	-21.16
-0.8275	0.017482	-0.006567	50673.55	-21.32
-0.8204	0.017009	-0.005331	50676.55	-21.13
-0.8264	0.016990	-0.006027	50679.55	-21.29
-0.8292	0.017220	-0.005518	50682.55	-21.36
-0.8346	0.016433	-0.005943	50685.55	-21.50
-0.8215	0.017528	-0.005716	50688.55	-21.16
-0.8314	0.016445	-0.005822	50691.55	-21.42
-0.8253	0.017442	-0.005695	50694.55	-21.26
-0.8144	0.017860	-0.005778	50697.55	-20.97
-0.8084	0.017753	-0.005866	50700.55	-20.82
-0.7991	0.016584	-0.005414	50703.55	-20.57
-0.7898	0.016501	-0.005799	50706.55	-20.33
-0.7816	0.016719	-0.005582	50709.55	-20.11
-0.7712	0.016624	-0.006423	50712.55	-19.84
-0.7625	0.017285	-0.005142	50715.55	-19.61
-0.7504	0.017136	-0.006491	50718.55	-19.30
-0.7417	0.017024	-0.006670	50721.55	-19.07
-0.7329	0.016670	-0.005395	50724.55	-18.84
-0.7247	0.016139	-0.005762	50727.55	-18.63
-0.7143	0.016873	-0.005638	50730.55	-18.36
-0.7045	0.017237	-0.006228	50733.55	-18.10
-0.6952	0.016694	-0.006513	50736.55	-17.86
-0.6859	0.017423	-0.006829	50739.55	-17.62
-0.6782	0.016712	-0.006132	50742.55	-17.42
-0.6695	0.016624	-0.006317	50745.55	-17.19
-0.6574	0.016144	-0.005552	50748.55	-16.87
-0.6509	0.016058	-0.006300	50751.55	-16.70
-0.6427	0.017019	-0.006126	50754.55	-16.49
-0.6312	0.017854	-0.006380	50757.55	-16.19
-0.6213	0.017448	-0.006984	50760.55	-15.94
-0.6126	0.016654	-0.005808	50763.55	-15.71
-0.6044	0.016291	-0.005342	50766.55	-15.49
-0.5989	0.016410	-0.005203	50769.55	-15.35
-0.5896	0.016820	-0.006266	50772.55	-15.11
-0.5792	0.016658	-0.006615	50775.55	-14.84
-0.5732	0.017664	-0.006731	50778.55	-14.69
-0.5634	0.017140	-0.006430	50781.55	-14.43
-0.5562	0.016930	-0.006455	50784.55	-14.25
-0.5475	0.016411	-0.005615	50787.55	-14.02
-0.5409	0.016012	-0.006206	50790.55	-13.85
-0.5305	0.016754	-0.006112	50793.55	-13.58
-0.5234	0.017629	-0.006704	50796.55	-13.40
-0.5152	0.016462	-0.006968	50799.55	-13.18
-0.5087	0.017115	-0.006597	50802.55	-13.01
-0.5021	0.016459	-0.005781	50805.55	-12.84
-0.4944	0.016710	-0.006415	50808.55	-12.64
-0.4857	0.016603	-0.006339	50811.55	-12.42
-0.4791	0.016730	-0.007002	50814.55	-12.25
-0.4715	0.017826	-0.005566	50817.55	-12.05
-0.4655	0.016916	-0.006509	50820.55	-11.90
-0.4567	0.016886	-0.006694	50823.55	-11.67
-0.4512	0.016069	-0.005641	50826.55	-11.53
-0.4430	0.016321	-0.005374	50829.55	-11.32
-0.4381	0.016834	-0.006302	50832.55	-11.19
-0.4283	0.017926	-0.006930	50835.55	-10.93
-0.4233	0.017553	-0.007141	50838.55	-10.81
-0.4157	0.016898	-0.006591	50841.55	-10.61
-0.4108	0.016402	-0.005745	50844.55	-10.48
-0.4031	0.016462	-0.005813	50847.55	-10.29
-0.3949	0.016602	-0.006004	50850.55	-10.07
-0.3872	0.015979	-0.006829	50853.55	-9.88
-0.3818	0.017368	-0.006854	50856.55	-9.74
-0.3752	0.017325	-0.006913	50859.55	-9.57
-0.3670	0.016943	-0.006766	50862.55	-9.36
-0.3626	0.016454	-0.006065	50865.55	-9.24
-0.3577	0.016085	-0.006212	50868.55	-9.12
-0.3506	0.016682	-0.006295	50871.55	-8.93
-0.3429	0.017463	-0.007091	50874.55	-8.74
-0.3358	0.017750	-0.007208	50877.55	-8.55
-0.3282	0.017210	-0.006903	50880.55	-8.36
-0.3243	0.016468	-0.006145	50883.55	-8.26
-0.3167	0.017696	-0.006038	50886.55	-8.06
-0.3139	0.016554	-0.007189	50889.55	-7.99
-0.3090	0.016653	-0.006717	50892.55	-7.87
-0.3014	0.017539	-0.006862	50895.55	-7.67
-0.2970	0.017046	-0.007202	50898.55	-7.56
-0.2915	0.017061	-0.007132	50901.55	-7.42
-0.2866	0.016542	-0.006034	50904.55	-7.29
-0.2811	0.016162	-0.005810	50907.55	-7.15
-0.2751	0.016587	-0.006814	50910.55	-7.00
-0.2686	0.017285	-0.006905	50913.55	-6.83
-0.2614	0.017369	-0.007148	50916.55	-6.65
-0.2543	0.016976	-0.007065	50919.55	-6.46
-0.2478	0.016653	-0.006040	50922.55	-6.30
-0.2412	0.016589	-0.005712	50925.55	-6.13
-0.2357	0.016369	-0.007206	50928.55	-5.99
-0.2297	0.016319	-0.006792	50931.55	-5.83
-0.2210	0.017312	-0.006762	50934.55	-5.61
-0.2182	0.017436	-0.007149	50937.55	-5.54
-0.2122	0.017682	-0.007256	50940.55	-5.39
-0.2073	0.016654	-0.006572	50943.55	-5.26
-0.2002	0.016190	-0.005647	50946.55	-5.08
-0.1969	0.016231	-0.005766	50949.55	-4.99
-0.1909	0.016901	-0.006693	50952.55	-4.84
-0.1887	0.016698	-0.006870	50955.55	-4.79
-0.1821	0.017633	-0.007186	50958.55	-4.62
-0.1756	0.016731	-0.006868	50961.55	-4.45
-0.1696	0.016743	-0.007598	50964.55	-4.30
-0.1603	0.016124	-0.005432	50967.55	-4.06
-0.1510	0.016175	-0.006559	50970.55	-3.82
-0.1384	0.016842	-0.006511	50973.55	-3.50
-0.1285	0.017769	-0.006984	50976.55	-3.25
-0.1154	0.017875	-0.007054	50979.55	-2.92
-0.1061	0.016307	-0.006364	50982.55	-2.68
-0.0930	0.016665	-0.006183	50985.55	-2.35
-0.0815	0.016530	-0.006000	50988.55	-2.06
-0.0695	0.016733	-0.005844	50991.55	-1.75
-0.0596	0.016753	-0.006781	50994.55	-1.50
-0.0498	0.017002	-0.006495	50997.55	-1.26
-0.0388	0.017814	-0.007341	51000.55	-0.98
-0.0284	0.016793	-0.007439	51003.55	-0.72
-0.0197	0.016791	-0.006349	51006.55	-0.50
-0.0115	0.016338	-0.005757	51009.55	-0.29
-0.0044	0.016510	-0.005813	51012.55	-0.11
0.0033	0.017519	-0.007437	51015.55	0.08
0.0131	0.016704	-0.006986	51018.55	0.33
0.0224	0.017648	-0.007314	51021.55	0.56
0.0284	0.016871	-0.006685	51024.55	0.71
0.0383	0.016979	-0.007475	51027.55	0.96
0.0498	0.016230	-0.005888	51030.55	1.25
0.0607	0.016154	-0.006516	51033.55	1.52
0.0717	0.016892	-0.006403	51036.55	1.80
0.0842	0.018342	-0.007420	51039.55	2.11
0.0963	0.018348	-0.007367	51042.55	2.42
0.1105	0.016520	-0.007146	51045.55	2.77
0.1214	0.016682	-0.006153	51048.55	3.05
0.1346	0.016811	-0.007395	51051.55	3.38
0.1449	0.016988	-0.005996	51054.55	3.64
0.1597	0.016382	-0.006774	51057.55	4.01
0.1723	0.017648	-0.007126	51060.55	4.32
0.1821	0.017506	-0.007681	51063.55	4.57
0.1947	0.016135	-0.007448	51066.55	4.89
0.2068	0.016229	-0.006529	51069.55	5.19
0.2166	0.016387	-0.005967	51072.55	5.43
0.2248	0.017370	-0.007076	51075.55	5.64
0.2341	0.017034	-0.007723	51078.55	5.87
0.2434	0.016075	-0.007353	51081.55	6.11
0.2516	0.016239	-0.007362	51084.55	6.31
0.2582	0.017651	-0.007600	51087.55	6.48
0.2680	0.017045	-0.007843	51090.55	6.72
0.2729	0.016283	-0.006193	51093.55	6.85
0.2800	0.016116	-0.006493	51096.55	7.03
0.2861	0.016605	-0.006716	51099.55	7.18
0.2926	0.017697	-0.007499	51102.55	7.34
0.3008	0.017856	-0.007622	51105.55	7.55
0.3107	0.016961	-0.007187	51108.55	7.79
0.3200	0.016548	-0.006444	51111.55	8.03
0.3309	0.016421	-0.006710	51114.55	8.30
0.3408	0.016670	-0.007576	51117.55	8.55
0.3517	0.016682	-0.007367	51120.55	8.82
0.3626	0.017409	-0.007354	51123.55	9.10
0.3736	0.017116	-0.006979	51126.55	9.37
0.3834	0.017661	-0.007536	51129.55	9.62
0.3944	0.016221	-0.006282	51132.55	9.89
0.4031	0.016422	-0.006442	51135.55	10.11
0.4140	0.016747	-0.007123	51138.55	10.38
0.4222	0.017255	-0.007937	51141.55	10.59
0.4299	0.017194	-0.007607	51144.55	10.78
0.4414	0.016189	-0.007513	51147.55	11.07
0.4490	0.016984	-0.007268	51150.55	11.26
0.4649	0.016470	-0.007847	51153.55	11.66
0.4802	0.016128	-0.006485	51156.55	12.04
0.4939	0.016167	-0.006708	51159.55	12.38
0.5098	0.016635	-0.005922	51162.55	12.78
0.5201	0.017982	-0.007350	51165.55	13.04
0.5338	0.017664	-0.007531	51168.55	13.38
0.5491	0.016684	-0.007011	51171.55	13.76
0.5650	0.016361	-0.005866	51174.55	14.16
0.5770	0.017198	-0.005685	51177.55	14.46
0.5885	0.017147	-0.006827	51180.55	14.75
0.5989	0.016140	-0.007138	51183.55	15.01
0.6098	0.017532	-0.005981	51186.55	15.28
0.6197	0.016867	-0.006696	51189.55	15.53
0.6279	0.016685	-0.007342	51192.55	15.73
0.6361	0.016396	-0.007111	51195.55	15.94
0.6470	0.015947	-0.006270	51198.55	16.21
0.6531	0.016650	-0.006321	51201.55	16.36
0.6602	0.017490	-0.007275	51204.55	16.54
0.6678	0.017858	-0.006977	51207.55	16.73
0.6749	0.016907	-0.006366	51210.55	16.90
0.6842	0.016196	-0.005164	51213.55	17.14
0.6919	0.016103	-0.006784	51216.55	17.33
0.7001	0.016720	-0.006643	51219.55	17.53
0.7061	0.015795	-0.006129	51222.55	17.68
0.7099	0.015854	-0.005118	51225.55	17.78
0.7171	0.017131	-0.005726	51228.55	17.95
0.7231	0.016917	-0.005588	51231.55	18.10
0.7269	0.015525	-0.006236	51234.55	18.20
0.7329	0.015389	-0.005294	51237.55	18.35
0.7340	0.016374	-0.005466	51240.55	18.38
0.7395	0.017174	-0.005843	51243.55	18.51
0.7433	0.015304	-0.006081	51246.55	18.61
0.7482	0.015650	-0.005485	51249.55	18.73
0.7515	0.015176	-0.004032	51252.55	18.81
0.7570	0.016364	-0.004210	51255.55	18.95
0.7603	0.015480	-0.006138	51258.55	19.03
0.7668	0.014475	-0.005823	51261.55	19.19
0.7685	0.014495	-0.005812	51264.55	19.23
0.7767	0.015112	-0.005513	51267.55	19.44
0.7827	0.015441	-0.005177	51270.55	19.59
0.7914	0.014109	-0.004306	51273.55	19.81
0.8007	0.013989	-0.005123	51276.55	20.04
0.8089	0.014337	-0.004837	51279.55	20.24
0.8210	0.015665	-0.005916	51282.55	20.54
0.8308	0.014019	-0.005621	51285.55	20.79
0.8418	0.014823	-0.005367	51288.55	21.06
0.8554	0.014282	-0.004804	51291.55	21.40
0.8675	0.015064	-0.005589	51294.55	21.70
0.8855	0.014505	-0.005611	51297.55	22.14
0.9008	0.013789	-0.005050	51300.55	22.52
0.9156	0.014199	-0.004169	51303.55	22.89
0.9358	0.014394	-0.004824	51306.55	23.39
0.9517	0.014339	-0.004831	51309.55	23.79
0.9708	0.013608	-0.003821	51312.55	24.26
0.9889	0.013761	-0.004237	51315.55	24.71
1.0042	0.014863	-0.004286	51318.55	25.09
1.0233	0.015735	-0.004913	51321.55	25.56
1.0392	0.015012	-0.005608	51324.55	25.95
1.0512	0.013838	-0.004723	51327.55	26.25
1.0638	0.013768	-0.003657	51330.55	26.56
1.0808	0.014889	-0.005201	51333.55	26.98
1.0901	0.014504	-0.005923	51336.55	27.21
1.1059	0.014759	-0.005628	51339.55	27.60
1.1229	0.013732	-0.004722	51342.55	28.02
1.1393	0.014353	-0.004837	51345.55	28.43
1.1573	0.014199	-0.005824	51348.55	28.87
1.1721	0.013937	-0.005561	51351.55	29.24
1.1923	0.013886	-0.005042	51354.55	29.74
1.2120	0.014188	-0.003716	51357.55	30.22
1.2301	0.015174	-0.005563	51360.55	30.67
1.2470	0.015187	-0.004929	51363.55	31.08
1.2635	0.014626	-0.005466	51366.55	31.49
1.2810	0.014045	-0.004484	51369.55	31.92
1.2952	0.014709	-0.004823	51372.55	32.27
1.3121	0.014679	-0.005560	51375.55	32.69
1.3236	0.013890	-0.005667	51378.55	32.97
1.3384	0.015023	-0.005265	51381.55	33.33
1.3493	0.014127	-0.004694	51384.55	33.60
1.3690	0.015434	-0.004037	51387.55	34.08
1.3810	0.014364	-0.005810	51390.55	34.38
1.3958	0.013901	-0.005385	51393.55	34.74
1.4122	0.014261	-0.004504	51396.55	35.14
1.4275	0.015162	-0.004418	51399.55	35.52
1.4489	0.014560	-0.005771	51402.55	36.04
1.4642	0.013969	-0.004029	51405.55	36.42
1.4844	0.014064	-0.004558	51408.55	36.91
1.5019	0.014813	-0.004663	51411.55	37.34
1.5183	0.015917	-0.005831	51414.55	37.74
1.5386	0.014006	-0.005769	51417.55	38.24
1.5490	0.013987	-0.005387	51420.55	38.49
1.5686	0.014181	-0.004207	51423.55	38.97
1.5801	0.015081	-0.005754	51426.55	39.26
1.5944	0.014927	-0.005345	51429.55	39.60
1.6042	0.013758	-0.005813	51432.55	39.84
1.6162	0.013803	-0.005438	51435.55	40.14
1.6277	0.014516	-0.005497	51438.55	40.42
1.6354	0.014771	-0.006057	51441.55	40.60
1.6485	0.013919	-0.006216	51444.55	40.93
1.6578	0.013702	-0.005873	51447.55	41.15
1.6704	0.014219	-0.004605	51450.55	41.46
1.6841	0.015360	-0.006324	51453.55	41.79
1.6966	0.014227	-0.005945	51456.55	42.10
1.7119	0.014464	-0.004226	51459.55	42.47
1.7278	0.014206	-0.004932	51462.55	42.86
1.7420	0.014074	-0.006351	51465.55	43.21
1.7546	0.015031	-0.006218	51468.55	43.51
1.7705	0.015033	-0.006091	51471.55	43.90
1.7820	0.015114	-0.005686	51474.55	44.18
1.7984	0.014513	-0.004524	51477.55	44.58
1.8082	0.014392	-0.005147	51480.55	44.82
1.8202	0.014150	-0.005392	51483.55	45.11
1.8350	0.014002	-0.005237	51486.55	45.47
1.8460	0.014402	-0.004956	51489.55	45.73
1.8563	0.015146	-0.005394	51492.55	45.99
1.8678	0.014495	-0.006510	51495.55	46.27
1.8717	0.014060	-0.004903	51498.55	46.36
1.8831	0.013806	-0.005863	51501.55	46.64
1.8892	0.014555	-0.004953	51504.55	46.78
1.8957	0.015222	-0.006042	51507.55	46.94
1.8996	0.013603	-0.006082	51510.55	47.04
1.9056	0.013762	-0.006087	51513.55	47.18
1.9116	0.014178	-0.005080	51516.55	47.33
1.9149	0.013789	-0.006335	51519.55	47.41
1.9187	0.013832	-0.006686	51522.55	47.50
1.9192	0.013632	-0.006772	51525.55	47.51
1.9220	0.013591	-0.006732	51528.55	47.58
1.9258	0.013559	-0.006578	51531.55	47.67
1.9269	0.013653	-0.006485	51534.55	47.70
1.9285	0.013692	-0.006462	51537.55	47.74
1.9280	0.013740	-0.006685	51540.55	47.73
1.9280	0.013855	-0.006780	51543.55	47.73
1.9258	0.013724	-0.006746	51546.55	47.67
1.9269	0.013620	-0.006604	51549.55	47.70
1.9274	0.013663	-0.006666	51552.55	47.71
1.9269	0.013494	-0.006737	51555.55	47.70
1.9253	0.013565	-0.006923	51558.55	47.66
1.9242	0.013507	-0.006873	51561.55	47.63
1.9225	0.013523	-0.006770	51564.55	47.59
1.9214	0.013525	-0.006881	51567.55	47.57
1.9192	0.013670	-0.006908	51570.55	47.51
1.9231	0.013454	-0.006809	51573.55	47.61
1.9307	0.013635	-0.006699	51576.55	47.79
1.9340	0.013754	-0.006578	51579.55	47.87
1.9433	0.013620	-0.006552	51582.55	48.10
1.9488	0.013687	-0.006769	51585.55	48.23
1.9581	0.013667	-0.006552	51588.55	48.46
1.9696	0.013802	-0.006341	51591.55	48.74
1.9816	0.013945	-0.006493	51594.55	49.03
1.9920	0.014029	-0.006376	51597.55	49.28
2.0062	0.014049	-0.006325	51600.55	49.62
2.0171	0.014041	-0.006322	51603.55	49.89
2.0314	0.013983	-0.006543	51606.55	50.23
2.0423	0.013836	-0.006461	51609.55	50.50
2.0532	0.013927	-0.006440	51612.55	50.76
2.0653	0.013932	-0.006493	51615.55	51.06
2.0762	0.013902	-0.006646	51618.55	51.32
2.0883	0.013776	-0.006565	51621.55	51.61
2.0975	0.014808	-0.006687	51624.55	51.84
2.1047	0.013799	-0.006634	51627.55	52.01
2.1118	0.013740	-0.006650	51630.55	52.18
2.1205	0.013979	-0.006846	51633.55	52.39
2.1254	0.013779	-0.006808	51636.55	52.51
2.1287	0.013810	-0.006815	51639.55	52.59
2.1353	0.013789	-0.006812	51642.55	52.75
2.1408	0.013773	-0.006744	51645.55	52.88
2.1435	0.013920	-0.006376	51648.55	52.95
2.1451	0.013603	-0.007024	51651.55	52.99
2.1484	0.013606	-0.006976	51654.55	53.07
2.1490	0.013541	-0.006918	51657.55	53.08
2.1544	0.013609	-0.006816	51660.55	53.21
2.1528	0.013514	-0.007027	51663.55	53.17
2.1522	0.013535	-0.006911	51666.55	53.16
2.1561	0.013583	-0.007021	51669.55	53.25
2.1528	0.013567	-0.006942	51672.55	53.17
2.1522	0.013410	-0.007040	51675.55	53.16
2.1539	0.013344	-0.007163	51678.55	53.20
2.1506	0.013382	-0.007046	51681.55	53.12
2.1495	0.013524	-0.006992	51684.55	53.09
2.1468	0.013458	-0.007176	51687.55	53.03
2.1440	0.013362	-0.007201	51690.55	52.96
2.1418	0.013382	-0.007217	51693.55	52.91
2.1380	0.013377	-0.007027	51696.55	52.82
2.1347	0.013473	-0.007027	51699.55	52.74
2.1315	0.013296	-0.007170	51702.55	52.66
2.1260	0.013306	-0.007215	51705.55	52.52
2.1243	0.013341	-0.007161	51708.55	52.49
2.1183	0.013572	-0.006944	51711.55	52.34
2.1150	0.013457	-0.007063	51714.55	52.26
2.1096	0.013391	-0.007151	51717.55	52.13
2.1052	0.013413	-0.007167	51720.55	52.02
2.1008	0.015259	-0.007159	51723.55	51.92
2.0959	0.013380	-0.007075	51726.55	51.80
2.0910	0.013355	-0.007202	51729.55	51.68
2.0855	0.013338	-0.007204	51732.55	51.55
2.0779	0.013451	-0.007141	51735.55	51.36
2.0724	0.013609	-0.006894	51738.55	51.23
2.0669	0.013237	-0.007140	51741.55	51.10
2.0642	0.013314	-0.007035	51744.55	51.03
2.0576	0.013497	-0.006963	51747.55	50.87
2.0500	0.013434	-0.006937	51750.55	50.68
2.0450	0.013399	-0.007077	51753.55	50.57
2.0390	0.013383	-0.006928	51756.55	50.42
2.0330	0.013388	-0.007002	51759.55	50.27
2.0254	0.013515	-0.007029	51762.55	50.09
2.0215	0.013522	-0.006981	51765.55	50.00
2.0144	0.013282	-0.007170	51768.55	49.82
2.0106	0.013389	-0.007164	51771.55	49.73
2.0018	0.013356	-0.007009	51774.55	49.52
1.9980	0.015549	-0.006998	51777.55	49.43
1.9882	0.013233	-0.007090	51780.55	49.19
1.9838	0.013353	-0.007128	51783.55	49.08
1.9794	0.013661	-0.005146	51786.55	48.97
1.9707	0.013468	-0.006960	51789.55	48.76
1.9641	0.013252	-0.007124	51792.55	48.60
1.9586	0.013168	-0.006931	51795.55	48.47
1.9537	0.013257	-0.005255	51798.55	48.35
1.9455	0.014286	-0.006066	51801.55	48.15
1.9378	0.013209	-0.007233	51804.55	47.97
1.9318	0.013283	-0.006958	51807.55	47.82
1.9247	0.013378	-0.006196	51810.55	47.65
1.9220	0.013687	-0.005583	51813.55	47.58
1.9176	0.014736	-0.007109	51816.55	47.47
1.9110	0.013307	-0.007136	51819.55	47.32
1.9028	0.013205	-0.007113	51822.55	47.12
1.8979	0.013488	-0.005268	51825.55	47.00
1.8903	0.014340	-0.006544	51828.55	46.81
1.8848	0.014692	-0.007112	51831.55	46.68
1.8804	0.013320	-0.007004	51834.55	46.57
1.8738	0.013344	-0.006977	51837.55	46.41
1.8667	0.013882	-0.005596	51840.55	46.24
1.8596	0.013217	-0.006928	51843.55	46.07
1.8552	0.013592	-0.007012	51846.55	45.96
1.8487	0.013259	-0.006420	51849.55	45.80
1.8460	0.013448	-0.006928	51852.55	45.73
1.8383	0.014575	-0.007015	51855.55	45.55
1.8339	0.013296	-0.006915	51858.55	45.44
1.8279	0.013446	-0.006919	51861.55	45.30
1.8213	0.013625	-0.005210	51864.55	45.14
1.8159	0.013473	-0.007041	51867.55	45.00
1.8099	0.014598	-0.006910	51870.55	44.86
1.8044	0.013233	-0.006917	51873.55	44.72
1.7989	0.013405	-0.006963	51876.55	44.59
1.7934	0.013801	-0.005498	51879.55	44.46
1.7896	0.013304	-0.006927	51882.55	44.36
1.7841	0.013841	-0.006920	51885.55	44.23
1.7776	0.013524	-0.006335	51888.55	44.07
1.7738	0.013475	-0.006759	51891.55	43.98
1.7688	0.014343	-0.006355	51894.55	43.86
1.7634	0.013255	-0.006954	51897.55	43.73
1.7590	0.013396	-0.006771	51900.55	43.62
1.7524	0.013471	-0.005795	51903.55	43.46
1.7486	0.013146	-0.006879	51906.55	43.37
1.7426	0.014943	-0.006874	51909.55	43.22
1.7382	0.013282	-0.006811	51912.55	43.11
1.7322	0.013328	-0.006767	51915.55	42.97
1.7289	0.013233	-0.006910	51918.55	42.89
1.7240	0.013257	-0.006745	51921.55	42.77
1.7196	0.014637	-0.006819	51924.55	42.66
1.7141	0.013382	-0.006748	51927.55	42.53
1.7092	0.013410	-0.006864	51930.55	42.41
1.7059	0.013234	-0.005625	51933.55	42.33
1.7021	0.013197	-0.006738	51936.55	42.23
1.6972	0.013457	-0.006886	51939.55	42.11
1.6934	0.013247	-0.005995	51942.55	42.02
