1.4226	0.016569	-0.003384	60125.75	35.40
1.4177	0.016719	-0.003441	60128.75	35.28
1.4133	0.016666	-0.003301	60131.75	35.17
1.4095	0.016646	-0.003318	60134.75	35.08
1.4073	0.016592	-0.003329	60137.75	35.02
1.4035	0.016730	-0.003363	60140.75	34.93
1.4007	0.016751	-0.003435	60143.75	34.86
1.3964	0.016703	-0.003264	60146.75	34.76
1.3942	0.016470	-0.003526	60149.75	34.70
1.3898	0.016488	-0.003287	60152.75	34.59
1.3871	0.016517	-0.003492	60155.75	34.53
1.3832	0.016625	-0.003320	60158.75	34.43
1.3805	0.016636	-0.003287	60161.75	34.37
1.3772	0.016652	-0.003389	60164.75	34.29
1.3745	0.016724	-0.003242	60167.75	34.22
1.3717	0.016626	-0.003381	60170.75	34.15
1.3701	0.016511	-0.003241	60173.75	34.11
1.3663	0.016874	-0.003151	60176.75	34.02
1.3635	0.016745	-0.003213	60179.75	33.95
1.3624	0.016791	-0.003319	60182.75	33.92
1.3597	0.016696	-0.003157	60185.75	33.86
1.3592	0.016567	-0.003313	60188.75	33.84
1.3548	0.016614	-0.003388	60191.75	33.73
1.3526	0.016637	-0.003225	60194.75	33.68
1.3493	0.016604	-0.003329	60197.75	33.60
1.3499	0.016608	-0.003380	60200.75	33.61
1.3455	0.016743	-0.003219	60203.75	33.51
1.3433	0.016730	-0.003240	60206.75	33.45
1.3422	0.016591	-0.003057	60209.75	33.43
1.3395	0.016561	-0.003301	60212.75	33.36
1.3378	0.016614	-0.003389	60215.75	33.32
1.3356	0.016530	-0.003361	60218.75	33.26
1.3652	0.016669	-0.003014	60221.75	33.99
1.3778	0.016681	-0.003076	60224.75	34.30
1.3805	0.016783	-0.003073	60227.75	34.37
1.3843	0.016748	-0.003177	60230.75	34.46
1.3860	0.016710	-0.003207	60233.75	34.50
1.3887	0.016799	-0.003093	60236.75	34.57
1.3931	0.016781	-0.003106	60239.75	34.67
1.3953	0.016822	-0.003116	60242.75	34.73
1.4007	0.016903	-0.003083	60245.75	34.86
1.4029	0.016774	-0.003114	60248.75	34.92
1.4035	0.016756	-0.002907	60251.75	34.93
1.4068	0.016834	-0.003179	60254.75	35.01
1.4084	0.016871	-0.002981	60257.75	35.05
1.4089	0.016842	-0.003112	60260.75	35.06
1.4122	0.016840	-0.003108	60263.75	35.14
1.4106	0.016886	-0.003172	60266.75	35.10
1.4133	0.016895	-0.003062	60269.75	35.17
1.4139	0.016966	-0.003142	60272.75	35.18
1.4155	0.016793	-0.003163	60275.75	35.22
1.4193	0.017095	-0.003193	60278.75	35.32
1.4226	0.016871	-0.003059	60281.75	35.40
1.4243	0.016922	-0.003086	60284.75	35.44
1.4232	0.016681	-0.003129	60287.75	35.41
1.4254	0.016768	-0.003235	60290.75	35.47
1.4346	0.016911	-0.003137	60293.75	35.69
1.4314	0.016835	-0.003249	60296.75	35.61
1.4325	0.016809	-0.003178	60299.75	35.64
1.4346	0.016802	-0.003136	60302.75	35.69
1.4357	0.016776	-0.003187	60305.75	35.72
1.4374	0.016745	-0.003166	60308.75	35.76
1.4352	0.016874	-0.003123	60311.75	35.71
1.4379	0.016756	-0.003182	60314.75	35.77
1.4379	0.016764	-0.003288	60317.75	35.77
1.4336	0.016736	-0.003203	60320.75	35.67
1.4352	0.016863	-0.003228	60323.75	35.71
1.4396	0.016775	-0.003063	60326.75	35.82
1.4390	0.016817	-0.003352	60329.75	35.80
1.4401	0.016878	-0.003218	60332.75	35.83
1.4396	0.016815	-0.003171	60335.75	35.81
1.4390	0.016753	-0.003108	60338.75	35.80
1.4407	0.016765	-0.003118	60341.75	35.84
1.4450	0.016834	-0.003191	60344.75	35.95
1.4434	0.016765	-0.003199	60347.75	35.91
1.4429	0.016758	-0.003300	60350.75	35.90
1.4429	0.016875	-0.003304	60353.75	35.90
1.4445	0.016516	-0.003196	60356.75	35.94
1.4439	0.016861	-0.003244	60359.75	35.92
1.4428	0.016725	-0.003425	60362.75	35.90
1.4434	0.016732	-0.003225	60365.75	35.91
1.4418	0.016724	-0.003330	60368.75	35.87
1.4390	0.016780	-0.003144	60371.75	35.80
1.4407	0.016836	-0.003187	60374.75	35.84
1.4374	0.016861	-0.003092	60377.75	35.76
1.4374	0.016813	-0.003303	60380.75	35.76
1.4346	0.016692	-0.003226	60383.75	35.69
1.4330	0.016765	-0.003269	60386.75	35.65
1.4346	0.016744	-0.003276	60389.75	35.69
1.4303	0.016730	-0.003224	60392.75	35.59
1.4264	0.016780	-0.003288	60395.75	35.49
1.4248	0.016747	-0.003248	60398.75	35.45
1.4221	0.016860	-0.003253	60401.75	35.39
1.4193	0.016873	-0.003357	60404.75	35.32
1.4199	0.016726	-0.003304	60407.75	35.33
1.4177	0.016475	-0.003580	60410.75	35.28
1.4128	0.016488	-0.003620	60413.75	35.16
1.4089	0.016320	-0.003729	60416.75	35.06
1.4068	0.016126	-0.003786	60419.75	35.01
1.4024	0.016572	-0.003511	60422.75	34.90
1.3991	0.016628	-0.003651	60425.75	34.82
1.3942	0.016537	-0.003325	60428.75	34.70
1.3898	0.016704	-0.003525	60431.75	34.59
1.3871	0.016713	-0.003805	60434.75	34.53
1.3810	0.016426	-0.003592	60437.75	34.38
1.3789	0.016457	-0.003521	60440.75	34.33
1.3707	0.016400	-0.003655	60443.75	34.12
1.3641	0.016374	-0.003501	60446.75	33.96
1.3624	0.016108	-0.003416	60449.75	33.92
1.3570	0.016568	-0.003850	60452.75	33.79
1.3537	0.016529	-0.003566	60455.75	33.71
1.3460	0.015980	-0.003345	60458.75	33.52
1.3433	0.016379	-0.003564	60461.75	33.45
1.3357	0.016028	-0.003750	60464.75	33.26
1.3313	0.016286	-0.003626	60467.75	33.16
1.3269	0.016148	-0.003814	60470.75	33.05
1.3127	0.016123	-0.003617	60473.75	32.70
1.3061	0.016229	-0.003894	60476.75	32.54
1.3050	0.016560	-0.003404	60479.75	32.51
1.2963	0.016519	-0.003359	60482.75	32.30
1.2848	0.016533	-0.003319	60485.75	32.01
1.2837	0.016626	-0.003414	60488.75	31.99
1.2744	0.016541	-0.003269	60491.75	31.76
1.2656	0.016453	-0.003393	60494.75	31.54
1.2531	0.016277	-0.003510	60497.75	31.23
1.2443	0.016550	-0.003369	60500.75	31.02
1.2416	0.016574	-0.003296	60503.75	30.95
1.2372	0.016580	-0.003168	60506.75	30.84
1.2230	0.016538	-0.003335	60509.75	30.49
1.2224	0.016455	-0.003262	60512.75	30.48
1.2071	0.016720	-0.003203	60515.75	30.10
1.1995	0.016546	-0.003326	60518.75	29.91
1.1880	0.016491	-0.003328	60521.75	29.63
1.1896	0.016609	-0.003171	60524.75	29.67
1.1759	0.016482	-0.003397	60527.75	29.33
1.1705	0.016472	-0.003334	60530.75	29.20
1.1557	0.016537	-0.003226	60533.75	28.83
1.1415	0.016473	-0.003345	60536.75	28.48
1.1404	0.016702	-0.003206	60539.75	28.45
1.1273	0.016585	-0.003385	60542.75	28.13
1.1158	0.016601	-0.003258	60545.75	27.85
1.1027	0.016493	-0.003191	60548.75	27.52
1.0934	0.016505	-0.003251	60551.75	27.29
1.0884	0.016562	-0.003092	60554.75	27.17
1.0742	0.016541	-0.003122	60557.75	26.82
1.0567	0.016171	-0.003371	60560.75	26.39
1.0408	0.015996	-0.003439	60563.75	25.99
1.0441	0.016472	-0.003183	60566.75	26.08
1.0146	0.016088	-0.003555	60569.75	25.34
1.0179	0.016104	-0.003552	60572.75	25.43
0.9982	0.016206	-0.003386	60575.75	24.94
0.9851	0.016274	-0.003709	60578.75	24.61
0.9725	0.016203	-0.003453	60581.75	24.30
0.9637	0.016198	-0.003435	60584.75	24.08
0.9528	0.016615	-0.003277	60587.75	23.81
0.9435	0.016744	-0.003205	60590.75	23.58
0.9200	0.016537	-0.003253	60593.75	23.00
0.9413	0.016348	-0.003105	60596.75	23.53
0.9276	0.016446	-0.003163	60599.75	23.19
0.8981	0.016530	-0.003128	60602.75	22.46
0.8707	0.016527	-0.003172	60605.75	21.78
0.8757	0.016414	-0.003224	60608.75	21.90
0.8538	0.016454	-0.003017	60611.75	21.36
0.8478	0.016435	-0.003150	60614.75	21.21
0.8368	0.016557	-0.003001	60617.75	20.94
0.8150	0.016414	-0.002979	60620.75	20.39
0.7865	0.016410	-0.003077	60623.75	19.68
0.7953	0.016542	-0.003119	60626.75	19.90
0.7931	0.016450	-0.003035	60629.75	19.85
0.7838	0.016617	-0.003051	60632.75	19.62
0.7690	0.016266	-0.003014	60635.75	19.25
0.7712	0.016468	-0.002982	60638.75	19.30
0.7690	0.016453	-0.002966	60641.75	19.25
0.7324	0.016339	-0.003055	60644.75	18.34
0.7641	0.016452	-0.003059	60647.75	19.13
0.7444	0.016582	-0.002986	60650.75	18.64
0.7411	0.016332	-0.002840	60653.75	18.55
0.7110	0.016442	-0.002892	60656.75	17.80
0.6930	0.016467	-0.002910	60659.75	17.35
0.6711	0.016400	-0.002915	60662.75	16.81
0.6788	0.016439	-0.002867	60665.75	17.00
0.6470	0.016479	-0.002852	60668.75	16.21
0.6487	0.016585	-0.002804	60671.75	16.25
0.6334	0.016385	-0.002843	60674.75	15.87
0.6153	0.016362	-0.003022	60677.75	15.42
0.6005	0.016392	-0.002902	60680.75	15.05
0.5934	0.016338	-0.002905	60683.75	14.87
0.5699	0.016316	-0.003047	60686.75	14.28
0.5896	0.016463	-0.002901	60689.75	14.77
0.5820	0.016406	-0.002831	60692.75	14.58
0.5497	0.016350	-0.003021	60695.75	13.78
0.5727	0.016366	-0.002708	60698.75	14.35
0.5721	0.016408	-0.002790	60701.75	14.34
0.5595	0.016490	-0.002687	60704.75	14.02
0.5322	0.016425	-0.002754	60707.75	13.34
0.5666	0.016310	-0.002956	60710.75	14.20
0.5349	0.016487	-0.002978	60713.75	13.41
0.5076	0.016244	-0.003066	60716.75	12.72
0.4764	0.016312	-0.002921	60719.75	11.94
0.4649	0.016281	-0.002860	60722.75	11.66
0.4507	0.016293	-0.002991	60725.75	11.30
0.4518	0.016150	-0.002950	60728.75	11.33
0.4441	0.016357	-0.002909	60731.75	11.14
0.4299	0.016308	-0.003020	60734.75	10.78
0.4233	0.016404	-0.002721	60737.75	10.62
0.4376	0.016352	-0.002790	60740.75	10.97
0.4277	0.016452	-0.002967	60743.75	10.73
0.4086	0.016383	-0.003004	60746.75	10.25
0.4162	0.016369	-0.003162	60749.75	10.44
0.4206	0.016558	-0.002921	60752.75	10.55
0.4026	0.016448	-0.002826	60755.75	10.10
0.3676	0.016457	-0.003186	60758.75	9.22
0.4091	0.016565	-0.002839	60761.75	10.26
0.4015	0.016635	-0.003060	60764.75	10.07
0.3801	0.016583	-0.002859	60767.75	9.53
0.3593	0.016654	-0.003133	60770.75	9.01
0.3697	0.016580	-0.003162	60773.75	9.27
0.3719	0.016520	-0.003127	60776.75	9.33
0.3238	0.016556	-0.003357	60779.75	8.12
0.3025	0.016507	-0.003242	60782.75	7.59
0.2861	0.016506	-0.003204	60785.75	7.18
0.2943	0.016646	-0.003399	60788.75	7.38
0.2773	0.016629	-0.003407	60791.75	6.96
0.2642	0.016644	-0.003511	60794.75	6.63
0.2653	0.017257	-0.002650	60797.75	6.66
0.2932	0.016921	-0.002887	60800.75	7.35
0.2926	0.017444	-0.003559	60803.75	7.34
0.2554	0.016630	-0.003685	60806.75	6.41
0.2653	0.016800	-0.003693	60809.75	6.66
0.2789	0.016974	-0.003535	60812.75	7.00
0.2664	0.016911	-0.003778	60815.75	6.68
0.2264	0.016871	-0.003813	60818.75	5.68
0.2724	0.016968	-0.003763	60821.75	6.83
0.2500	0.016979	-0.003912	60824.75	6.27
0.2226	0.016998	-0.003846	60827.75	5.59
0.2335	0.016924	-0.003995	60830.75	5.86
0.2357	0.017114	-0.003994	60833.75	5.91
0.2314	0.017110	-0.004004	60836.75	5.80
0.2166	0.017106	-0.004157	60839.75	5.43
0.1920	0.016980	-0.004250	60842.75	4.82
0.1542	0.017149	-0.004265	60845.75	3.87
0.1477	0.017081	-0.004483	60848.75	3.71
0.1444	0.017030	-0.004334	60851.75	3.62
0.1373	0.017177	-0.004438	60854.75	3.44
0.1296	0.017322	-0.004506	60857.75	3.25
0.1192	0.017154	-0.004519	60860.75	2.99
0.1362	0.017448	-0.004472	60863.75	3.42
0.1389	0.017566	-0.004572	60866.75	3.49
0.0968	0.017410	-0.004769	60869.75	2.43
0.0979	0.017540	-0.004519	60872.75	2.46
0.0952	0.017651	-0.004446	60875.75	2.39
0.1116	0.017650	-0.004683	60878.75	2.80
0.0673	0.017499	-0.004739	60881.75	1.69
0.0870	0.017733	-0.004726	60884.75	2.18
0.0881	0.017828	-0.004696	60887.75	2.21
0.0804	0.017836	-0.004663	60890.75	2.02
0.0356	0.017778	-0.004848	60893.75	0.89
0.0077	0.017810	-0.004864	60896.75	0.19
0.0088	0.017890	-0.004905	60899.75	0.22
-0.0274	0.017936	-0.004979	60902.75	-0.69
-0.0317	0.018004	-0.004893	60905.75	-0.80
-0.0700	0.017858	-0.005004	60908.75	-1.77
-0.0591	0.017950	-0.005226	60911.75	-1.49
-0.0875	0.017952	-0.005102	60914.75	-2.21
-0.0377	0.018130	-0.005031	60917.75	-0.95
-0.0585	0.018111	-0.005004	60920.75	-1.48
-0.0771	0.018257	-0.005012	60923.75	-1.95
-0.1285	0.018097	-0.005088	60926.75	-3.25
-0.0678	0.018417	-0.004857	60929.75	-1.71
-0.0985	0.018264	-0.005011	60932.75	-2.49
-0.1302	0.018431	-0.004973	60935.75	-3.29
-0.1351	0.018408	-0.005031	60938.75	-3.42
-0.1335	0.018375	-0.004913	60941.75	-3.38
-0.1395	0.018355	-0.005056	60944.75	-3.53
-0.1903	0.018346	-0.005031	60947.75	-4.83
-0.1488	0.018377	-0.004970	60950.75	-3.77
-0.1614	0.018385	-0.004789	60953.75	-4.09
-0.1761	0.018628	-0.004944	60956.75	-4.46
-0.2122	0.018372	-0.005038	60959.75	-5.39
-0.2412	0.018334	-0.005101	60962.75	-6.13
-0.2686	0.018371	-0.004902	60965.75	-6.83
-0.2702	0.018366	-0.005146	60968.75	-6.87
-0.2642	0.018442	-0.005026	60971.75	-6.72
-0.3189	0.018344	-0.005128	60974.75	-8.12
-0.2937	0.018511	-0.004863	60977.75	-7.47
-0.3178	0.018408	-0.004994	60980.75	-8.09
-0.3123	0.018724	-0.005001	60983.75	-7.95
-0.3588	0.018497	-0.005008	60986.75	-9.15
-0.3145	0.018604	-0.004871	60989.75	-8.01
-0.3468	0.018657	-0.005010	60992.75	-8.84
-0.3347	0.018682	-0.005045	60995.75	-8.53
-0.3676	0.018602	-0.004919	60998.75	-9.37
-0.3369	0.018750	-0.004814	61001.75	-8.58
-0.3637	0.018794	-0.004798	61004.75	-9.27
-0.4102	0.018460	-0.005013	61007.75	-10.47
-0.3796	0.018459	-0.005092	61010.75	-9.68
-0.3927	0.018674	-0.004741	61013.75	-10.02
-0.3949	0.018690	-0.004871	61016.75	-10.07
-0.4551	0.018484	-0.004884	61019.75	-11.63
-0.4015	0.018709	-0.004875	61022.75	-10.24
-0.4173	0.018782	-0.004858	61025.75	-10.65
-0.4408	0.018586	-0.004876	61028.75	-11.26
-0.4912	0.018510	-0.005136	61031.77	-12.56
-0.5032	0.018399	-0.005020	61034.75	-12.87
-0.5054	0.018639	-0.004791	61037.75	-12.93
-0.5316	0.018412	-0.004782	61040.75	-13.61
-0.5185	0.018426	-0.005095	61043.75	-13.27
-0.5464	0.018559	-0.005027	61046.75	-13.99
-0.5234	0.018641	-0.004808	61049.75	-13.40
-0.5404	0.018636	-0.004780	61052.75	-13.83
-0.5683	0.018482	-0.004862	61055.75	-14.56
-0.5940	0.018685	-0.004790	61058.75	-15.22
-0.5716	0.018635	-0.004755	61061.75	-14.64
-0.5721	0.018744	-0.004722	61064.75	-14.66
-0.6022	0.018762	-0.004690	61067.75	-15.44
-0.5989	0.018688	-0.004793	61070.75	-15.35
-0.5945	0.018679	-0.004670	61073.75	-15.24
-0.6000	0.018769	-0.004939	61076.75	-15.38
-0.6356	0.018652	-0.004900	61079.75	-16.31
-0.6542	0.018655	-0.004729	61082.75	-16.79
-0.6782	0.018533	-0.004856	61085.75	-17.42
-0.6892	0.018551	-0.004811	61088.75	-17.70
-0.7181	0.018521	-0.004856	61091.75	-18.46
-0.7329	0.018509	-0.004847	61094.75	-18.84
-0.7356	0.018484	-0.004874	61097.75	-18.91
-0.7460	0.018495	-0.004850	61100.75	-19.19
-0.7586	0.018599	-0.004822	61103.75	-19.51
-0.7630	0.018414	-0.004853	61106.75	-19.63
-0.7471	0.018646	-0.004647	61109.75	-19.21
-0.7778	0.018642	-0.004744	61112.75	-20.01
-0.8007	0.018435	-0.004686	61115.75	-20.62
-0.8057	0.018763	-0.004669	61118.75	-20.74
-0.8150	0.018677	-0.004695	61121.75	-20.99
-0.7914	0.018754	-0.004735	61124.75	-20.37
-0.7925	0.018751	-0.004535	61127.75	-20.40
-0.8390	0.018639	-0.004774	61130.75	-21.62
-0.8543	0.018664	-0.004640	61133.75	-22.02
-0.8516	0.018735	-0.004538	61136.75	-21.95
-0.8910	0.018681	-0.004534	61139.75	-22.98
-0.9041	0.018629	-0.004539	61142.75	-23.33
-0.9178	0.018687	-0.004614	61145.75	-23.69
-0.9342	0.018702	-0.004465	61148.75	-24.12
-0.9424	0.018717	-0.004569	61151.75	-24.34
-0.9440	0.018702	-0.004659	61154.75	-24.38
-0.9610	0.018648	-0.004483	61157.75	-24.83
-0.9763	0.018704	-0.004530	61160.75	-25.23
-0.9703	0.018839	-0.004440	61163.75	-25.07
-0.9949	0.018923	-0.004341	61166.75	-25.72
-1.0151	0.018879	-0.004239	61169.75	-26.26
-0.9987	0.018721	-0.004454	61172.75	-25.82
-0.9763	0.019008	-0.004249	61175.75	-25.23
-1.0212	0.018794	-0.004301	61178.75	-26.42
-1.0201	0.018763	-0.004274	61181.75	-26.39
-1.0305	0.018779	-0.004318	61184.75	-26.66
-1.0113	0.019096	-0.004221	61187.75	-26.16
-1.0534	0.018687	-0.004289	61190.75	-27.27
-1.0250	0.018921	-0.004089	61193.75	-26.52
-1.0381	0.018837	-0.004106	61196.75	-26.87
-1.0523	0.018957	-0.004368	61199.75	-27.24
-1.0715	0.018730	-0.004198	61202.75	-27.75
-1.0939	0.018851	-0.004061	61205.75	-28.35
-1.0813	0.018971	-0.004022	61208.75	-28.01
-1.0397	0.019105	-0.004024	61211.75	-26.91
-1.0020	0.019077	-0.003863	61214.75	-25.91
-0.9779	0.019171	-0.003797	61217.75	-25.27
-0.9725	0.019148	-0.003602	61220.75	-25.13
-0.9583	0.019213	-0.003938	61223.75	-24.76
-0.9517	0.019153	-0.003832	61226.75	-24.58
-0.9402	0.019315	-0.003763	61229.75	-24.28
-0.9298	0.019277	-0.003810	61232.75	-24.01
-0.9161	0.019188	-0.003945	61235.75	-23.65
-0.9096	0.019232	-0.003803	61238.75	-23.47
-0.9014	0.019227	-0.003763	61241.75	-23.26
-0.8882	0.019282	-0.003810	61244.75	-22.91
-0.8822	0.019296	-0.003813	61247.75	-22.75
-0.8768	0.019381	-0.003854	61250.75	-22.61
-0.8691	0.019484	-0.003818	61253.75	-22.41
-0.8576	0.019412	-0.003760	61256.75	-22.11
-0.8538	0.019272	-0.003693	61259.75	-22.01
-0.8401	0.019327	-0.003901	61262.75	-21.65
-0.8374	0.019272	-0.003756	61265.75	-21.58
-0.8243	0.019416	-0.003837	61268.75	-21.23
-0.8182	0.019479	-0.003795	61271.75	-21.07
-0.8139	0.019226	-0.003849	61274.75	-20.96
-0.8029	0.019373	-0.003810	61277.75	-20.67
-0.7925	0.019416	-0.003967	61280.75	-20.40
-0.7832	0.019192	-0.003903	61283.75	-20.16
-0.7794	0.019428	-0.003796	61286.75	-20.06
-0.7707	0.019357	-0.003889	61289.75	-19.83
-0.7652	0.019323	-0.003912	61292.75	-19.69
-0.7559	0.019292	-0.003936	61295.75	-19.44
-0.7471	0.019455	-0.004124	61298.75	-19.21
-0.7411	0.019166	-0.003993	61301.75	-19.06
-0.7329	0.019329	-0.004059	61304.75	-18.84
-0.7258	0.019164	-0.004036	61307.75	-18.66
-0.7187	0.019330	-0.003983	61310.75	-18.47
-0.7110	0.019375	-0.003975	61313.75	-18.27
-0.7045	0.019266	-0.003950	61316.75	-18.10
-0.6968	0.019216	-0.004079	61319.75	-17.90
-0.6864	0.019273	-0.003972	61322.75	-17.63
-0.6826	0.019251	-0.004089	61325.75	-17.53
-0.6738	0.019283	-0.004098	61328.75	-17.30
-0.6695	0.019291	-0.004011	61331.75	-17.19
-0.6618	0.019339	-0.004092	61334.75	-16.99
-0.6569	0.019461	-0.003968	61337.75	-16.86
-0.6476	0.019324	-0.003953	61340.75	-16.62
-0.6394	0.019338	-0.003966	61343.75	-16.40
-0.6339	0.019353	-0.003980	61346.75	-16.26
-0.6279	0.019320	-0.004140	61349.75	-16.11
-0.6192	0.019340	-0.004045	61352.75	-15.88
-0.6126	0.019417	-0.004059	61355.75	-15.71
-0.6044	0.019403	-0.004041	61358.75	-15.49
-0.5989	0.019302	-0.004019	61361.75	-15.35
-0.5951	0.019297	-0.004085	61364.75	-15.25
-0.5858	0.019378	-0.003954	61367.75	-15.01
-0.5836	0.019351	-0.004037	61370.75	-14.96
-0.5738	0.019389	-0.004155	61373.75	-14.70
-0.5672	0.019354	-0.004106	61376.75	-14.53
-0.5645	0.019265	-0.004137	61379.75	-14.46
-0.5590	0.019326	-0.004081	61382.75	-14.32
-0.5497	0.019446	-0.004052	61385.75	-14.08
-0.5404	0.019439	-0.003998	61388.75	-13.83
-0.5360	0.019295	-0.004126	61391.75	-13.72
-0.5300	0.019313	-0.004175	61394.75	-13.57
-0.5262	0.019325	-0.004070	61397.75	-13.47
-0.5223	0.019188	-0.004166	61400.75	-13.37
-0.5169	0.019329	-0.004196	61403.75	-13.23
-0.5103	0.019304	-0.004119	61406.75	-13.06
-0.5016	0.019275	-0.004173	61409.75	-12.83
-0.4933	0.019354	-0.004156	61412.75	-12.62
-0.4923	0.019339	-0.004056	61415.75	-12.59
-0.4835	0.019476	-0.004114	61418.75	-12.36
-0.4813	0.019293	-0.004210	61421.75	-12.31
-0.4753	0.019286	-0.004214	61424.75	-12.15
-0.4687	0.019285	-0.004212	61427.75	-11.98
-0.4660	0.019311	-0.004268	61430.75	-11.91
-0.4594	0.019356	-0.004169	61433.75	-11.74
-0.4518	0.019429	-0.004059	61436.75	-11.54
-0.4474	0.019386	-0.004205	61439.75	-11.43
-0.4425	0.019352	-0.004221	61442.75	-11.30
-0.4365	0.019498	-0.004178	61445.75	-11.15
-0.4326	0.019319	-0.004209	61448.75	-11.05
-0.4261	0.019429	-0.004251	61451.75	-10.88
-0.4195	0.019474	-0.003964	61454.75	-10.71
-0.4162	0.019488	-0.004168	61457.75	-10.62
-0.4108	0.019452	-0.004189	61460.75	-10.48
-0.4064	0.019433	-0.004265	61463.75	-10.37
-0.3998	0.019226	-0.004184	61466.75	-10.20
-0.3954	0.019441	-0.004324	61469.75	-10.09
-0.3911	0.019419	-0.004327	61472.75	-9.98
-0.3845	0.019326	-0.004202	61475.75	-9.81
-0.3823	0.019428	-0.004279	61478.75	-9.75
-0.3758	0.019411	-0.004226	61481.75	-9.58
-0.3714	0.019426	-0.004282	61484.75	-9.47
-0.3665	0.019421	-0.004315	61487.75	-9.34
-0.3621	0.019324	-0.004264	61490.75	-9.23
-0.3566	0.019467	-0.004350	61493.75	-9.09
-0.3517	0.019358	-0.004220	61496.75	-8.96
-0.3468	0.019246	-0.004318	61499.75	-8.84
-0.3418	0.019380	-0.004284	61502.75	-8.71
-0.3375	0.019388	-0.004443	61505.75	-8.60
-0.3331	0.019398	-0.004257	61508.75	-8.48
-0.3287	0.019332	-0.004369	61511.75	-8.37
-0.3254	0.019462	-0.004360	61514.75	-8.29
-0.3211	0.019280	-0.004351	61517.75	-8.17
-0.3118	0.019346	-0.004403	61520.75	-7.94
-0.3096	0.019411	-0.004240	61523.75	-7.88
-0.3057	0.019288	-0.004290	61526.75	-7.78
-0.3019	0.019359	-0.004354	61529.75	-7.68
-0.2975	0.019339	-0.004370	61532.75	-7.57
-0.2904	0.019392	-0.004411	61535.75	-7.39
-0.2882	0.019400	-0.004424	61538.75	-7.33
-0.2822	0.019388	-0.004331	61541.75	-7.18
-0.2795	0.019455	-0.004330	61544.75	-7.11
-0.2729	0.019371	-0.004341	61547.75	-6.94
-0.2680	0.019298	-0.004331	61550.75	-6.81
-0.2653	0.019257	-0.004383	61553.75	-6.74
-0.2625	0.019207	-0.004428	61556.75	-6.67
-0.2587	0.019216	-0.004360	61559.75	-6.58
-0.2538	0.019265	-0.004385	61562.75	-6.45
-0.2494	0.019327	-0.004466	61565.75	-6.34
-0.2450	0.019368	-0.004243	61568.75	-6.23
-0.2396	0.019374	-0.004460	61571.75	-6.09
-0.2379	0.019403	-0.004464	61574.75	-6.04
-0.2330	0.019394	-0.004378	61577.75	-5.92
-0.2292	0.019338	-0.004426	61580.75	-5.82
-0.2264	0.019360	-0.004410	61583.75	-5.75
-0.2215	0.019424	-0.004414	61586.75	-5.62
-0.2182	0.019118	-0.004747	61589.75	-5.54
-0.2155	0.019213	-0.004470	61592.75	-5.47
-0.2095	0.019236	-0.004500	61595.75	-5.32
-0.2057	0.019330	-0.004491	61598.75	-5.22
-0.2029	0.019461	-0.004574	61601.75	-5.15
-0.1991	0.019305	-0.004381	61604.75	-5.05
-0.1964	0.019255	-0.004532	61607.75	-4.98
-0.1931	0.019272	-0.004656	61610.75	-4.90
-0.1898	0.019227	-0.004558	61613.75	-4.81
-0.1871	0.019195	-0.004541	61616.75	-4.74
-0.1821	0.019215	-0.004521	61619.75	-4.62
-0.1778	0.019290	-0.004565	61622.75	-4.51
-0.1761	0.019327	-0.004574	61625.75	-4.46
-0.1706	0.019266	-0.004553	61628.75	-4.33
-0.1701	0.019268	-0.004585	61631.75	-4.31
-0.1657	0.019278	-0.004465	61634.75	-4.20
-0.1614	0.019279	-0.004592	61637.75	-4.09
-0.1614	0.019288	-0.004680	61640.75	-4.09
-0.1553	0.019316	-0.004626	61643.75	-3.93
-0.1515	0.019278	-0.004688	61646.75	-3.84
-0.1460	0.019226	-0.004629	61649.75	-3.70
-0.1428	0.019119	-0.004630	61652.75	-3.61
-0.1438	0.019299	-0.004598	61655.75	-3.64
-0.1417	0.019285	-0.004591	61658.75	-3.59
-0.1362	0.019269	-0.004548	61661.75	-3.45
-0.1313	0.019316	-0.004723	61664.75	-3.32
-0.1280	0.019126	-0.004617	61667.75	-3.24
-0.1253	0.019418	-0.004631	61670.75	-3.17
-0.1209	0.019315	-0.004687	61673.75	-3.06
-0.1192	0.019180	-0.004680	61676.75	-3.02
-0.1165	0.019309	-0.004758	61679.75	-2.95
-0.1121	0.019289	-0.004656	61682.75	-2.84
-0.1099	0.019276	-0.004539	61685.75	-2.78
-0.1061	0.019297	-0.004673	61688.75	-2.68
-0.1045	0.019291	-0.004736	61691.75	-2.64
-0.1039	0.019240	-0.004841	61694.75	-2.63
-0.0974	0.019129	-0.004768	61697.75	-2.46
-0.0924	0.019360	-0.004644	61700.86	-2.34
-0.0881	0.019375	-0.004718	61703.86	-2.23
-0.0799	0.019352	-0.004576	61706.86	-2.02
-0.0755	0.019442	-0.004638	61709.86	-1.91
-0.0678	0.019353	-0.004576	61712.86	-1.71
-0.0624	0.019266	-0.004544	61715.86	-1.57
-0.0536	0.019217	-0.004574	61718.86	-1.35
-0.0531	0.019461	-0.004608	61721.86	-1.34
-0.0454	0.019356	-0.004649	61724.86	-1.15
-0.0377	0.019358	-0.004593	61727.86	-0.95
-0.0334	0.019325	-0.004596	61730.86	-0.84
-0.0328	0.019497	-0.004508	61733.86	-0.83
-0.0235	0.019401	-0.004796	61736.86	-0.59
-0.0186	0.019237	-0.004638	61739.86	-0.47
-0.0027	0.019217	-0.004623	61742.86	-0.07
0.0230	0.019401	-0.004535	61745.86	0.58
0.0427	0.019404	-0.004460	61748.86	1.07
0.0629	0.019591	-0.004457	61751.86	1.58
0.0820	0.019532	-0.004377	61754.86	2.06
0.1116	0.019778	-0.004281	61757.86	2.80
0.1242	0.019776	-0.004203	61760.86	3.12
0.1466	0.019839	-0.004357	61763.86	3.68
0.1592	0.019756	-0.004294	61766.86	3.99
0.1778	0.019718	-0.004311	61769.86	4.46
0.1931	0.019668	-0.004146	61772.86	4.84
0.1942	0.019677	-0.004358	61775.86	4.87
0.2117	0.019727	-0.004211	61778.86	5.31
0.2215	0.019844	-0.004205	61781.86	5.56
0.2379	0.019864	-0.004363	61784.86	5.97
0.2379	0.019813	-0.004030	61787.86	5.97
0.2439	0.019740	-0.004336	61790.86	6.12
0.2543	0.019598	-0.004464	61794.06	6.38
0.2587	0.019678	-0.004350	61797.06	6.49
0.2642	0.019714	-0.004433	61800.06	6.63
0.2735	0.019419	-0.004519	61803.06	6.86
0.2882	0.019611	-0.004508	61806.08	7.23
0.2997	0.019472	-0.004555	61809.08	7.52
0.3249	0.019703	-0.004406	61812.08	8.15
0.3429	0.019622	-0.004310	61815.08	8.60
0.3506	0.019867	-0.004131	61818.08	8.79
0.3708	0.019863	-0.004173	61821.08	9.30
0.3872	0.019843	-0.004185	61824.08	9.71
0.3982	0.019797	-0.004193	61827.08	9.99
0.4239	0.019858	-0.004237	61830.08	10.63
0.4332	0.019848	-0.004213	61833.08	10.86
0.4490	0.019771	-0.004128	61836.08	11.26
0.4512	0.019729	-0.004156	61839.08	11.31
0.4687	0.019899	-0.004117	61842.08	11.75
0.4769	0.019823	-0.004244	61845.08	11.96
0.4830	0.019763	-0.004209	61848.08	12.11
0.4923	0.019733	-0.004038	61851.08	12.34
0.4966	0.019845	-0.004269	61854.08	12.45
0.4983	0.019625	-0.004138	61857.08	12.49
0.5059	0.019652	-0.004412	61860.08	12.68
0.5141	0.019514	-0.004118	61863.08	12.89
0.5158	0.019622	-0.004311	61866.08	12.93
0.5212	0.019563	-0.004192	61869.08	13.07
0.5158	0.019660	-0.004239	61872.08	12.93
0.5273	0.019421	-0.004320	61875.08	13.22
0.5240	0.019181	-0.004455	61878.08	13.13
0.5251	0.019241	-0.004149	61881.08	13.16
0.5415	0.019135	-0.004431	61884.08	13.57
0.5623	0.019128	-0.004516	61887.08	14.09
0.5710	0.019160	-0.004335	61890.08	14.31
0.5880	0.019225	-0.004271	61893.08	14.73
0.6049	0.019279	-0.004153	61896.08	15.16
0.6109	0.019255	-0.004182	61899.08	15.31
0.6263	0.019474	-0.003989	61902.08	15.69
0.6399	0.019389	-0.003799	61905.08	16.03
0.6503	0.019449	-0.003727	61908.08	16.29
0.6591	0.019493	-0.003787	61911.08	16.51
0.6629	0.019286	-0.003722	61914.08	16.60
0.6788	0.019321	-0.003812	61917.08	17.00
0.6952	0.019141	-0.003683	61920.08	17.41
0.7149	0.019176	-0.003477	61923.08	17.90
0.7296	0.019335	-0.003318	61926.08	18.27
0.7471	0.019275	-0.003197	61929.08	18.70
0.7592	0.019414	-0.003142	61932.08	19.00
0.7750	0.019395	-0.002919	61935.08	19.40
0.7882	0.019107	-0.002884	61938.08	19.72
0.7892	0.019204	-0.002824	61941.08	19.75
0.7920	0.018955	-0.002678	61944.08	19.82
0.8018	0.018978	-0.002667	61947.08	20.06
0.8243	0.018781	-0.002459	61950.08	20.62
0.8232	0.018701	-0.002605	61953.08	20.60
0.8352	0.018779	-0.002407	61956.08	20.89
0.8199	0.018463	-0.002377	61959.08	20.51
0.8368	0.018202	-0.002641	61962.08	20.94
0.8336	0.018057	-0.002507	61965.08	20.85
0.8314	0.017925	-0.002438	61968.08	20.80
0.8407	0.017871	-0.002426	61971.08	21.03
0.8478	0.017539	-0.002443	61974.08	21.21
0.8423	0.017686	-0.002418	61977.08	21.07
0.8543	0.017528	-0.002533	61980.08	21.37
0.8839	0.017466	-0.002385	61983.08	22.10
0.8965	0.017269	-0.002590	61986.08	22.42
0.8948	0.017248	-0.002425	61989.08	22.38
0.9325	0.017305	-0.002279	61992.08	23.31
0.9583	0.017279	-0.002256	61995.08	23.95
0.9566	0.017260	-0.002103	61998.08	23.91
0.9621	0.017430	-0.002003	62001.08	24.04
0.9829	0.017456	-0.002128	62004.08	24.56
0.9818	0.017299	-0.001891	62007.08	24.53
0.9955	0.017430	-0.001937	62010.08	24.87
1.0157	0.017313	-0.002010	62013.09	25.37
1.0305	0.017450	-0.001826	62016.09	25.74
1.0512	0.017557	-0.002003	62019.09	26.25
1.0666	0.017415	-0.002006	62022.09	26.63
1.0676	0.017503	-0.002055	62025.09	26.66
1.0928	0.017395	-0.001989	62028.09	27.28
1.1016	0.017450	-0.002040	62031.09	27.50
1.1136	0.017302	-0.002239	62034.09	27.79
1.1152	0.017292	-0.002220	62037.09	27.83
1.1284	0.017255	-0.002213	62040.09	28.16
1.1409	0.017248	-0.002198	62043.09	28.47
1.1459	0.017257	-0.002217	62046.09	28.59
1.1431	0.017218	-0.002278	62049.09	28.52
1.1601	0.017303	-0.002199	62052.09	28.94
1.1606	0.016978	-0.002455	62055.09	28.95
1.1710	0.017238	-0.002289	62058.09	29.21
1.1923	0.017237	-0.002425	62061.09	29.74
1.2066	0.017219	-0.002543	62064.09	30.09
1.2334	0.017391	-0.002367	62067.09	30.75
1.2449	0.017233	-0.002468	62070.09	31.03
1.2744	0.017440	-0.002368	62073.09	31.76
1.2875	0.017361	-0.002234	62076.09	32.08
1.3110	0.017282	-0.002393	62079.09	32.66
1.3258	0.017359	-0.002402	62082.09	33.02
1.3356	0.017367	-0.002463	62085.09	33.26
1.3532	0.017305	-0.002477	62088.09	33.69
1.3701	0.017385	-0.002495	62091.09	34.11
1.3805	0.017499	-0.002312	62094.09	34.37
1.3925	0.017318	-0.002388	62097.09	34.66
1.3991	0.017070	-0.002493	62100.09	34.82
1.4122	0.017417	-0.002495	62103.09	35.14
1.4243	0.017279	-0.002344	62106.09	35.44
1.4232	0.017307	-0.002582	62109.09	35.41
1.4292	0.017561	-0.002568	62112.09	35.56
1.4275	0.017267	-0.002531	62115.09	35.52
1.4450	0.017327	-0.002505	62118.09	35.95
1.4472	0.017166	-0.002760	62121.09	36.00
1.4478	0.017110	-0.002772	62124.09	36.02
1.4653	0.017109	-0.002775	62127.09	36.45
1.4844	0.017151	-0.002759	62130.11	36.91
1.4921	0.017350	-0.002669	62133.09	37.10
1.5205	0.017340	-0.002574	62136.09	37.80
1.5446	0.017540	-0.002436	62139.09	38.39
1.5681	0.017633	-0.002445	62142.09	38.96
1.5807	0.017479	-0.002509	62145.09	39.27
1.6047	0.017607	-0.002437	62148.09	39.86
1.6173	0.017460	-0.002446	62151.09	40.16
1.6201	0.017417	-0.002436	62154.09	40.23
1.6447	0.017453	-0.002553	62157.09	40.83
