2.0543	0.017038	-0.003620	49630.33	50.79
2.0560	0.017085	-0.003499	49633.33	50.83
2.0549	0.017043	-0.003230	49636.33	50.80
2.0029	0.016833	-0.003678	49969.17	49.54
2.0051	0.017003	-0.003452	49972.17	49.60
2.0062	0.016933	-0.003498	49975.17	49.62
2.0029	0.016933	-0.003631	49978.17	49.54
2.0029	0.016874	-0.003584	49981.17	49.54
2.0040	0.016832	-0.003713	49984.17	49.57
2.0018	0.016886	-0.003548	49987.17	49.52
2.0013	0.016863	-0.003485	49990.17	49.50
2.0018	0.016790	-0.003512	49993.17	49.52
1.9975	0.016879	-0.003546	49996.17	49.41
2.0002	0.016847	-0.003663	49999.17	49.48
1.9986	0.016803	-0.003792	50002.17	49.44
1.9964	0.016939	-0.003547	50005.17	49.39
1.9975	0.016934	-0.003619	50008.17	49.41
1.9969	0.016854	-0.003525	50011.17	49.40
1.9980	0.016933	-0.003543	50014.17	49.43
1.9964	0.016979	-0.003614	50017.17	49.39
1.9953	0.016747	-0.003348	50020.17	49.36
1.9936	0.016867	-0.003642	50023.17	49.32
1.9953	0.017043	-0.003584	50026.17	49.36
1.9975	0.016833	-0.003266	50029.17	49.41
1.9936	0.016936	-0.003484	50032.17	49.32
1.9914	0.017041	-0.003686	50035.17	49.27
1.9931	0.016752	-0.003721	50038.17	49.31
1.9920	0.016781	-0.003792	50041.17	49.28
1.9893	0.016901	-0.003607	50044.17	49.21
1.9898	0.017034	-0.003502	50047.17	49.23
1.9892	0.017019	-0.003380	50050.17	49.21
1.9903	0.016884	-0.003387	50053.17	49.24
1.9893	0.017052	-0.003479	50056.17	49.21
1.9898	0.016789	-0.003494	50059.17	49.23
1.9887	0.016867	-0.003592	50062.17	49.20
1.9876	0.016853	-0.003426	50065.17	49.17
1.9887	0.016832	-0.003403	50068.17	49.20
1.9854	0.016981	-0.003457	50071.17	49.12
1.9876	0.017086	-0.003438	50074.17	49.17
1.9854	0.016846	-0.003519	50077.17	49.12
1.9849	0.016852	-0.003463	50080.17	49.11
1.9860	0.016997	-0.003451	50083.17	49.13
1.9843	0.017000	-0.003414	50086.17	49.09
1.9832	0.016884	-0.003346	50089.17	49.07
1.9816	0.016869	-0.003428	50092.17	49.03
1.9827	0.017033	-0.003240	50095.17	49.05
1.9821	0.017021	-0.003493	50098.17	49.04
1.9821	0.017025	-0.003468	50101.17	49.04
1.9810	0.016890	-0.003620	50104.17	49.01
1.9778	0.016832	-0.003450	50107.17	48.93
1.9800	0.017014	-0.003463	50110.17	48.99
1.9778	0.016988	-0.003406	50113.17	48.93
1.9772	0.016793	-0.003470	50116.17	48.92
1.9772	0.016835	-0.003501	50119.17	48.92
1.9761	0.016809	-0.003620	50122.17	48.89
1.9767	0.017032	-0.003461	50125.17	48.91
1.9750	0.017152	-0.003494	50128.17	48.87
1.9750	0.016977	-0.003592	50131.17	48.87
1.9756	0.016831	-0.003480	50134.17	48.88
1.9739	0.016843	-0.003513	50137.17	48.84
1.9745	0.016830	-0.003567	50140.17	48.86
1.9718	0.016979	-0.003585	50143.17	48.79
1.9717	0.016805	-0.003184	50146.17	48.79
1.9712	0.016888	-0.003388	50149.17	48.78
1.9712	0.016848	-0.003692	50152.17	48.78
1.9717	0.016814	-0.003389	50155.17	48.79
1.9712	0.016866	-0.003559	50158.17	48.78
1.9679	0.016995	-0.003456	50161.17	48.70
1.9717	0.016739	-0.003549	50164.17	48.79
1.9696	0.016713	-0.003398	50167.17	48.74
1.9718	0.017014	-0.003579	50170.17	48.79
1.9701	0.016844	-0.003559	50173.17	48.75
1.9668	0.016995	-0.003414	50176.17	48.67
1.9690	0.017093	-0.003469	50179.17	48.72
1.9690	0.016985	-0.003482	50182.17	48.72
1.9685	0.016984	-0.003449	50185.17	48.71
1.9652	0.017069	-0.003488	50188.17	48.63
1.9674	0.016836	-0.003408	50191.17	48.68
1.9652	0.016923	-0.003546	50194.17	48.63
1.9646	0.016897	-0.003538	50197.17	48.62
1.9641	0.016746	-0.003422	50200.17	48.60
1.9635	0.016768	-0.003637	50203.17	48.59
1.9630	0.016743	-0.003489	50206.17	48.58
1.9641	0.016857	-0.003503	50209.17	48.60
1.9625	0.016940	-0.003519	50212.17	48.56
1.9608	0.016759	-0.003515	50215.17	48.52
1.9619	0.016921	-0.003442	50218.17	48.55
1.9586	0.016896	-0.003338	50221.17	48.47
1.9603	0.016858	-0.003666	50224.17	48.51
1.9592	0.016739	-0.003359	50227.17	48.48
1.9592	0.017056	-0.003379	50230.17	48.48
1.9592	0.017049	-0.003535	50233.17	48.48
1.9575	0.016944	-0.003401	50236.17	48.44
1.9581	0.016848	-0.003565	50239.17	48.46
1.9575	0.016849	-0.003434	50242.17	48.44
1.9559	0.017012	-0.003375	50245.17	48.40
1.9575	0.016852	-0.003460	50248.17	48.44
1.9586	0.016873	-0.003508	50251.17	48.47
1.9570	0.017056	-0.003546	50254.17	48.43
1.9575	0.016939	-0.003420	50257.17	48.44
1.9548	0.017035	-0.003345	50260.17	48.38
1.9559	0.017022	-0.003468	50263.17	48.40
1.9548	0.016880	-0.003534	50266.17	48.38
1.9548	0.017112	-0.003362	50269.17	48.38
1.9521	0.017029	-0.003517	50272.17	48.31
1.9542	0.016867	-0.003428	50275.17	48.36
1.9515	0.016976	-0.003470	50278.17	48.30
1.9510	0.016947	-0.003362	50281.17	48.28
1.9493	0.016846	-0.003420	50284.17	48.24
1.9499	0.017131	-0.003431	50287.17	48.26
1.9493	0.016938	-0.003494	50290.17	48.24
1.9460	0.016991	-0.003296	50293.17	48.17
1.9466	0.016849	-0.003455	50296.17	48.18
1.9439	0.016884	-0.003467	50299.17	48.11
1.9433	0.016821	-0.003577	50302.17	48.10
1.9395	0.016763	-0.003488	50305.17	48.01
1.9378	0.016832	-0.003401	50308.17	47.97
1.9373	0.016955	-0.003375	50311.17	47.95
1.9367	0.016925	-0.003510	50314.17	47.94
1.9329	0.016963	-0.003369	50317.17	47.85
1.9324	0.017010	-0.003503	50320.17	47.83
1.9280	0.016994	-0.003387	50323.17	47.73
1.9280	0.016967	-0.003389	50326.17	47.73
1.9258	0.016997	-0.003104	50329.17	47.67
1.9236	0.016960	-0.003458	50332.17	47.62
1.9220	0.016621	-0.003534	50335.17	47.58
1.9176	0.016684	-0.003698	50338.17	47.47
1.9154	0.016733	-0.003528	50341.17	47.42
1.9138	0.016636	-0.003577	50344.17	47.38
1.9094	0.016888	-0.003476	50347.17	47.28
1.9067	0.016915	-0.003448	50350.17	47.21
1.9045	0.016816	-0.003412	50353.17	47.16
1.9034	0.016832	-0.003451	50356.17	47.13
1.9001	0.016952	-0.003522	50359.17	47.05
1.8968	0.017037	-0.003389	50362.17	46.97
1.8924	0.016798	-0.003403	50365.17	46.86
1.8924	0.016773	-0.003545	50368.17	46.86
1.8881	0.016914	-0.003410	50371.17	46.76
1.8881	0.016739	-0.003633	50374.17	46.76
1.8826	0.016954	-0.003565	50377.17	46.62
1.8810	0.016767	-0.003481	50380.17	46.58
1.8755	0.016817	-0.003508	50383.17	46.45
1.8738	0.016941	-0.003408	50386.17	46.41
1.8717	0.016930	-0.003375	50389.17	46.36
1.8684	0.016739	-0.003521	50392.17	46.28
1.8645	0.016720	-0.003413	50395.17	46.19
1.8602	0.016741	-0.003556	50398.17	46.08
1.8580	0.016781	-0.003391	50401.17	46.03
1.8547	0.016857	-0.003522	50404.17	45.95
1.8514	0.016717	-0.003482	50407.17	45.87
1.8481	0.016799	-0.003474	50410.17	45.79
1.8438	0.016851	-0.003475	50413.17	45.68
1.8394	0.016789	-0.003586	50416.17	45.57
1.8383	0.016727	-0.003617	50419.17	45.55
1.8356	0.016724	-0.003531	50422.17	45.48
1.8306	0.016925	-0.003420	50425.17	45.36
1.8268	0.016777	-0.003493	50428.17	45.27
1.8246	0.016798	-0.003396	50431.17	45.22
1.8208	0.016754	-0.003503	50434.17	45.12
1.8159	0.016752	-0.003385	50437.17	45.00
1.8120	0.016757	-0.003482	50440.17	44.91
1.8104	0.016706	-0.003367	50443.17	44.87
1.8066	0.016726	-0.003444	50446.17	44.78
1.8027	0.016681	-0.003433	50449.17	44.68
1.8011	0.016803	-0.003476	50452.17	44.64
1.7956	0.016807	-0.003594	50455.17	44.51
1.7934	0.016646	-0.003498	50458.17	44.46
1.7880	0.016677	-0.003433	50461.17	44.32
1.7863	0.016735	-0.003348	50464.17	44.28
1.7814	0.016714	-0.003458	50467.17	44.16
1.7803	0.016745	-0.003409	50470.17	44.14
1.7765	0.016611	-0.003546	50473.17	44.04
1.7727	0.016778	-0.003440	50476.17	43.95
1.7705	0.016550	-0.003544	50479.17	43.90
1.7666	0.016627	-0.003619	50482.17	43.80
1.7645	0.016528	-0.003477	50485.17	43.75
1.7612	0.016681	-0.003387	50488.17	43.67
1.7584	0.016808	-0.003413	50491.17	43.61
1.7541	0.016718	-0.003464	50494.17	43.50
1.7502	0.016644	-0.003583	50497.17	43.41
1.7481	0.016756	-0.003596	50500.17	43.35
1.7431	0.016713	-0.003190	50503.17	43.23
1.7426	0.016805	-0.003457	50506.17	43.22
1.7377	0.016608	-0.003529	50509.17	43.10
1.7344	0.016787	-0.003458	50512.17	43.02
1.7305	0.016583	-0.003480	50515.17	42.93
1.7289	0.016785	-0.003349	50518.17	42.89
1.7240	0.016611	-0.003434	50521.17	42.77
1.7229	0.016619	-0.003411	50524.17	42.74
1.7174	0.016666	-0.003477	50527.17	42.61
1.7163	0.016730	-0.003460	50530.17	42.58
1.7109	0.016764	-0.003592	50533.17	42.45
1.7087	0.016638	-0.003387	50536.17	42.39
1.7081	0.016677	-0.003482	50539.17	42.38
1.7021	0.016639	-0.003424	50542.17	42.23
1.6999	0.016698	-0.003460	50545.17	42.18
1.6966	0.016635	-0.003431	50548.17	42.10
1.6917	0.016740	-0.003341	50551.17	41.98
1.6884	0.016676	-0.003528	50554.17	41.90
1.6868	0.016632	-0.003320	50557.17	41.86
1.6830	0.016555	-0.003344	50560.17	41.77
1.6786	0.016789	-0.003396	50563.17	41.66
1.6748	0.016679	-0.003447	50566.17	41.57
1.6715	0.016682	-0.003476	50569.17	41.49
1.6676	0.016692	-0.003425	50572.17	41.39
1.6638	0.016641	-0.003369	50575.17	41.30
1.6611	0.016624	-0.003366	50578.17	41.23
1.6556	0.016737	-0.003401	50581.17	41.10
1.6529	0.016687	-0.003400	50584.17	41.03
1.6507	0.016797	-0.003402	50587.17	40.98
1.6458	0.016761	-0.003436	50590.17	40.86
1.6414	0.016598	-0.003386	50593.17	40.75
1.6376	0.016723	-0.003452	50596.17	40.66
1.6348	0.016679	-0.003370	50599.17	40.59
1.6305	0.016694	-0.003389	50602.17	40.48
1.6266	0.016670	-0.003345	50605.17	40.39
1.6228	0.016639	-0.003426	50608.17	40.30
1.6206	0.016697	-0.003264	50611.17	40.24
1.6173	0.016707	-0.003312	50614.17	40.16
1.6130	0.016542	-0.003363	50617.17	40.06
1.6086	0.016690	-0.003250	50620.17	39.95
1.6042	0.016708	-0.003251	50623.17	39.84
1.6020	0.016746	-0.003242	50626.17	39.79
1.5993	0.016731	-0.003371	50629.17	39.72
1.5949	0.016809	-0.003123	50632.17	39.62
1.5905	0.016799	-0.003182	50635.17	39.51
1.5862	0.016773	-0.003195	50638.17	39.40
1.5807	0.016641	-0.003436	50641.17	39.27
1.5774	0.016495	-0.003468	50644.17	39.19
1.5725	0.016621	-0.003344	50647.17	39.07
1.5670	0.016487	-0.003246	50650.17	38.93
1.5604	0.016678	-0.003300	50653.17	38.77
1.5544	0.016546	-0.003294	50656.17	38.63
1.5501	0.016669	-0.003397	50659.17	38.52
1.5435	0.016655	-0.003278	50662.17	38.36
1.5380	0.016691	-0.003244	50665.17	38.23
1.5331	0.016690	-0.003267	50668.17	38.11
1.5249	0.016633	-0.003273	50671.17	37.90
1.5183	0.016656	-0.003249	50674.17	37.74
1.5090	0.016607	-0.003187	50677.17	37.52
1.5025	0.016638	-0.003353	50680.17	37.36
1.4970	0.016646	-0.003164	50683.17	37.22
1.4888	0.016687	-0.003136	50686.17	37.02
1.4811	0.016641	-0.003336	50689.17	36.83
1.4697	0.016730	-0.003316	50692.17	36.55
1.4609	0.016550	-0.003211	50695.17	36.34
1.4560	0.016699	-0.003289	50698.17	36.22
1.4450	0.016583	-0.003269	50701.17	35.95
1.4385	0.016690	-0.003263	50704.17	35.79
1.4286	0.016460	-0.003118	50707.17	35.55
1.4199	0.016638	-0.003262	50710.17	35.33
1.4106	0.016473	-0.003322	50713.19	35.10
1.4024	0.016698	-0.003235	50716.17	34.90
1.3936	0.016556	-0.003334	50719.17	34.69
1.3865	0.016567	-0.003145	50722.17	34.51
1.3739	0.016500	-0.003247	50725.17	34.20
1.3663	0.016730	-0.003113	50728.17	34.02
1.3597	0.016519	-0.003181	50731.17	33.86
1.3493	0.016731	-0.003110	50734.17	33.60
1.3428	0.016501	-0.003060	50737.17	33.44
1.3356	0.016550	-0.003186	50740.17	33.26
1.3242	0.016590	-0.003213	50743.17	32.98
1.3154	0.016408	-0.003235	50746.17	32.77
1.3056	0.016443	-0.003236	50749.17	32.52
1.2930	0.016636	-0.003191	50752.17	32.22
1.2848	0.016660	-0.003133	50755.17	32.01
1.2706	0.016584	-0.003034	50758.17	31.66
1.2585	0.016433	-0.003174	50761.17	31.37
1.2443	0.016548	-0.003170	50764.17	31.02
1.2290	0.016625	-0.003072	50767.17	30.64
1.2159	0.016554	-0.003082	50770.17	30.32
1.2022	0.016465	-0.003087	50773.17	29.98
1.1863	0.016623	-0.003125	50776.17	29.59
1.1754	0.016480	-0.003002	50779.17	29.32
1.1595	0.016589	-0.003056	50782.17	28.93
1.1513	0.016576	-0.003140	50785.17	28.72
1.1371	0.016415	-0.003090	50788.17	28.37
1.1185	0.016529	-0.003168	50791.17	27.91
1.1109	0.016456	-0.003145	50794.17	27.73
1.0955	0.016558	-0.003124	50797.17	27.35
1.0813	0.016570	-0.003012	50800.17	27.00
1.0682	0.016559	-0.002968	50803.17	26.67
1.0583	0.016516	-0.003123	50806.17	26.43
1.0480	0.016495	-0.002932	50809.17	26.17
1.0321	0.016716	-0.002846	50812.17	25.78
1.0222	0.016612	-0.002914	50815.17	25.53
1.0086	0.016585	-0.002636	50818.17	25.20
0.9944	0.016544	-0.002807	50821.17	24.84
0.9818	0.016641	-0.002808	50824.17	24.53
0.9681	0.016598	-0.002677	50827.17	24.19
0.9561	0.016694	-0.002863	50830.17	23.89
0.9440	0.016478	-0.002792	50833.17	23.60
0.9309	0.016442	-0.002754	50836.17	23.27
0.9172	0.016711	-0.002752	50839.17	22.93
0.9052	0.016529	-0.002765	50842.17	22.63
0.8943	0.016567	-0.002812	50845.17	22.36
0.8789	0.016474	-0.002684	50848.17	21.98
0.8696	0.016586	-0.002845	50851.17	21.75
0.8543	0.016410	-0.002853	50854.17	21.37
0.8439	0.016381	-0.002747	50857.17	21.11
0.8357	0.016583	-0.002635	50860.17	20.91
0.8215	0.016516	-0.002845	50863.17	20.55
0.8122	0.016440	-0.002706	50866.17	20.32
0.7996	0.016492	-0.002729	50869.17	20.01
0.7893	0.016627	-0.002580	50872.17	19.75
0.7750	0.016548	-0.002608	50875.17	19.40
0.7635	0.016497	-0.002710	50878.17	19.11
0.7537	0.016372	-0.002768	50881.17	18.87
0.7340	0.016304	-0.002917	50884.17	18.38
0.7263	0.016441	-0.002833	50887.17	18.19
0.7056	0.016311	-0.002786	50890.17	17.67
0.6903	0.016327	-0.002692	50893.17	17.29
0.6820	0.016404	-0.002903	50896.17	17.08
0.6624	0.016185	-0.002718	50899.17	16.59
0.6574	0.016404	-0.002869	50902.17	16.47
0.6454	0.016345	-0.002572	50905.17	16.17
0.6301	0.016405	-0.002940	50908.17	15.79
0.6148	0.016337	-0.002622	50911.17	15.40
0.6071	0.016356	-0.002716	50914.17	15.21
0.6006	0.016340	-0.002575	50917.17	15.05
0.5781	0.016274	-0.002696	50920.17	14.49
0.5677	0.016314	-0.002722	50923.17	14.23
0.5535	0.016301	-0.002763	50926.17	13.87
0.5366	0.016248	-0.002819	50929.17	13.45
0.5180	0.016112	-0.002708	50932.17	12.98
0.5048	0.016124	-0.002831	50935.17	12.66
0.4879	0.016224	-0.002654	50938.17	12.23
0.4797	0.016561	-0.002427	50941.17	12.03
0.4671	0.016442	-0.002588	50944.17	11.71
0.4562	0.016285	-0.002799	50947.17	11.44
0.4485	0.016151	-0.002770	50950.17	11.25
0.4408	0.016346	-0.003048	50953.17	11.05
0.4321	0.016113	-0.002880	50956.17	10.84
0.4283	0.016310	-0.002773	50959.17	10.74
0.4233	0.016573	-0.002559	50962.17	10.62
0.4195	0.016695	-0.002563	50965.17	10.52
0.4036	0.016387	-0.002571	50968.17	10.12
0.3954	0.016698	-0.002572	50971.17	9.92
0.3933	0.016659	-0.002476	50974.17	9.86
0.3883	0.016617	-0.002887	50977.17	9.74
0.3779	0.016717	-0.002817	50980.17	9.48
0.3681	0.016705	-0.002625	50983.17	9.23
0.3632	0.016873	-0.002917	50986.17	9.11
0.3555	0.016724	-0.002871	50989.17	8.92
0.3484	0.016876	-0.002905	50992.17	8.74
0.3424	0.016921	-0.002895	50995.17	8.59
0.3375	0.017164	-0.003008	50998.17	8.47
0.3293	0.016993	-0.002977	51001.17	8.26
0.3216	0.016893	-0.003431	51004.17	8.07
0.3150	0.017077	-0.003485	51007.17	7.90
0.3079	0.017088	-0.003794	51010.17	7.72
0.3008	0.017105	-0.003656	51013.17	7.55
0.2921	0.017073	-0.003900	51016.17	7.33
0.2872	0.017224	-0.003868	51019.17	7.20
0.2751	0.017449	-0.003945	51022.17	6.90
0.2718	0.017278	-0.004080	51025.17	6.82
0.2625	0.017325	-0.004274	51028.17	6.59
0.2549	0.017695	-0.004187	51031.17	6.39
0.2439	0.017686	-0.004300	51034.17	6.12
0.2314	0.017653	-0.004350	51037.17	5.80
0.2248	0.017609	-0.004374	51040.17	5.64
0.2117	0.017758	-0.004411	51043.17	5.31
0.2040	0.017913	-0.004491	51046.17	5.12
0.1920	0.018072	-0.004531	51049.17	4.82
0.1772	0.017917	-0.004477	51052.17	4.45
0.1657	0.018105	-0.004613	51055.17	4.16
0.1510	0.018134	-0.004571	51058.17	3.79
0.1422	0.018207	-0.004690	51061.17	3.57
0.1236	0.018278	-0.004680	51064.17	3.10
0.1094	0.018291	-0.004545	51067.17	2.74
0.0935	0.018458	-0.004863	51070.17	2.35
0.0826	0.018400	-0.004754	51073.17	2.07
0.0624	0.018371	-0.004885	51076.17	1.56
0.0454	0.018541	-0.004787	51079.17	1.14
0.0317	0.018400	-0.004994	51082.17	0.80
0.0159	0.018650	-0.004925	51085.17	0.40
-0.0027	0.018455	-0.004985	51088.17	-0.07
-0.0208	0.018563	-0.004917	51091.17	-0.52
-0.0366	0.018406	-0.004944	51094.17	-0.92
-0.0465	0.018601	-0.004970	51097.17	-1.17
-0.0673	0.018628	-0.004973	51100.17	-1.70
-0.0826	0.018552	-0.004936	51103.17	-2.09
-0.0995	0.018524	-0.005039	51106.17	-2.52
-0.1149	0.018793	-0.004967	51109.17	-2.91
-0.1313	0.018757	-0.004901	51112.17	-3.32
-0.1482	0.018757	-0.004983	51115.17	-3.75
-0.1663	0.018799	-0.004919	51118.17	-4.21
-0.1772	0.018799	-0.004923	51121.17	-4.49
-0.1980	0.018898	-0.004859	51124.17	-5.02
-0.2122	0.018789	-0.004785	51127.17	-5.39
-0.2325	0.018874	-0.004936	51130.17	-5.90
-0.2472	0.018820	-0.004737	51133.17	-6.28
-0.2620	0.018785	-0.004795	51136.17	-6.66
-0.2795	0.018941	-0.004977	51139.17	-7.11
-0.2943	0.019060	-0.004785	51142.17	-7.49
-0.3112	0.018776	-0.004873	51145.17	-7.92
-0.3227	0.018891	-0.004832	51148.17	-8.22
-0.3451	0.018970	-0.004888	51151.17	-8.79
-0.3604	0.018793	-0.004777	51154.17	-9.19
-0.3719	0.018698	-0.004919	51157.17	-9.48
-0.3867	0.018846	-0.004996	51160.17	-9.86
-0.4004	0.018861	-0.004866	51163.17	-10.22
-0.4173	0.018951	-0.004912	51166.17	-10.65
-0.4354	0.018995	-0.004690	51169.17	-11.12
-0.4474	0.018917	-0.004738	51172.17	-11.43
-0.4589	0.019042	-0.004730	51175.17	-11.73
-0.4748	0.019079	-0.004757	51178.17	-12.14
-0.4906	0.019001	-0.004602	51181.17	-12.55
-0.5054	0.018869	-0.004648	51184.17	-12.93
-0.5180	0.018902	-0.004652	51187.17	-13.25
-0.5327	0.018958	-0.004645	51190.17	-13.64
-0.5480	0.018982	-0.004721	51193.17	-14.03
-0.5601	0.018928	-0.004775	51196.17	-14.34
-0.5754	0.019029	-0.004616	51199.17	-14.74
-0.5891	0.018915	-0.004527	51202.17	-15.10
-0.5995	0.018955	-0.004677	51205.17	-15.37
-0.6142	0.018952	-0.004523	51208.17	-15.75
-0.6263	0.019038	-0.004619	51211.17	-16.06
-0.6438	0.019151	-0.004660	51214.17	-16.52
-0.6552	0.018997	-0.004614	51217.17	-16.82
-0.6667	0.018975	-0.004648	51220.17	-17.12
-0.6810	0.019010	-0.004549	51223.17	-17.49
-0.6913	0.019067	-0.004503	51226.17	-17.76
-0.7061	0.018947	-0.004559	51229.17	-18.14
-0.7143	0.019006	-0.004555	51232.17	-18.36
-0.7302	0.018977	-0.004537	51235.17	-18.77
-0.7449	0.018960	-0.004453	51238.17	-19.16
-0.7575	0.018930	-0.004532	51241.17	-19.49
-0.7712	0.019099	-0.004579	51244.17	-19.84
-0.7838	0.019202	-0.004512	51247.17	-20.17
-0.7980	0.019113	-0.004402	51250.17	-20.54
-0.8117	0.018971	-0.004428	51253.17	-20.90
-0.8210	0.019048	-0.004447	51256.17	-21.15
-0.8352	0.019020	-0.004280	51259.17	-21.52
-0.8428	0.018897	-0.004313	51262.17	-21.72
-0.8576	0.019015	-0.004413	51265.17	-22.11
-0.8729	0.019049	-0.004572	51268.17	-22.51
-0.8789	0.018930	-0.004284	51271.17	-22.67
-0.8964	0.018941	-0.004338	51274.17	-23.13
-0.9079	0.018904	-0.004419	51277.17	-23.43
-0.9183	0.018896	-0.004437	51280.17	-23.70
-0.9282	0.018909	-0.004319	51283.17	-23.96
-0.9468	0.018915	-0.004467	51286.17	-24.45
-0.9533	0.019134	-0.004474	51289.17	-24.63
-0.9659	0.018886	-0.004244	51292.17	-24.96
-0.9785	0.018830	-0.004494	51295.17	-25.29
-0.9856	0.019002	-0.004223	51298.17	-25.48
-0.9954	0.018871	-0.004381	51301.17	-25.74
-1.0091	0.018820	-0.004381	51304.17	-26.10
-1.0206	0.019055	-0.004129	51307.17	-26.40
-1.0348	0.019028	-0.004183	51310.17	-26.78
-1.0425	0.018882	-0.004235	51313.17	-26.98
-1.0567	0.018948	-0.004105	51316.17	-27.36
-1.0687	0.019122	-0.003949	51319.17	-27.68
-1.0791	0.019133	-0.004179	51322.17	-27.95
-1.0879	0.018945	-0.004149	51325.17	-28.19
-1.1010	0.019058	-0.004291	51328.17	-28.53
-1.1081	0.019079	-0.003978	51331.17	-28.72
-1.1218	0.019002	-0.004094	51334.17	-29.09
-1.1311	0.019081	-0.003888	51337.17	-29.33
-1.1295	0.019068	-0.003943	51340.17	-29.29
-1.1212	0.019120	-0.003928	51343.17	-29.07
-1.1130	0.019264	-0.003877	51346.17	-28.85
-1.1059	0.019171	-0.003891	51349.17	-28.66
-1.0950	0.019332	-0.003831	51352.17	-28.37
-1.0846	0.019261	-0.003931	51355.17	-28.10
-1.0775	0.019267	-0.003979	51358.17	-27.91
-1.0671	0.019347	-0.003791	51361.17	-27.63
-1.0540	0.019285	-0.003740	51364.17	-27.29
-1.0452	0.019311	-0.003862	51367.17	-27.05
-1.0305	0.019333	-0.003815	51370.17	-26.66
-1.0217	0.019316	-0.003888	51373.17	-26.43
-1.0119	0.019350	-0.004015	51376.17	-26.17
-0.9993	0.019374	-0.003826	51379.17	-25.84
-0.9889	0.019413	-0.003868	51382.17	-25.56
-0.9785	0.019240	-0.003951	51385.17	-25.29
-0.9654	0.019354	-0.003898	51388.17	-24.94
-0.9544	0.019264	-0.004063	51391.17	-24.65
-0.9446	0.019574	-0.003931	51394.17	-24.39
-0.9320	0.019329	-0.004056	51397.17	-24.06
-0.9233	0.019263	-0.003876	51400.17	-23.83
-0.9101	0.019307	-0.004101	51403.17	-23.49
-0.9008	0.019345	-0.003973	51406.17	-23.24
-0.8899	0.019341	-0.003918	51409.17	-22.95
-0.8800	0.019375	-0.004074	51412.17	-22.70
-0.8713	0.019384	-0.003833	51415.17	-22.47
-0.8604	0.019498	-0.004023	51418.17	-22.18
-0.8500	0.019316	-0.004095	51421.17	-21.91
-0.8412	0.019407	-0.003932	51424.17	-21.68
-0.8303	0.019445	-0.004068	51427.17	-21.39
-0.8193	0.019394	-0.003990	51430.17	-21.10
-0.8106	0.019434	-0.004008	51433.17	-20.87
-0.8002	0.019346	-0.004007	51436.17	-20.60
-0.7920	0.019415	-0.004033	51439.17	-20.39
-0.7816	0.019500	-0.004083	51442.17	-20.11
-0.7717	0.019391	-0.004076	51445.17	-19.86
-0.7630	0.019365	-0.004119	51448.17	-19.63
-0.7548	0.019472	-0.004083	51451.17	-19.41
-0.7444	0.019321	-0.004062	51454.17	-19.14
-0.7367	0.019468	-0.004064	51457.17	-18.94
-0.7296	0.019494	-0.004002	51460.17	-18.76
-0.7181	0.019485	-0.004079	51463.17	-18.46
-0.7116	0.019485	-0.004043	51466.17	-18.29
-0.7023	0.019456	-0.004137	51469.17	-18.04
-0.6946	0.019542	-0.003993	51472.17	-17.84
-0.6853	0.019393	-0.004105	51475.17	-17.60
-0.6771	0.019488	-0.004091	51478.17	-17.39
-0.6695	0.019515	-0.004125	51481.17	-17.19
-0.6591	0.019429	-0.004164	51484.17	-16.92
-0.6536	0.019551	-0.004068	51487.17	-16.77
-0.6454	0.019383	-0.004162	51490.17	-16.56
-0.6383	0.019581	-0.004093	51493.17	-16.38
-0.6301	0.019564	-0.003943	51496.17	-16.16
-0.6213	0.019469	-0.004124	51499.17	-15.94
-0.6137	0.019478	-0.004149	51502.17	-15.74
-0.6044	0.019486	-0.004045	51505.17	-15.49
-0.5978	0.019459	-0.004369	51508.17	-15.32
-0.5918	0.019335	-0.004300	51511.17	-15.17
-0.5847	0.019497	-0.004202	51514.17	-14.98
-0.5787	0.019429	-0.004331	51517.17	-14.83
-0.5677	0.019415	-0.004327	51520.17	-14.54
-0.5650	0.019461	-0.004217	51523.17	-14.47
-0.5563	0.019304	-0.004249	51526.17	-14.25
-0.5470	0.019404	-0.004267	51529.17	-14.00
-0.5404	0.019365	-0.004226	51532.17	-13.83
-0.5344	0.019408	-0.004333	51535.17	-13.68
-0.5289	0.019366	-0.004159	51538.17	-13.54
-0.5229	0.019446	-0.004381	51541.17	-13.38
-0.5163	0.019607	-0.004385	51544.17	-13.21
-0.5114	0.019386	-0.004295	51547.17	-13.08
-0.5021	0.019383	-0.004329	51550.17	-12.84
-0.4961	0.019413	-0.004311	51553.17	-12.69
-0.4879	0.019480	-0.004349	51556.17	-12.47
-0.4819	0.019374	-0.004338	51559.17	-12.32
-0.4758	0.019281	-0.004228	51562.17	-12.16
-0.4687	0.019439	-0.004298	51565.17	-11.98
-0.4655	0.019408	-0.004317	51568.17	-11.90
-0.4583	0.019358	-0.004357	51571.17	-11.71
-0.4545	0.019440	-0.004287	51574.17	-11.61
-0.4463	0.019416	-0.004377	51577.17	-11.40
-0.4408	0.019323	-0.004373	51580.17	-11.26
-0.4354	0.019485	-0.004388	51583.17	-11.12
-0.4310	0.019325	-0.004375	51586.17	-11.01
-0.4239	0.019425	-0.004315	51589.17	-10.82
-0.4190	0.019368	-0.004401	51592.17	-10.70
-0.4129	0.019352	-0.004470	51595.17	-10.54
-0.4080	0.019509	-0.004388	51598.17	-10.41
-0.4020	0.019475	-0.004483	51601.17	-10.26
-0.3954	0.019445	-0.004460	51604.17	-10.09
-0.3927	0.019395	-0.004338	51607.17	-10.02
-0.3856	0.019487	-0.004383	51610.17	-9.84
-0.3818	0.019391	-0.004336	51613.17	-9.74
-0.3758	0.019464	-0.004392	51616.17	-9.58
-0.3697	0.019473	-0.004347	51619.17	-9.43
-0.3632	0.019452	-0.004375	51622.17	-9.26
-0.3593	0.019408	-0.004345	51625.17	-9.16
-0.3550	0.019605	-0.004444	51628.17	-9.05
-0.3473	0.019460	-0.004392	51631.17	-8.85
-0.3440	0.019392	-0.004500	51634.17	-8.77
-0.3380	0.019370	-0.004391	51637.17	-8.61
-0.3331	0.019455	-0.004344	51640.17	-8.48
-0.3304	0.019493	-0.004406	51643.17	-8.41
-0.3249	0.019647	-0.004426	51646.17	-8.27
-0.3194	0.019581	-0.004429	51649.17	-8.13
-0.3134	0.019521	-0.004283	51652.17	-7.98
-0.3096	0.019554	-0.004513	51655.17	-7.88
-0.3041	0.019480	-0.004332	51658.17	-7.74
-0.3003	0.019435	-0.004366	51661.17	-7.64
-0.2959	0.019511	-0.004463	51664.17	-7.53
-0.2899	0.019472	-0.004433	51667.17	-7.37
-0.2861	0.019505	-0.004232	51670.17	-7.28
-0.2811	0.019487	-0.004501	51673.17	-7.15
-0.2757	0.019452	-0.004451	51676.17	-7.01
-0.2735	0.019395	-0.004509	51679.17	-6.95
-0.2664	0.019430	-0.004417	51682.17	-6.77
-0.2625	0.019381	-0.004574	51685.17	-6.67
-0.2593	0.019578	-0.004534	51688.17	-6.59
-0.2538	0.019429	-0.004542	51691.17	-6.45
-0.2505	0.019514	-0.004451	51694.17	-6.37
-0.2461	0.019497	-0.004602	51697.17	-6.25
-0.2412	0.019513	-0.004528	51700.17	-6.13
-0.2374	0.019682	-0.004479	51703.17	-6.03
-0.2341	0.019579	-0.004478	51706.17	-5.95
-0.2275	0.019422	-0.004670	51709.17	-5.78
-0.2253	0.019420	-0.004483	51712.17	-5.72
-0.2221	0.019312	-0.004656	51715.17	-5.64
-0.2171	0.019413	-0.004634	51718.17	-5.51
-0.2139	0.019495	-0.004494	51721.17	-5.43
-0.2084	0.019455	-0.004576	51724.17	-5.29
-0.2046	0.019429	-0.004447	51727.17	-5.19
-0.2002	0.019485	-0.004545	51730.17	-5.08
-0.1964	0.019441	-0.004563	51733.17	-4.98
-0.1931	0.019460	-0.004536	51736.17	-4.90
-0.1865	0.019457	-0.004602	51739.17	-4.73
-0.1827	0.019420	-0.004549	51742.17	-4.63
-0.1794	0.019317	-0.004767	51745.17	-4.55
-0.1767	0.019416	-0.004536	51748.17	-4.48
-0.1723	0.019447	-0.004677	51751.17	-4.37
-0.1685	0.019429	-0.004545	51754.17	-4.27
-0.1635	0.019413	-0.004623	51757.17	-4.14
-0.1592	0.019408	-0.004756	51760.17	-4.03
-0.1532	0.019338	-0.004737	51763.17	-3.88
-0.1438	0.019440	-0.004619	51766.17	-3.64
-0.1318	0.019525	-0.004320	51769.17	-3.34
-0.1209	0.019746	-0.004623	51772.17	-3.06
-0.1077	0.019673	-0.004409	51775.17	-2.72
-0.0924	0.019618	-0.004322	51778.17	-2.34
-0.0799	0.019663	-0.004308	51781.17	-2.02
-0.0673	0.019774	-0.004420	51784.17	-1.70
-0.0498	0.019812	-0.004335	51787.17	-1.26
-0.0383	0.019669	-0.004458	51790.17	-0.97
-0.0219	0.019536	-0.004451	51793.17	-0.55
-0.0098	0.019780	-0.004408	51796.17	-0.25
0.0027	0.019620	-0.004530	51799.17	0.07
0.0153	0.019754	-0.004599	51802.17	0.38
0.0328	0.019764	-0.004469	51805.17	0.82
0.0421	0.019790	-0.004390	51808.17	1.06
0.0552	0.019749	-0.004527	51811.17	1.39
0.0662	0.019591	-0.004409	51814.17	1.66
0.0760	0.019620	-0.004388	51817.17	1.91
0.0853	0.019714	-0.004581	51820.17	2.14
0.0974	0.019733	-0.004534	51823.17	2.44
0.1110	0.019506	-0.004444	51826.17	2.79
0.1247	0.019404	-0.004667	51829.17	3.13
0.1362	0.019715	-0.004629	51832.17	3.42
0.1526	0.019650	-0.004551	51835.17	3.83
0.1679	0.019538	-0.004599	51838.17	4.21
0.1871	0.019792	-0.004306	51841.17	4.69
0.2013	0.019878	-0.004442	51844.17	5.05
0.2144	0.019759	-0.004369	51847.17	5.38
0.2303	0.019693	-0.004377	51850.17	5.78
0.2450	0.019918	-0.004484	51853.17	6.15
0.2593	0.019887	-0.004348	51856.17	6.50
0.2751	0.019699	-0.004400	51859.17	6.90
0.2882	0.019758	-0.004280	51862.17	7.23
0.3019	0.019817	-0.004260	51865.17	7.57
0.3123	0.019858	-0.004410	51868.17	7.83
0.3227	0.019710	-0.004547	51871.17	8.10
0.3325	0.019741	-0.004493	51874.17	8.34
0.3457	0.019540	-0.004329	51877.17	8.67
0.3528	0.019365	-0.004439	51880.17	8.85
0.3615	0.019658	-0.004361	51883.17	9.07
0.3741	0.019754	-0.004652	51886.17	9.38
0.3872	0.019366	-0.004274	51889.17	9.71
0.4004	0.019634	-0.004377	51892.17	10.04
0.4108	0.019637	-0.004279	51895.17	10.30
0.4244	0.019497	-0.004357	51898.17	10.64
0.4381	0.019483	-0.004267	51901.17	10.99
0.4518	0.019566	-0.004029	51904.17	11.33
0.4605	0.019493	-0.004104	51907.17	11.55
0.4737	0.019668	-0.004184	51910.17	11.88
0.4835	0.019609	-0.003859	51913.17	12.12
0.4917	0.019510	-0.003786	51916.17	12.33
0.5005	0.019468	-0.003715	51919.17	12.55
0.5087	0.019557	-0.003561	51922.17	12.75
0.5136	0.019444	-0.003540	51925.17	12.87
0.5207	0.019495	-0.003452	51928.17	13.05
0.5245	0.019257	-0.003455	51931.17	13.15
0.5278	0.019215	-0.003381	51934.17	13.23
0.5322	0.019332	-0.003354	51937.17	13.34
0.5360	0.019037	-0.003440	51940.17	13.44
0.5404	0.019025	-0.003157	51943.17	13.54
0.5442	0.019013	-0.003077	51946.17	13.64
0.5502	0.019041	-0.003051	51949.17	13.79
0.5552	0.018924	-0.002887	51952.17	13.91
0.5617	0.018729	-0.002914	51955.17	14.08
0.5694	0.018641	-0.002771	51958.17	14.27
0.5705	0.018349	-0.002656	51961.17	14.30
0.5787	0.018463	-0.002652	51964.17	14.50
0.5836	0.018364	-0.002563	51967.17	14.62
0.5907	0.018300	-0.002483	51970.17	14.80
0.5951	0.018085	-0.002487	51973.17	14.91
0.6027	0.017781	-0.002439	51976.17	15.10
0.6049	0.017643	-0.002401	51979.17	15.16
0.6120	0.017512	-0.002523	51982.17	15.33
0.6208	0.017354	-0.002427	51985.17	15.55
0.6274	0.017235	-0.002259	51988.17	15.72
0.6339	0.017219	-0.002451	51991.17	15.88
0.6443	0.017051	-0.002442	51994.17	16.14
0.6509	0.017059	-0.002406	51997.17	16.30
0.6613	0.016865	-0.002543	52000.17	16.56
0.6706	0.016624	-0.002371	52003.17	16.80
0.6815	0.016912	-0.002277	52006.17	17.07
0.6941	0.016838	-0.002147	52009.17	17.38
0.7099	0.016982	-0.002033	52012.17	17.78
0.7280	0.017077	-0.002004	52015.17	18.23
0.7570	0.017050	-0.001978	52018.17	18.95
0.7783	0.017285	-0.001919	52021.17	19.48
0.8046	0.017246	-0.001734	52024.17	20.13
0.8259	0.017321	-0.001874	52027.17	20.66
0.8527	0.017503	-0.001724	52030.17	21.33
0.8762	0.017512	-0.001648	52033.17	21.91
0.8997	0.017448	-0.001796	52036.17	22.50
0.9243	0.017361	-0.001729	52039.17	23.11
0.9429	0.017429	-0.001651	52042.17	23.57
0.9643	0.017471	-0.001995	52045.17	24.10
0.9818	0.017444	-0.001806	52048.17	24.53
0.9987	0.017479	-0.001884	52051.17	24.95
1.0173	0.017458	-0.001985	52054.17	25.41
1.0310	0.017499	-0.002005	52057.17	25.75
1.0501	0.017233	-0.002152	52060.17	26.22
1.0622	0.017184	-0.002159	52063.17	26.52
1.0786	0.017077	-0.002107	52066.17	26.93
1.0961	0.017265	-0.002244	52069.17	27.36
1.1202	0.017264	-0.002171	52072.17	27.96
1.1344	0.017235	-0.002115	52075.17	28.31
1.1579	0.017302	-0.002117	52078.17	28.89
1.1754	0.017353	-0.002204	52081.17	29.32
1.1918	0.017286	-0.002182	52084.17	29.72
1.2093	0.017387	-0.002023	52087.17	30.15
1.2274	0.017288	-0.002213	52090.17	30.60
1.2487	0.017483	-0.002165	52093.17	31.12
1.2613	0.017528	-0.002121	52096.17	31.43
1.2831	0.017484	-0.002301	52099.17	31.97
1.2924	0.017429	-0.002115	52102.17	32.20
1.3094	0.017352	-0.002224	52105.17	32.62
1.3214	0.017390	-0.002305	52108.17	32.91
1.3340	0.017304	-0.002276	52111.17	33.22
1.3488	0.017369	-0.002267	52114.17	33.59
1.3603	0.017363	-0.002312	52117.17	33.87
1.3696	0.017226	-0.002220	52120.17	34.10
1.3805	0.017238	-0.002408	52123.17	34.37
1.3964	0.017385	-0.002449	52126.17	34.76
1.4089	0.017299	-0.002504	52129.17	35.06
1.4221	0.017251	-0.002419	52132.17	35.39
1.4396	0.017309	-0.002586	52135.17	35.81
1.4582	0.017448	-0.002356	52138.17	36.27
1.4713	0.017362	-0.002411	52141.17	36.59
1.4893	0.017247	-0.002467	52144.17	37.03
1.5079	0.017476	-0.002422	52147.17	37.49
1.5189	0.017483	-0.002634	52150.17	37.76
1.5391	0.017552	-0.002421	52153.17	38.25
1.5495	0.017513	-0.002391	52156.17	38.51
1.5648	0.017510	-0.002529	52159.17	38.88
1.5790	0.017621	-0.002496	52162.17	39.23
1.5894	0.017569	-0.002393	52165.17	39.48
1.6020	0.017426	-0.002233	52168.17	39.79
1.6135	0.017593	-0.002084	52171.17	40.07
1.6201	0.017729	-0.002419	52174.17	40.23
1.6337	0.017490	-0.002423	52177.17	40.56
1.6425	0.017550	-0.002503	52180.17	40.78
1.6512	0.017382	-0.002725	52183.17	40.99
1.6600	0.017322	-0.002640	52186.17	41.21
1.6753	0.017486	-0.002528	52189.17	41.58
1.6868	0.017566	-0.002462	52192.17	41.86
1.7010	0.017530	-0.002252	52195.17	42.21
1.7169	0.017658	-0.002217	52198.17	42.59
1.7316	0.017681	-0.002486	52201.17	42.95
1.7464	0.017696	-0.002340	52204.17	43.31
1.7590	0.017821	-0.002198	52207.17	43.62
1.7776	0.017660	-0.002438	52210.17	44.07
1.7896	0.017691	-0.002380	52213.17	44.36
1.8033	0.017619	-0.002223	52216.17	44.70
1.8181	0.017679	-0.002398	52219.17	45.06
1.8323	0.017786	-0.002622	52222.17	45.40
1.8432	0.017767	-0.002449	52225.17	45.67
1.8558	0.017678	-0.002401	52228.17	45.97
1.8640	0.017664	-0.002663	52231.17	46.17
1.8744	0.017711	-0.002717	52234.17	46.43
1.8853	0.017688	-0.002599	52237.17	46.69
1.8924	0.017404	-0.002629	52240.17	46.86
1.8990	0.017558	-0.002825	52243.17	47.02
1.9083	0.017241	-0.002815	52246.17	47.25
1.9143	0.017250	-0.002822	52249.17	47.40
1.9274	0.017371	-0.002692	52252.17	47.71
1.9367	0.017685	-0.002934	52255.17	47.94
1.9455	0.017686	-0.002983	52258.17	48.15
1.9614	0.017505	-0.002803	52261.17	48.54
1.9712	0.017641	-0.002771	52264.17	48.78
1.9931	0.017726	-0.002563	52267.17	49.31
2.0068	0.017624	-0.002751	52270.17	49.64
2.0199	0.017685	-0.002700	52273.17	49.96
2.0390	0.017674	-0.002584	52276.17	50.42
2.0483	0.017775	-0.002778	52279.17	50.64
2.0625	0.017720	-0.002638	52282.17	50.99
2.0779	0.017961	-0.002531	52285.17	51.36
2.0872	0.017694	-0.002735	52288.17	51.59
2.1003	0.017748	-0.002681	52291.17	51.90
2.1129	0.017647	-0.002817	52294.17	52.21
2.1211	0.017689	-0.002791	52297.17	52.41
2.1271	0.017758	-0.002894	52300.17	52.55
2.1391	0.017675	-0.002983	52303.17	52.84
2.1457	0.017444	-0.002822	52306.17	53.00
2.1506	0.017584	-0.002810	52309.17	53.12
2.1566	0.017634	-0.002807	52312.17	53.27
2.1659	0.017557	-0.002969	52315.17	53.49
2.1687	0.017612	-0.002867	52318.17	53.56
2.1730	0.017575	-0.003086	52321.17	53.66
2.1807	0.017591	-0.003058	52324.17	53.85
2.1790	0.017627	-0.002826	52327.17	53.81
2.1845	0.017447	-0.003366	52330.17	53.94
2.1851	0.017246	-0.003316	52333.17	53.95
2.1894	0.017252	-0.003267	52336.17	54.06
2.1955	0.017257	-0.003025	52339.17	54.20
2.2037	0.017455	-0.003382	52342.17	54.40
2.2048	0.017181	-0.003656	52345.17	54.43
2.1949	0.016984	-0.003549	52348.17	54.19
2.1856	0.016960	-0.003475	52351.17	53.97
2.1807	0.016968	-0.003587	52354.17	53.85
2.1730	0.016990	-0.003430	52357.17	53.66
2.1670	0.017153	-0.003434	52360.17	53.52
2.1577	0.017023	-0.003381	52363.17	53.29
2.1495	0.017023	-0.003684	52366.17	53.09
2.1440	0.017002	-0.003539	52369.17	52.96
2.1347	0.016987	-0.003579	52372.17	52.74
2.1287	0.016960	-0.003441	52375.17	52.59
2.1205	0.016990	-0.003512	52378.17	52.39
2.1096	0.017134	-0.003544	52381.17	52.13
2.1025	0.017240	-0.003435	52384.17	51.96
2.0954	0.017006	-0.003530	52387.17	51.78
2.0904	0.016905	-0.003540	52390.17	51.66
2.0800	0.016933	-0.003457	52393.17	51.41
2.0729	0.016933	-0.003627	52396.17	51.24
2.0669	0.017114	-0.003381	52399.17	51.10
2.0587	0.016898	-0.003482	52402.17	50.90
