0.8472	0.012480	-0.006812	39029.20	21.19
0.8483	0.012520	-0.006806	39032.20	21.22
0.8500	0.012472	-0.006734	39035.20	21.26
0.8500	0.012501	-0.006762	39038.20	21.26
0.8483	0.012546	-0.006745	39041.20	21.22
0.8483	0.012495	-0.006753	39044.20	21.22
0.8478	0.012498	-0.006766	39047.20	21.21
0.8478	0.012557	-0.006823	39050.20	21.21
0.8489	0.012527	-0.006811	39053.20	21.23
0.8472	0.012563	-0.006821	39056.20	21.19
0.8483	0.012535	-0.006788	39059.20	21.22
0.8500	0.012486	-0.006754	39062.20	21.26
0.8483	0.012543	-0.006744	39065.20	21.22
0.8450	0.012567	-0.006771	39068.20	21.14
0.8461	0.012486	-0.006744	39071.20	21.17
0.8439	0.012493	-0.006849	39074.20	21.11
0.8407	0.012518	-0.006816	39077.20	21.03
0.8396	0.012428	-0.006822	39080.20	21.00
0.8396	0.012554	-0.006785	39083.20	21.00
0.8357	0.012562	-0.006768	39086.20	20.91
0.8346	0.012495	-0.006738	39089.20	20.88
0.8341	0.012523	-0.006786	39092.20	20.87
0.8352	0.012534	-0.006822	39095.20	20.89
0.8319	0.012524	-0.006746	39098.20	20.81
0.8281	0.012560	-0.006751	39101.20	20.72
0.8303	0.012494	-0.006798	39104.20	20.77
0.8270	0.012491	-0.006719	39107.20	20.69
0.8253	0.012542	-0.006781	39110.20	20.65
0.8259	0.012476	-0.006760	39113.20	20.66
0.8232	0.012534	-0.006758	39116.20	20.60
0.8204	0.012468	-0.006759	39119.20	20.53
0.8221	0.012524	-0.006742	39122.20	20.57
0.8204	0.012567	-0.006714	39125.20	20.53
0.8193	0.012507	-0.006782	39128.20	20.50
0.8155	0.012513	-0.006773	39131.20	20.40
0.8171	0.012551	-0.006767	39134.20	20.45
0.8133	0.012546	-0.006732	39137.20	20.35
0.8150	0.012536	-0.006728	39140.20	20.39
0.8133	0.012533	-0.006756	39143.20	20.35
0.8117	0.012524	-0.006741	39146.20	20.31
0.8106	0.012554	-0.006799	39149.20	20.28
0.8095	0.012540	-0.006719	39152.20	20.26
0.8078	0.012472	-0.006769	39155.20	20.21
0.8095	0.012493	-0.006679	39158.20	20.26
0.8051	0.012536	-0.006658	39161.20	20.15
0.8051	0.012562	-0.006746	39164.20	20.15
0.8040	0.012492	-0.006703	39167.20	20.12
0.8051	0.012542	-0.006713	39170.20	20.15
0.8024	0.012575	-0.006640	39173.20	20.08
0.8018	0.012512	-0.006637	39176.20	20.06
0.8007	0.012577	-0.006702	39179.20	20.04
0.8040	0.012524	-0.006703	39182.20	20.12
0.7996	0.012553	-0.006697	39185.20	20.01
0.7996	0.012516	-0.006712	39188.20	20.01
0.8007	0.012593	-0.006679	39191.20	20.04
0.8013	0.012539	-0.006679	39194.20	20.05
0.7980	0.012501	-0.006654	39197.20	19.97
0.7996	0.012570	-0.006680	39200.20	20.01
0.7991	0.012579	-0.006617	39203.20	20.00
0.8007	0.012562	-0.006647	39206.20	20.04
0.8002	0.012565	-0.006665	39209.20	20.02
0.7991	0.012555	-0.006636	39212.20	20.00
0.7980	0.012535	-0.006661	39215.20	19.97
0.7975	0.012525	-0.006659	39218.20	19.96
0.7947	0.012588	-0.006693	39221.20	19.89
0.7964	0.012569	-0.006676	39224.20	19.93
0.7942	0.012592	-0.006689	39227.20	19.87
0.7942	0.012581	-0.006771	39230.20	19.87
0.7936	0.012546	-0.006667	39233.20	19.86
0.7920	0.012502	-0.006650	39236.20	19.82
0.7936	0.012588	-0.006673	39239.20	19.86
0.7920	0.012547	-0.006665	39242.20	19.82
0.7925	0.012535	-0.006740	39245.20	19.83
0.7898	0.012479	-0.006707	39248.20	19.77
0.7892	0.012532	-0.006747	39251.20	19.75
0.7865	0.012536	-0.006731	39254.20	19.68
0.7838	0.012485	-0.006686	39257.20	19.62
0.7849	0.012533	-0.006732	39260.20	19.64
0.7838	0.012447	-0.006739	39263.20	19.62
0.7827	0.012489	-0.006733	39266.20	19.59
0.7827	0.012482	-0.006800	39269.20	19.59
0.7799	0.012472	-0.006755	39272.20	19.52
0.7805	0.012518	-0.006744	39275.20	19.53
0.7783	0.012534	-0.006688	39278.20	19.48
0.7772	0.012501	-0.006704	39281.20	19.45
0.7767	0.012535	-0.006704	39284.20	19.44
0.7767	0.012483	-0.006807	39287.20	19.44
0.7745	0.012464	-0.006713	39290.20	19.38
0.7734	0.012522	-0.006714	39293.20	19.36
0.7745	0.012494	-0.006659	39296.20	19.38
0.7701	0.012520	-0.006681	39299.20	19.28
0.7717	0.012550	-0.006645	39302.20	19.32
0.7690	0.012472	-0.006676	39305.20	19.25
0.7701	0.012601	-0.006708	39308.20	19.28
0.7657	0.012470	-0.006664	39311.20	19.17
0.7641	0.012507	-0.006713	39314.20	19.13
0.7635	0.012499	-0.006706	39317.20	19.11
0.7614	0.012511	-0.006724	39320.20	19.06
0.7614	0.012540	-0.006757	39323.20	19.06
0.7575	0.012536	-0.006782	39326.20	18.96
0.7581	0.012528	-0.006615	39329.20	18.98
0.7548	0.012524	-0.006654	39332.20	18.89
0.7532	0.012474	-0.006630	39335.20	18.85
0.7537	0.012511	-0.006694	39338.20	18.87
0.7510	0.012466	-0.006691	39341.20	18.80
0.7493	0.012489	-0.006638	39344.20	18.76
0.7466	0.012500	-0.006688	39347.20	18.69
0.7428	0.012493	-0.006658	39350.20	18.59
0.7422	0.012500	-0.006753	39353.20	18.58
0.7417	0.012554	-0.006744	39356.20	18.57
0.7373	0.012500	-0.006746	39359.20	18.46
0.7356	0.012462	-0.006688	39362.20	18.42
0.7313	0.012503	-0.006755	39365.20	18.31
0.7280	0.012434	-0.006735	39368.20	18.23
0.7258	0.012470	-0.006772	39371.20	18.17
0.7214	0.012446	-0.006762	39374.20	18.06
0.7187	0.012434	-0.006776	39377.20	17.99
0.7143	0.012357	-0.006770	39380.20	17.89
0.7083	0.012370	-0.006876	39383.20	17.74
0.7050	0.012434	-0.006791	39386.20	17.65
0.6995	0.012449	-0.006821	39389.20	17.52
0.6963	0.012446	-0.006781	39392.20	17.44
0.6908	0.012343	-0.006803	39395.20	17.30
0.6897	0.012435	-0.006842	39398.20	17.27
0.6804	0.012390	-0.006851	39401.20	17.04
0.6766	0.012432	-0.006823	39404.20	16.95
0.6700	0.012375	-0.006847	39407.20	16.78
0.6662	0.012448	-0.006832	39410.20	16.69
0.6618	0.012426	-0.006896	39413.20	16.58
0.6558	0.012413	-0.006928	39416.20	16.43
0.6492	0.012405	-0.006841	39419.20	16.26
0.6465	0.012512	-0.006957	39422.20	16.19
0.6388	0.012522	-0.006880	39425.20	16.00
0.6339	0.012456	-0.006932	39428.20	15.88
0.6279	0.012475	-0.006887	39431.20	15.73
0.6257	0.012500	-0.006905	39434.20	15.68
0.6170	0.012458	-0.006994	39437.20	15.46
0.6104	0.012532	-0.006914	39440.20	15.29
0.6055	0.012522	-0.006962	39443.20	15.17
0.6016	0.012581	-0.007032	39446.20	15.08
0.5934	0.012633	-0.006691	39449.20	14.87
0.5945	0.013010	-0.006812	39452.20	14.90
0.5863	0.012827	-0.006942	39455.20	14.69
0.5765	0.012755	-0.007058	39458.20	14.45
0.5694	0.012792	-0.007082	39461.20	14.27
0.5623	0.012813	-0.007178	39464.20	14.09
0.5557	0.012781	-0.007178	39467.20	13.93
0.5453	0.012766	-0.007309	39470.20	13.67
0.5398	0.012824	-0.007403	39473.20	13.53
0.5344	0.012720	-0.007555	39476.20	13.39
0.5338	0.012993	-0.007432	39479.20	13.38
0.5273	0.012906	-0.007591	39482.20	13.22
0.5109	0.012752	-0.007695	39485.20	12.81
0.5185	0.012998	-0.007554	39488.20	13.00
0.5147	0.013105	-0.007744	39491.20	12.90
0.5005	0.013001	-0.007942	39494.20	12.55
0.4999	0.013082	-0.007867	39497.20	12.53
0.5005	0.013299	-0.007870	39500.20	12.55
0.4928	0.013178	-0.008054	39503.20	12.35
0.4780	0.013090	-0.008142	39506.20	11.99
0.4846	0.013269	-0.007943	39509.20	12.15
0.4764	0.013389	-0.008069	39512.20	11.94
0.4665	0.013299	-0.008286	39515.20	11.70
0.4616	0.013421	-0.008188	39518.20	11.57
0.4611	0.013504	-0.008297	39521.20	11.56
0.4469	0.013377	-0.008588	39524.20	11.21
0.4354	0.013381	-0.008667	39527.20	10.92
0.4310	0.013543	-0.008463	39530.20	10.81
0.4228	0.013579	-0.008573	39533.20	10.60
0.4119	0.013468	-0.008937	39536.20	10.33
0.4015	0.013487	-0.008708	39539.20	10.07
0.3982	0.013846	-0.008706	39542.20	9.99
0.3905	0.013897	-0.008715	39545.20	9.79
0.3719	0.013721	-0.009000	39548.20	9.33
0.3654	0.013944	-0.008778	39551.20	9.16
0.3621	0.014042	-0.008841	39554.20	9.08
0.3468	0.014036	-0.008973	39557.20	8.70
0.3287	0.013886	-0.008999	39560.20	8.25
0.3293	0.014195	-0.008810	39563.20	8.26
0.3172	0.014236	-0.008961	39566.20	7.96
0.3047	0.014167	-0.009034	39569.20	7.64
0.2915	0.014247	-0.008958	39572.20	7.31
0.2904	0.014502	-0.008853	39575.20	7.29
0.2751	0.014451	-0.008939	39578.20	6.90
0.2598	0.014238	-0.008950	39581.20	6.52
0.2582	0.014506	-0.008841	39584.20	6.48
0.2434	0.014528	-0.008935	39587.20	6.11
0.2330	0.014418	-0.008998	39590.20	5.85
0.2193	0.014392	-0.009126	39593.20	5.50
0.2029	0.014369	-0.009147	39596.20	5.09
0.1903	0.014377	-0.009113	39599.20	4.78
0.1734	0.014368	-0.009291	39602.20	4.35
0.1581	0.014487	-0.009113	39605.20	3.97
0.1548	0.014690	-0.008948	39608.20	3.88
0.1389	0.014555	-0.009166	39611.20	3.49
0.1149	0.014401	-0.009373	39614.20	2.88
0.1105	0.014600	-0.009020	39617.20	2.77
0.1039	0.014732	-0.009040	39620.20	2.61
0.0804	0.014581	-0.009139	39623.20	2.02
0.0711	0.014746	-0.008967	39626.20	1.78
0.0700	0.014902	-0.008937	39629.20	1.76
0.0503	0.014753	-0.009020	39632.20	1.26
0.0328	0.014611	-0.009161	39635.20	0.82
0.0284	0.014761	-0.008938	39638.20	0.71
0.0235	0.014877	-0.008963	39641.20	0.59
0.0022	0.014677	-0.009198	39644.20	0.05
-0.0202	0.014515	-0.009266	39647.20	-0.51
-0.0202	0.014839	-0.008847	39650.20	-0.51
-0.0345	0.014820	-0.009026	39653.20	-0.87
-0.0520	0.014794	-0.009172	39656.20	-1.31
-0.0656	0.014811	-0.008853	39659.20	-1.66
-0.0667	0.014999	-0.008918	39662.20	-1.68
-0.0859	0.014845	-0.009022	39665.20	-2.17
-0.1088	0.014685	-0.009164	39668.20	-2.75
-0.1105	0.014864	-0.008831	39671.20	-2.79
-0.1154	0.015000	-0.008865	39674.20	-2.92
-0.1356	0.014769	-0.009048	39677.20	-3.43
-0.1477	0.014840	-0.008913	39680.20	-3.74
-0.1482	0.015045	-0.008636	39683.20	-3.75
-0.1614	0.014947	-0.008857	39686.20	-4.09
-0.1772	0.014861	-0.009070	39689.20	-4.49
-0.1832	0.014931	-0.008798	39692.20	-4.65
-0.1832	0.015105	-0.008711	39695.20	-4.65
-0.1980	0.014996	-0.008980	39698.20	-5.02
-0.2177	0.014837	-0.009000	39701.20	-5.53
-0.2352	0.014807	-0.008955	39704.20	-5.97
-0.2352	0.014977	-0.008865	39707.20	-5.97
-0.2472	0.014942	-0.008822	39710.20	-6.28
-0.2718	0.014763	-0.009048	39713.20	-6.91
-0.2729	0.014989	-0.008774	39716.20	-6.94
-0.2773	0.015115	-0.008785	39719.20	-7.05
-0.2964	0.014905	-0.008978	39722.20	-7.54
-0.3112	0.014753	-0.008779	39725.20	-7.92
-0.3090	0.015042	-0.008640	39728.20	-7.87
-0.3189	0.015032	-0.008791	39731.20	-8.12
-0.3435	0.014886	-0.008901	39734.20	-8.75
-0.3408	0.015056	-0.008636	39737.20	-8.68
-0.3446	0.015183	-0.008555	39740.20	-8.78
-0.3566	0.015032	-0.008797	39743.20	-9.09
-0.3769	0.014769	-0.008760	39746.20	-9.61
-0.3725	0.015101	-0.008548	39749.20	-9.50
-0.3790	0.015164	-0.008656	39752.20	-9.67
-0.3916	0.014953	-0.008797	39755.20	-9.99
-0.4015	0.014978	-0.008611	39758.20	-10.24
-0.4009	0.015101	-0.008590	39761.20	-10.23
-0.4146	0.015013	-0.008707	39764.20	-10.58
-0.4354	0.014880	-0.008710	39767.20	-11.12
-0.4387	0.015041	-0.008569	39770.20	-11.20
-0.4452	0.015094	-0.008638	39773.20	-11.37
-0.4616	0.015004	-0.008790	39776.20	-11.80
-0.4715	0.014990	-0.008620	39779.20	-12.05
-0.4742	0.015071	-0.008479	39782.20	-12.12
-0.4884	0.015005	-0.008563	39785.20	-12.49
-0.5043	0.014958	-0.008583	39788.20	-12.90
-0.5158	0.015069	-0.008587	39791.20	-13.20
-0.5136	0.015243	-0.008490	39794.20	-13.14
-0.5305	0.015087	-0.008434	39797.20	-13.58
-0.5464	0.014876	-0.008494	39800.20	-13.99
-0.5459	0.015163	-0.008321	39803.20	-13.98
-0.5524	0.015174	-0.008430	39806.20	-14.15
-0.5650	0.015099	-0.008504	39809.20	-14.47
-0.5727	0.015071	-0.008362	39812.20	-14.67
-0.5732	0.015284	-0.008256	39815.20	-14.69
-0.5858	0.015085	-0.008461	39818.20	-15.01
-0.5984	0.015026	-0.008497	39821.20	-15.34
-0.6033	0.015134	-0.008268	39824.20	-15.47
-0.6016	0.015273	-0.008398	39827.20	-15.42
-0.6153	0.015037	-0.008400	39830.20	-15.78
-0.6268	0.015092	-0.008475	39833.20	-16.08
-0.6235	0.015193	-0.008206	39836.20	-15.99
-0.6312	0.015240	-0.008390	39839.20	-16.19
-0.6405	0.015120	-0.008443	39842.20	-16.43
-0.6410	0.015248	-0.008233	39845.20	-16.45
-0.6345	0.015328	-0.008148	39848.20	-16.28
-0.6323	0.015392	-0.008068	39851.20	-16.22
-0.6317	0.015440	-0.008059	39854.20	-16.21
-0.6268	0.015413	-0.008054	39857.20	-16.08
-0.6213	0.015369	-0.008108	39860.20	-15.94
-0.6170	0.015455	-0.008033	39863.20	-15.82
-0.6120	0.015464	-0.008053	39866.20	-15.69
-0.6082	0.015461	-0.008104	39869.20	-15.59
-0.6022	0.015405	-0.008119	39872.20	-15.44
-0.5951	0.015444	-0.008061	39875.20	-15.25
-0.5907	0.015412	-0.008066	39878.20	-15.14
-0.5847	0.015449	-0.008039	39881.20	-14.98
-0.5787	0.015491	-0.008092	39884.20	-14.83
-0.5699	0.015476	-0.008068	39887.20	-14.60
-0.5650	0.015457	-0.008035	39890.20	-14.47
-0.5579	0.015470	-0.008096	39893.20	-14.29
-0.5519	0.015441	-0.008059	39896.22	-14.13
-0.5464	0.015517	-0.008057	39899.20	-13.99
-0.5398	0.015504	-0.008050	39902.20	-13.82
-0.5344	0.015538	-0.008015	39905.20	-13.68
-0.5262	0.015520	-0.008093	39908.20	-13.47
-0.5191	0.015512	-0.008072	39911.20	-13.28
-0.5130	0.015538	-0.008081	39914.20	-13.13
-0.5081	0.015463	-0.008104	39917.20	-13.00
-0.5016	0.015490	-0.008098	39920.20	-12.83
-0.4961	0.015486	-0.008194	39923.20	-12.69
-0.4912	0.015478	-0.008105	39926.20	-12.56
-0.4824	0.015512	-0.008132	39929.20	-12.33
-0.4769	0.015504	-0.008122	39932.20	-12.19
-0.4709	0.015490	-0.008155	39935.20	-12.04
-0.4644	0.015500	-0.008174	39938.20	-11.87
-0.4589	0.015522	-0.008122	39941.20	-11.73
-0.4534	0.015507	-0.008154	39944.20	-11.58
-0.4485	0.015532	-0.008153	39947.20	-11.46
-0.4403	0.015487	-0.008193	39950.20	-11.25
-0.4365	0.015493	-0.008169	39953.20	-11.15
-0.4299	0.015514	-0.008214	39956.20	-10.98
-0.4244	0.015546	-0.008189	39959.20	-10.84
-0.4201	0.015479	-0.008215	39962.20	-10.72
-0.4135	0.015546	-0.008148	39965.20	-10.55
-0.4086	0.015542	-0.008197	39968.20	-10.43
-0.4015	0.015552	-0.008130	39971.20	-10.24
-0.3954	0.015522	-0.008187	39974.22	-10.09
-0.3894	0.015594	-0.008163	39977.20	-9.93
-0.3856	0.015515	-0.008233	39980.20	-9.84
-0.3796	0.015549	-0.008203	39983.20	-9.68
-0.3758	0.015582	-0.008227	39986.20	-9.58
-0.3670	0.015516	-0.008186	39989.20	-9.36
-0.3637	0.015493	-0.008272	39992.20	-9.27
-0.3561	0.015571	-0.008189	39995.20	-9.07
-0.3533	0.015547	-0.008255	39998.20	-9.00
-0.3484	0.015513	-0.008178	40001.20	-8.88
-0.3413	0.015529	-0.008257	40004.20	-8.70
-0.3375	0.015497	-0.008296	40007.20	-8.60
-0.3336	0.015542	-0.008267	40010.20	-8.50
-0.3287	0.015488	-0.008299	40013.20	-8.37
-0.3222	0.015480	-0.008292	40016.20	-8.20
-0.3189	0.015534	-0.008273	40019.20	-8.12
-0.3129	0.015545	-0.008288	40022.20	-7.96
-0.3107	0.015481	-0.008309	40025.20	-7.91
-0.3019	0.015502	-0.008284	40028.20	-7.68
-0.3014	0.015553	-0.008328	40031.20	-7.67
-0.2959	0.015514	-0.008318	40034.20	-7.53
-0.2910	0.015507	-0.008281	40037.20	-7.40
-0.2855	0.015558	-0.008300	40040.20	-7.26
-0.2817	0.015480	-0.008291	40043.20	-7.16
-0.2773	0.015505	-0.008328	40046.20	-7.05
-0.2718	0.015533	-0.008321	40049.20	-6.91
-0.2675	0.015498	-0.008354	40052.20	-6.80
-0.2625	0.015507	-0.008305	40055.20	-6.67
-0.2598	0.015521	-0.008362	40058.20	-6.60
-0.2554	0.015495	-0.008366	40061.20	-6.49
-0.2527	0.015557	-0.008349	40064.20	-6.42
-0.2450	0.015484	-0.008386	40067.20	-6.23
-0.2401	0.015513	-0.008289	40070.20	-6.10
-0.2368	0.015476	-0.008411	40073.20	-6.02
-0.2319	0.015525	-0.008414	40076.20	-5.89
-0.2248	0.015514	-0.008392	40079.20	-5.71
-0.2193	0.015530	-0.008353	40082.20	-5.57
-0.2128	0.015478	-0.008324	40085.20	-5.40
-0.2078	0.015592	-0.008375	40088.22	-5.27
-0.2029	0.015521	-0.008340	40091.20	-5.15
-0.1975	0.015557	-0.008333	40094.20	-5.01
-0.1914	0.015548	-0.008407	40097.20	-4.86
-0.1876	0.015519	-0.008408	40100.20	-4.76
-0.1816	0.015471	-0.008413	40103.20	-4.60
-0.1783	0.015589	-0.008412	40106.20	-4.52
-0.1706	0.015529	-0.008443	40109.20	-4.33
-0.1679	0.015511	-0.008471	40112.20	-4.26
-0.1614	0.015535	-0.008445	40115.20	-4.09
-0.1564	0.015506	-0.008371	40118.20	-3.96
-0.1510	0.015498	-0.008450	40121.20	-3.82
-0.1460	0.015547	-0.008455	40124.20	-3.70
-0.1373	0.015558	-0.008419	40127.20	-3.48
-0.1274	0.015517	-0.008339	40130.20	-3.23
-0.1154	0.015670	-0.008408	40133.20	-2.92
-0.1061	0.015598	-0.008349	40136.20	-2.68
-0.0897	0.015751	-0.008281	40139.20	-2.27
-0.0760	0.015693	-0.008303	40142.20	-1.92
-0.0602	0.015742	-0.008301	40145.20	-1.52
-0.0454	0.015737	-0.008238	40148.20	-1.15
-0.0279	0.015819	-0.008366	40151.20	-0.70
-0.0148	0.015812	-0.008316	40154.20	-0.37
0.0038	0.015693	-0.008283	40157.20	0.10
0.0186	0.015715	-0.008345	40160.20	0.47
0.0328	0.015746	-0.008365	40163.20	0.82
0.0427	0.015710	-0.008452	40166.20	1.07
0.0602	0.015680	-0.008440	40169.20	1.51
0.0706	0.015689	-0.008436	40172.20	1.77
0.0859	0.015685	-0.008394	40175.20	2.15
0.0968	0.015650	-0.008514	40178.20	2.43
0.1105	0.015705	-0.008609	40181.20	2.77
0.1203	0.015635	-0.008519	40184.20	3.02
0.1340	0.015638	-0.008534	40187.20	3.36
0.1466	0.015678	-0.008514	40190.20	3.68
0.1619	0.015680	-0.008445	40193.20	4.06
0.1772	0.015750	-0.008590	40196.20	4.45
0.1903	0.015703	-0.008494	40199.20	4.78
0.2089	0.015732	-0.008559	40202.20	5.24
0.2237	0.015798	-0.008399	40205.20	5.61
0.2401	0.015732	-0.008527	40208.20	6.02
0.2549	0.015743	-0.008583	40211.20	6.39
0.2718	0.015707	-0.008556	40214.20	6.82
0.2844	0.015729	-0.008561	40217.20	7.14
0.2975	0.015640	-0.008583	40220.20	7.46
0.3129	0.015619	-0.008579	40223.20	7.85
0.3238	0.015703	-0.008666	40226.20	8.12
0.3369	0.015690	-0.008707	40229.20	8.45
0.3490	0.015673	-0.008605	40232.20	8.75
0.3588	0.015611	-0.008733	40235.20	9.00
0.3714	0.015642	-0.008669	40238.20	9.31
0.3790	0.015571	-0.008670	40241.20	9.51
0.3911	0.015604	-0.008586	40244.20	9.81
0.4015	0.015607	-0.008670	40247.20	10.07
0.4119	0.015599	-0.008755	40250.20	10.33
0.4294	0.015570	-0.008656	40253.20	10.77
0.4392	0.015662	-0.008605	40256.20	11.01
0.4545	0.015614	-0.008578	40259.20	11.40
0.4693	0.015630	-0.008658	40262.20	11.77
0.4819	0.015588	-0.008568	40265.20	12.08
0.4955	0.015652	-0.008653	40268.20	12.42
0.5098	0.015625	-0.008595	40271.20	12.78
0.5196	0.015583	-0.008547	40274.20	13.03
0.5322	0.015530	-0.008559	40277.20	13.34
0.5437	0.015475	-0.008606	40280.20	13.63
0.5541	0.015530	-0.008504	40283.20	13.89
0.5683	0.015454	-0.008551	40286.20	14.24
0.5765	0.015417	-0.008540	40289.20	14.45
0.5831	0.015481	-0.008534	40292.20	14.61
0.5929	0.015452	-0.008505	40295.20	14.86
0.6000	0.015385	-0.008509	40298.20	15.03
0.6077	0.015411	-0.008464	40301.20	15.23
0.6115	0.015385	-0.008498	40304.20	15.32
0.6241	0.015270	-0.008338	40307.20	15.64
0.6312	0.015316	-0.008330	40310.20	15.81
0.6405	0.015318	-0.008306	40313.20	16.04
0.6481	0.015363	-0.008272	40316.20	16.24
0.6563	0.015278	-0.008048	40319.20	16.44
0.6645	0.015398	-0.007978	40322.20	16.64
0.6766	0.015419	-0.007818	40325.20	16.95
0.6831	0.015312	-0.007759	40328.20	17.11
0.6902	0.015338	-0.007729	40331.20	17.29
0.6935	0.015294	-0.007703	40334.20	17.37
0.7006	0.015188	-0.007551	40337.20	17.55
0.7078	0.015101	-0.007465	40340.20	17.72
0.7121	0.014974	-0.007445	40343.20	17.83
0.7149	0.014870	-0.007412	40346.20	17.90
0.7181	0.014735	-0.007418	40349.20	17.98
0.7236	0.014651	-0.007327	40352.20	18.12
0.7285	0.014599	-0.007187	40355.20	18.24
0.7329	0.014465	-0.007279	40358.20	18.35
0.7356	0.014335	-0.007214	40361.20	18.42
0.7378	0.014311	-0.007231	40364.20	18.47
0.7433	0.014174	-0.007178	40367.20	18.61
0.7449	0.014058	-0.007158	40370.20	18.65
0.7531	0.013996	-0.007108	40373.20	18.85
0.7564	0.013875	-0.007107	40376.20	18.93
0.7641	0.013740	-0.006996	40379.20	19.13
0.7734	0.013649	-0.006916	40382.20	19.36
0.7761	0.013554	-0.006999	40385.20	19.43
0.7860	0.013447	-0.006973	40388.20	19.67
0.7953	0.013301	-0.006841	40391.20	19.90
0.8035	0.013251	-0.006948	40394.20	20.11
0.8144	0.013144	-0.006833	40397.20	20.38
0.8243	0.012997	-0.006908	40400.20	20.62
0.8346	0.012895	-0.006690	40403.20	20.88
0.8412	0.012921	-0.006708	40406.20	21.04
0.8543	0.012791	-0.006595	40409.20	21.37
0.8658	0.012904	-0.006611	40412.20	21.66
0.8779	0.012745	-0.006534	40415.20	21.95
0.8915	0.012846	-0.006487	40418.20	22.29
0.9058	0.012914	-0.006605	40421.20	22.65
0.9161	0.012756	-0.006480	40424.20	22.90
0.9326	0.012831	-0.006493	40427.20	23.31
0.9522	0.012865	-0.006332	40430.20	23.80
0.9736	0.012862	-0.006332	40433.20	24.33
0.9944	0.012962	-0.006351	40436.20	24.84
1.0151	0.012990	-0.006296	40439.20	25.36
1.0403	0.013092	-0.006200	40442.20	25.98
1.0633	0.013109	-0.006301	40445.20	26.55
1.0830	0.013071	-0.006372	40448.20	27.04
1.1081	0.013162	-0.006315	40451.20	27.66
1.1289	0.013156	-0.006294	40454.20	28.17
1.1513	0.013124	-0.006431	40457.20	28.72
1.1716	0.013128	-0.006437	40460.20	29.22
1.1885	0.012970	-0.006534	40463.20	29.64
1.2077	0.012977	-0.006626	40466.20	30.11
1.2257	0.013065	-0.006558	40469.20	30.56
1.2410	0.013090	-0.006504	40472.20	30.94
1.2591	0.013029	-0.006654	40475.20	31.38
1.2700	0.012976	-0.006706	40478.20	31.65
1.2842	0.013081	-0.006692	40481.20	32.00
1.2990	0.012988	-0.006762	40484.20	32.36
1.3121	0.012899	-0.006753	40487.20	32.69
1.3264	0.012870	-0.006757	40490.20	33.04
1.3428	0.013045	-0.006752	40493.20	33.44
1.3581	0.013026	-0.006701	40496.20	33.82
1.3723	0.013031	-0.006635	40499.20	34.16
1.3920	0.013098	-0.006700	40502.20	34.65
1.4089	0.013034	-0.006582	40505.20	35.06
1.4292	0.013135	-0.006579	40508.20	35.56
1.4450	0.013109	-0.006642	40511.20	35.95
1.4604	0.013146	-0.006753	40514.20	36.32
1.4768	0.013042	-0.006740	40517.20	36.73
1.4915	0.013052	-0.006808	40520.20	37.09
1.5068	0.013063	-0.006836	40523.20	37.46
1.5211	0.013016	-0.006785	40526.20	37.81
1.5358	0.013062	-0.006937	40529.20	38.17
1.5495	0.013047	-0.006848	40532.20	38.51
1.5626	0.013011	-0.006775	40535.20	38.83
1.5730	0.013065	-0.006976	40538.20	39.08
1.5834	0.012970	-0.006962	40541.20	39.34
1.5938	0.012936	-0.006977	40544.20	39.59
1.6053	0.012983	-0.007005	40547.20	39.87
1.6146	0.012891	-0.007039	40550.20	40.10
1.6288	0.012980	-0.007012	40553.20	40.44
1.6419	0.013074	-0.007016	40556.20	40.77
1.6578	0.013067	-0.007038	40559.20	41.15
1.6704	0.013099	-0.006983	40562.20	41.46
1.6873	0.013216	-0.006888	40565.20	41.87
1.7043	0.013120	-0.006969	40568.20	42.29
1.7196	0.013115	-0.007001	40571.20	42.66
1.7344	0.013105	-0.007024	40574.20	43.02
1.7508	0.013164	-0.006951	40577.20	43.42
1.7612	0.013080	-0.007012	40580.20	43.67
1.7781	0.013143	-0.006948	40583.20	44.08
1.7891	0.013112	-0.007052	40586.20	44.35
1.8038	0.013142	-0.007108	40589.20	44.71
1.8159	0.013162	-0.007111	40592.20	45.00
1.8257	0.013131	-0.007080	40595.20	45.24
1.8388	0.013035	-0.007137	40598.20	45.56
1.8470	0.013055	-0.007157	40601.20	45.76
1.8542	0.013104	-0.007242	40604.20	45.93
1.8673	0.013007	-0.007154	40607.20	46.25
1.8733	0.013092	-0.007302	40610.20	46.40
1.8804	0.012974	-0.007308	40613.20	46.57
1.8875	0.012886	-0.007344	40616.20	46.74
1.8919	0.012949	-0.007371	40619.20	46.85
1.8974	0.012879	-0.007334	40622.20	46.98
1.9012	0.012962	-0.007364	40625.20	47.08
1.9050	0.012932	-0.007388	40628.20	47.17
1.9105	0.012957	-0.007387	40631.20	47.30
1.9127	0.012872	-0.007484	40634.20	47.36
1.9143	0.012861	-0.007472	40637.20	47.40
1.9187	0.012961	-0.007363	40640.20	47.50
1.9187	0.012857	-0.007428	40643.20	47.50
1.9231	0.012906	-0.007442	40646.20	47.61
1.9209	0.012823	-0.007449	40649.20	47.55
1.9209	0.012900	-0.007429	40652.20	47.55
1.9209	0.012891	-0.007431	40655.20	47.55
1.9214	0.012867	-0.007505	40658.20	47.57
1.9209	0.012827	-0.007534	40661.20	47.55
1.9165	0.012789	-0.007620	40664.20	47.45
1.9176	0.012752	-0.007517	40667.20	47.47
1.9143	0.012833	-0.007526	40670.20	47.40
1.9116	0.012746	-0.007592	40673.20	47.33
1.9099	0.012805	-0.007577	40676.20	47.29
1.9050	0.012729	-0.007567	40679.20	47.17
1.9028	0.012724	-0.007534	40682.20	47.12
1.8996	0.012813	-0.007551	40685.20	47.04
1.8963	0.012801	-0.007567	40688.20	46.96
1.8881	0.012687	-0.007627	40691.20	46.76
1.8897	0.012705	-0.007577	40694.20	46.80
1.8804	0.012740	-0.007539	40697.20	46.57
1.8826	0.012801	-0.007470	40700.20	46.62
1.8728	0.012767	-0.007601	40703.20	46.39
1.8733	0.012801	-0.007573	40706.20	46.40
1.8651	0.012705	-0.007540	40709.20	46.20
1.8585	0.012751	-0.007547	40712.20	46.04
1.8558	0.012688	-0.007554	40715.20	45.97
1.8531	0.012691	-0.007542	40718.20	45.91
1.8438	0.012714	-0.007506	40721.20	45.68
1.8345	0.012632	-0.007665	40724.20	45.45
1.8306	0.012606	-0.007692	40727.20	45.36
1.8224	0.012573	-0.007699	40730.20	45.16
1.8202	0.012608	-0.007605	40733.20	45.11
1.8093	0.012649	-0.007590	40736.20	44.84
1.8033	0.012686	-0.007608	40739.20	44.70
1.8000	0.012681	-0.007559	40742.20	44.62
1.7869	0.012583	-0.007654	40745.20	44.30
1.7814	0.012548	-0.007633	40748.20	44.16
1.7759	0.012607	-0.007689	40751.20	44.03
1.7634	0.012541	-0.007658	40754.20	43.73
1.7612	0.012560	-0.007634	40757.20	43.67
1.7519	0.012534	-0.007649	40760.20	43.45
1.7426	0.012516	-0.007727	40763.20	43.22
1.7333	0.012496	-0.007673	40766.20	42.99
1.7234	0.012498	-0.007635	40769.20	42.75
1.7174	0.012461	-0.007664	40772.20	42.61
1.7119	0.012595	-0.007604	40775.20	42.47
1.6994	0.012473	-0.007680	40778.20	42.17
1.6895	0.012421	-0.007720	40781.20	41.93
1.6813	0.012462	-0.007677	40784.20	41.73
1.6720	0.012451	-0.007655	40787.20	41.50
1.6644	0.012377	-0.007582	40790.20	41.31
1.6540	0.012471	-0.007663	40793.20	41.06
1.6458	0.012509	-0.007648	40796.20	40.86
1.6387	0.012507	-0.007596	40799.20	40.69
1.6288	0.012438	-0.007594	40802.20	40.44
1.6195	0.012455	-0.007522	40805.20	40.22
1.6113	0.012395	-0.007621	40808.20	40.02
1.6020	0.012478	-0.007549	40811.20	39.79
1.5927	0.012428	-0.007573	40814.20	39.56
1.5812	0.012393	-0.007691	40817.20	39.28
1.5741	0.012487	-0.007518	40820.20	39.11
1.5643	0.012449	-0.007595	40823.20	38.87
1.5555	0.012391	-0.007574	40826.20	38.65
1.5451	0.012407	-0.007585	40829.20	38.40
1.5347	0.012353	-0.007598	40832.20	38.15
1.5249	0.012398	-0.007570	40835.20	37.90
1.5194	0.012392	-0.007541	40838.20	37.77
1.5085	0.012394	-0.007585	40841.20	37.50
1.4981	0.012358	-0.007524	40844.20	37.25
1.4910	0.012452	-0.007559	40847.20	37.07
1.4811	0.012397	-0.007531	40850.20	36.83
1.4707	0.012305	-0.007509	40853.20	36.58
1.4642	0.012385	-0.007516	40856.20	36.42
1.4511	0.012427	-0.007507	40859.20	36.10
1.4450	0.012424	-0.007464	40862.20	35.95
1.4325	0.012300	-0.007504	40865.20	35.64
1.4253	0.012298	-0.007429	40868.20	35.47
1.4133	0.012379	-0.007411	40871.20	35.17
1.4035	0.012411	-0.007457	40874.20	34.93
1.3996	0.012489	-0.007343	40877.20	34.84
1.3942	0.012509	-0.007309	40880.20	34.70
1.3887	0.012541	-0.007261	40883.20	34.57
1.3838	0.012588	-0.007267	40886.20	34.45
1.3800	0.012595	-0.007263	40889.20	34.35
1.3745	0.012629	-0.007247	40892.20	34.22
1.3679	0.012551	-0.007366	40895.20	34.06
1.3575	0.012502	-0.007339	40898.20	33.80
1.3515	0.012446	-0.007352	40901.20	33.65
1.3422	0.012433	-0.007259	40904.20	33.43
1.3346	0.012410	-0.007343	40907.20	33.24
1.3253	0.012433	-0.007409	40910.20	33.01
1.3176	0.012446	-0.007373	40913.20	32.82
1.3072	0.012377	-0.007346	40916.20	32.57
1.3012	0.012372	-0.007335	40919.20	32.42
1.2930	0.012469	-0.007306	40922.20	32.22
1.2848	0.012330	-0.007288	40925.20	32.01
1.2760	0.012353	-0.007310	40928.20	31.80
1.2673	0.012383	-0.007363	40931.20	31.58
1.2613	0.012439	-0.007307	40934.20	31.43
1.2487	0.012338	-0.007310	40937.20	31.13
1.2454	0.012393	-0.007289	40940.20	31.04
1.2361	0.012413	-0.007254	40943.20	30.82
1.2246	0.012325	-0.007321	40946.20	30.53
1.2181	0.012455	-0.007308	40949.20	30.37
1.2120	0.012340	-0.007231	40952.20	30.22
1.2027	0.012324	-0.007241	40955.20	29.99
1.1923	0.012456	-0.007301	40958.20	29.74
1.1858	0.012435	-0.007212	40961.20	29.57
1.1776	0.012455	-0.007192	40964.20	29.37
1.1694	0.012335	-0.007151	40967.20	29.17
1.1617	0.012283	-0.007132	40970.20	28.98
1.1579	0.012435	-0.007041	40973.20	28.89
1.1535	0.012668	-0.007019	40976.20	28.78
1.1535	0.012575	-0.007004	40979.20	28.78
1.1470	0.012605	-0.006979	40982.20	28.62
1.1453	0.012586	-0.006932	40985.20	28.58
1.1437	0.012570	-0.006991	40988.20	28.54
1.1398	0.012535	-0.007014	40991.20	28.44
1.1349	0.012600	-0.006948	40994.20	28.32
1.1338	0.012512	-0.006975	40997.20	28.29
1.1327	0.012625	-0.006974	41000.20	28.27
1.1305	0.012562	-0.006957	41003.20	28.21
1.1278	0.012578	-0.006930	41006.20	28.14
1.1256	0.012603	-0.006913	41009.20	28.09
1.1240	0.012628	-0.006922	41012.20	28.05
1.1223	0.012588	-0.006895	41015.20	28.01
1.1207	0.012650	-0.006915	41018.20	27.97
1.1185	0.012615	-0.006911	41021.20	27.91
1.1152	0.012552	-0.006887	41024.20	27.83
1.1136	0.012640	-0.006890	41027.20	27.79
1.1103	0.012606	-0.006941	41030.20	27.71
1.1092	0.012602	-0.006942	41033.20	27.69
1.1070	0.012651	-0.006930	41036.20	27.63
1.1065	0.012579	-0.006919	41039.20	27.62
1.1032	0.012631	-0.006845	41042.20	27.54
1.1032	0.012577	-0.006859	41045.20	27.54
1.1026	0.012615	-0.006894	41048.20	27.52
1.1010	0.012628	-0.006942	41051.20	27.48
1.0988	0.012594	-0.006780	41054.20	27.43
1.0977	0.012655	-0.006894	41057.20	27.40
1.0955	0.012590	-0.006883	41060.20	27.35
1.0944	0.012624	-0.006918	41063.20	27.32
1.0939	0.012633	-0.006914	41066.20	27.31
1.0895	0.012641	-0.006903	41069.20	27.20
1.0895	0.012586	-0.006867	41072.20	27.20
1.0879	0.012602	-0.006917	41075.20	27.16
1.0884	0.012569	-0.006923	41078.20	27.17
1.0841	0.012593	-0.006903	41081.20	27.06
1.0830	0.012622	-0.006924	41084.20	27.04
1.0841	0.012549	-0.006906	41087.20	27.06
1.0808	0.012541	-0.006933	41090.20	26.98
1.0797	0.012638	-0.006929	41093.20	26.96
1.0791	0.012605	-0.006944	41096.20	26.94
1.0764	0.012606	-0.006921	41099.20	26.87
1.0786	0.012604	-0.006860	41102.20	26.93
1.0764	0.012640	-0.006841	41105.20	26.87
1.0753	0.012629	-0.006855	41108.20	26.85
1.0742	0.012607	-0.006870	41111.20	26.82
1.0726	0.012576	-0.006883	41114.20	26.78
1.0726	0.012591	-0.006915	41117.20	26.78
1.0737	0.012661	-0.006860	41120.20	26.81
1.0737	0.012614	-0.006853	41123.20	26.81
1.0726	0.012682	-0.006862	41126.20	26.78
1.0715	0.012645	-0.006855	41129.20	26.75
1.0698	0.012584	-0.006879	41132.20	26.71
1.0720	0.012669	-0.006809	41135.20	26.77
