2.2015	0.019272	-0.002190	63350.75	54.35
2.2015	0.019268	-0.002618	63353.75	54.35
2.2058	0.019200	-0.002310	63356.75	54.46
2.2069	0.019170	-0.002310	63359.75	54.48
2.2086	0.019116	-0.002326	63362.75	54.52
2.2119	0.019381	-0.002358	63365.75	54.60
2.2151	0.018848	-0.002125	63368.75	54.68
2.2195	0.019000	-0.002366	63371.75	54.79
2.2223	0.019196	-0.002310	63374.75	54.85
2.2228	0.019180	-0.002124	63377.75	54.87
2.2272	0.019164	-0.002196	63380.75	54.97
2.2288	0.019270	-0.002144	63383.75	55.01
2.2321	0.019276	-0.002224	63386.75	55.09
2.2332	0.019185	-0.002396	63389.75	55.12
2.2359	0.019246	-0.002560	63392.75	55.18
2.2392	0.019088	-0.002489	63395.75	55.26
2.2403	0.019131	-0.002384	63398.75	55.29
2.2425	0.019251	-0.002537	63401.75	55.34
2.2452	0.019225	-0.002371	63404.75	55.41
2.2491	0.019080	-0.002641	63407.75	55.50
2.2496	0.019012	-0.002290	63410.75	55.51
2.2507	0.018995	-0.002437	63413.75	55.54
2.2545	0.019065	-0.002347	63416.75	55.63
2.2594	0.019036	-0.002789	63419.75	55.75
2.2589	0.019249	-0.002601	63422.75	55.74
2.2633	0.019083	-0.002653	63425.75	55.84
2.2655	0.018797	-0.002439	63428.75	55.90
2.2687	0.019005	-0.002506	63431.75	55.98
2.2693	0.019130	-0.002547	63434.75	55.99
2.2709	0.019105	-0.002565	63437.75	56.03
2.2720	0.019283	-0.002939	63440.75	56.05
2.2769	0.019053	-0.002354	63443.75	56.17
2.2748	0.019187	-0.002350	63446.75	56.12
2.2791	0.018907	-0.002456	63449.75	56.23
2.2819	0.019124	-0.002603	63452.75	56.29
2.2819	0.019270	-0.002429	63455.75	56.29
2.2846	0.018992	-0.002412	63458.75	56.36
2.2884	0.019253	-0.002537	63461.75	56.45
2.2906	0.019133	-0.002420	63464.75	56.50
2.2912	0.019210	-0.002248	63467.75	56.52
2.2955	0.019122	-0.002598	63470.75	56.62
2.2945	0.019189	-0.002420	63473.75	56.60
2.2972	0.019105	-0.002910	63476.75	56.66
2.2994	0.018913	-0.002721	63479.75	56.71
2.2999	0.019313	-0.002492	63482.75	56.73
2.3010	0.019123	-0.002503	63485.75	56.75
2.3032	0.019183	-0.002416	63488.75	56.81
2.3054	0.019131	-0.002506	63491.75	56.86
2.3098	0.019177	-0.002362	63494.75	56.97
2.3081	0.019212	-0.002464	63497.75	56.93
2.3081	0.019124	-0.002532	63500.75	56.93
2.3081	0.019143	-0.002466	63503.75	56.93
2.3136	0.019222	-0.002485	63506.75	57.06
2.3120	0.019113	-0.002371	63509.75	57.02
2.3185	0.019102	-0.002540	63512.75	57.18
2.3191	0.019187	-0.002548	63515.75	57.19
2.3202	0.019099	-0.002465	63518.75	57.22
2.3196	0.019134	-0.002479	63521.75	57.20
2.3245	0.019036	-0.002509	63524.75	57.32
2.3278	0.019257	-0.002330	63527.75	57.40
2.3295	0.019070	-0.002467	63530.75	57.44
2.3305	0.019121	-0.002608	63533.75	57.47
2.3305	0.019167	-0.002410	63536.75	57.47
2.3295	0.018939	-0.002760	63539.75	57.44
2.3333	0.018959	-0.002439	63542.75	57.53
2.3327	0.019108	-0.002570	63545.75	57.52
2.3377	0.018842	-0.002679	63548.75	57.64
2.3393	0.018964	-0.002522	63551.75	57.68
2.3442	0.019134	-0.002477	63554.75	57.80
2.3437	0.019045	-0.002320	63557.75	57.78
2.3426	0.018966	-0.002448	63560.75	57.76
2.3464	0.019112	-0.002485	63563.75	57.85
2.3475	0.018933	-0.002691	63566.75	57.88
2.3481	0.019239	-0.002409	63569.75	57.89
2.3497	0.019118	-0.002615	63572.75	57.93
2.3486	0.019120	-0.002474	63575.75	57.90
2.3535	0.018923	-0.002611	63578.75	58.02
2.3563	0.019191	-0.002653	63581.75	58.09
2.3530	0.019139	-0.002642	63584.75	58.01
2.3606	0.019130	-0.003003	63587.75	58.19
2.3584	0.019117	-0.002565	63590.75	58.14
2.3584	0.019061	-0.002460	63593.75	58.14
2.3628	0.019103	-0.002679	63596.75	58.25
2.3617	0.019137	-0.002635	63599.75	58.22
2.3634	0.018931	-0.002557	63602.75	58.26
2.3666	0.019400	-0.002571	63605.75	58.34
2.3666	0.019380	-0.002431	63608.75	58.34
2.3656	0.019164	-0.002581	63611.75	58.31
2.3672	0.019149	-0.002630	63614.75	58.35
2.3688	0.019217	-0.002551	63617.75	58.39
2.3732	0.018789	-0.002672	63620.75	58.50
2.3721	0.019007	-0.002617	63623.75	58.47
2.3738	0.018855	-0.002784	63626.75	58.51
2.3732	0.019086	-0.002600	63629.75	58.50
2.3792	0.019093	-0.002501	63632.75	58.64
2.3798	0.019102	-0.002443	63635.75	58.65
2.3781	0.019196	-0.002384	63638.75	58.61
2.3798	0.019121	-0.002526	63641.75	58.65
2.3836	0.019145	-0.002828	63644.75	58.75
2.3836	0.019164	-0.002600	63647.75	58.75
2.3847	0.019258	-0.002541	63650.75	58.77
2.3858	0.018914	-0.002510	63653.75	58.80
2.3852	0.019100	-0.002667	63656.75	58.79
2.3924	0.019093	-0.002608	63659.75	58.96
2.3891	0.019171	-0.002637	63662.75	58.88
2.3913	0.019157	-0.002803	63665.75	58.93
2.3929	0.018659	-0.002499	63668.75	58.97
2.3956	0.018972	-0.002628	63671.75	59.04
2.3984	0.019110	-0.002645	63674.75	59.10
2.4017	0.019082	-0.002867	63677.75	59.18
2.4006	0.018781	-0.002553	63680.75	59.16
2.4027	0.019215	-0.002466	63683.75	59.21
2.4055	0.019049	-0.002683	63686.75	59.27
2.4033	0.019031	-0.002852	63689.75	59.22
2.4060	0.019214	-0.002535	63692.75	59.29
2.4071	0.019090	-0.002708	63695.75	59.31
2.4082	0.019064	-0.002644	63698.75	59.34
2.4077	0.018890	-0.002641	63701.75	59.33
2.4099	0.019080	-0.002719	63704.75	59.38
2.4109	0.018990	-0.002412	63707.75	59.41
2.4137	0.019078	-0.002543	63710.75	59.47
2.4131	0.019175	-0.002588	63713.75	59.46
2.4148	0.019065	-0.002585	63716.75	59.50
2.4148	0.019112	-0.002596	63719.75	59.50
2.4181	0.018835	-0.002504	63722.75	59.58
2.4181	0.018947	-0.002698	63725.75	59.58
2.4219	0.018819	-0.002679	63728.75	59.67
2.4219	0.019215	-0.002797	63731.75	59.67
2.4246	0.019083	-0.002589	63734.75	59.74
2.4208	0.019156	-0.002564	63737.75	59.64
2.4246	0.019176	-0.002641	63740.75	59.74
2.4257	0.019060	-0.002557	63743.75	59.76
2.4263	0.019007	-0.002501	63746.75	59.78
2.4284	0.019045	-0.002710	63749.75	59.83
2.4290	0.019059	-0.002700	63752.75	59.84
2.4279	0.019060	-0.002655	63755.75	59.81
2.4290	0.018944	-0.002556	63758.75	59.84
2.4295	0.019020	-0.002622	63761.75	59.85
2.4328	0.019028	-0.002590	63764.75	59.93
2.4323	0.019075	-0.002560	63767.75	59.92
2.4378	0.019268	-0.002663	63770.75	60.05
2.4350	0.019053	-0.002612	63773.75	59.99
2.4367	0.018898	-0.002624	63776.75	60.03
2.4361	0.019173	-0.002585	63779.75	60.01
2.4410	0.019262	-0.002654	63782.75	60.13
2.4394	0.019058	-0.002683	63785.75	60.09
2.4399	0.018955	-0.002536	63788.75	60.10
2.4427	0.019063	-0.002610	63791.75	60.17
2.4438	0.019055	-0.002570	63794.75	60.20
2.4449	0.019289	-0.002560	63797.75	60.22
2.4460	0.019074	-0.002621	63800.75	60.25
2.4470	0.019128	-0.002479	63803.75	60.28
2.4465	0.019078	-0.002632	63806.75	60.26
2.4481	0.019303	-0.002569	63809.75	60.30
2.4520	0.019172	-0.002530	63812.75	60.39
2.4520	0.019185	-0.002516	63815.75	60.39
2.4509	0.018960	-0.002507	63818.75	60.37
2.4542	0.019052	-0.002649	63821.75	60.45
2.4547	0.019107	-0.002554	63824.75	60.46
2.4558	0.019039	-0.002680	63827.75	60.49
2.4580	0.019302	-0.002509	63830.75	60.54
2.4574	0.019117	-0.002726	63833.75	60.53
2.4580	0.019126	-0.002553	63836.75	60.54
2.4618	0.019157	-0.002732	63839.75	60.63
2.4602	0.019227	-0.002576	63842.75	60.59
2.4635	0.018904	-0.002583	63845.75	60.67
2.4629	0.019167	-0.002604	63848.75	60.66
2.4646	0.018807	-0.002843	63851.75	60.70
2.4629	0.019001	-0.002657	63854.75	60.66
2.4662	0.019118	-0.002551	63857.75	60.74
2.4684	0.019008	-0.002724	63860.75	60.79
2.4700	0.018979	-0.002665	63863.75	60.83
2.4678	0.018805	-0.002643	63866.75	60.78
2.4689	0.019144	-0.002645	63869.75	60.80
2.4695	0.018919	-0.002570	63872.75	60.82
2.4733	0.018951	-0.002491	63875.75	60.91
2.4744	0.018950	-0.002749	63878.75	60.93
2.4738	0.018943	-0.002700	63881.75	60.92
2.4749	0.019120	-0.002812	63884.75	60.95
2.4760	0.018939	-0.002737	63887.75	60.97
2.4760	0.019075	-0.002660	63890.75	60.97
2.4777	0.019139	-0.002596	63893.75	61.01
2.4793	0.018907	-0.002697	63896.75	61.05
2.4815	0.019156	-0.002670	63899.75	61.11
2.4815	0.019067	-0.002491	63902.75	61.11
2.4804	0.019318	-0.002695	63905.75	61.08
2.4815	0.019093	-0.002531	63908.75	61.11
2.4810	0.019154	-0.002720	63911.75	61.09
2.4821	0.018852	-0.002623	63914.75	61.12
2.4842	0.019061	-0.002813	63917.75	61.17
2.4848	0.018919	-0.002811	63920.75	61.19
2.4881	0.019080	-0.002685	63923.75	61.26
2.4870	0.018986	-0.002954	63926.75	61.24
2.4892	0.018842	-0.002846	63929.75	61.29
2.4897	0.019110	-0.002646	63932.75	61.30
2.4924	0.019041	-0.002922	63935.75	61.37
2.4919	0.018779	-0.002998	63938.75	61.36
2.4924	0.018689	-0.002900	63941.75	61.37
2.4941	0.018975	-0.002789	63944.75	61.41
2.4919	0.019202	-0.002770	63947.75	61.36
2.4946	0.018898	-0.002955	63950.75	61.42
2.4946	0.018767	-0.002925	63953.75	61.42
2.4946	0.018944	-0.002852	63956.75	61.42
2.4963	0.018661	-0.002705	63959.75	61.46
2.4963	0.018968	-0.002505	63962.75	61.46
2.4974	0.019056	-0.002663	63965.75	61.49
2.4985	0.018718	-0.003071	63968.75	61.51
2.4990	0.018950	-0.002832	63971.75	61.53
2.4996	0.018703	-0.002913	63974.75	61.54
2.4990	0.018829	-0.002827	63977.75	61.53
2.5001	0.018887	-0.003016	63980.75	61.55
2.5006	0.018646	-0.002897	63983.75	61.57
2.5001	0.018870	-0.002828	63986.75	61.55
2.5034	0.019046	-0.003150	63989.75	61.63
2.5039	0.019108	-0.003051	63992.75	61.65
2.5017	0.018573	-0.003034	63995.75	61.59
2.5034	0.018834	-0.002744	63998.75	61.63
2.5039	0.018870	-0.002887	64001.75	61.65
2.5023	0.019100	-0.002821	64004.75	61.61
2.5028	0.018892	-0.003032	64007.75	61.62
2.5050	0.018928	-0.002818	64010.75	61.67
2.5045	0.018987	-0.002869	64013.75	61.66
2.5072	0.019146	-0.002834	64016.75	61.73
2.5089	0.019007	-0.002817	64019.75	61.77
2.5078	0.019022	-0.002748	64022.75	61.74
2.5061	0.019041	-0.002568	64025.75	61.70
2.5078	0.019053	-0.002789	64028.75	61.74
2.5083	0.019100	-0.002693	64031.75	61.75
2.5099	0.019012	-0.002719	64034.75	61.79
2.5094	0.018998	-0.002752	64037.75	61.78
2.5094	0.018863	-0.002811	64040.75	61.78
2.5094	0.018991	-0.002752	64043.75	61.78
2.5094	0.018884	-0.002685	64046.75	61.78
2.5089	0.018995	-0.002629	64049.75	61.77
2.5105	0.018988	-0.002657	64052.75	61.80
2.5105	0.019093	-0.002453	64055.75	61.80
2.5094	0.019180	-0.002458	64058.75	61.78
2.5110	0.019048	-0.002798	64061.75	61.82
2.5121	0.019056	-0.002914	64064.75	61.84
2.5089	0.019127	-0.002585	64067.75	61.77
2.5132	0.019207	-0.002543	64070.75	61.87
2.5121	0.018736	-0.002703	64073.75	61.84
2.5138	0.019096	-0.003010	64076.75	61.88
2.5154	0.019081	-0.002771	64079.75	61.92
2.5149	0.019089	-0.002901	64082.75	61.91
2.5138	0.019068	-0.002690	64085.75	61.88
2.5149	0.019153	-0.002734	64088.75	61.91
2.5176	0.019023	-0.002621	64091.75	61.98
2.5143	0.019118	-0.002789	64094.75	61.90
2.5154	0.018723	-0.002610	64097.75	61.92
2.5160	0.019284	-0.002677	64100.75	61.94
2.5160	0.019060	-0.002672	64103.75	61.94
2.5149	0.019110	-0.002775	64106.75	61.91
2.5160	0.019037	-0.002675	64109.75	61.94
2.5187	0.018745	-0.002747	64112.75	62.00
2.5154	0.019070	-0.002744	64115.75	61.92
2.5182	0.018770	-0.002657	64118.75	61.99
2.5160	0.019040	-0.002733	64121.75	61.94
2.5181	0.019052	-0.002662	64124.75	61.99
2.5187	0.018945	-0.002756	64127.75	62.00
2.5192	0.019064	-0.002777	64130.75	62.02
2.5187	0.019186	-0.002549	64133.75	62.00
2.5203	0.018923	-0.002687	64136.75	62.04
2.5214	0.019109	-0.002733	64139.75	62.07
2.5203	0.018902	-0.002693	64142.75	62.04
2.5220	0.018987	-0.002608	64145.75	62.08
2.5236	0.018998	-0.002646	64148.75	62.12
2.5253	0.019128	-0.002569	64151.75	62.16
2.5242	0.019133	-0.002660	64154.75	62.13
2.5253	0.018772	-0.002694	64157.75	62.16
2.5236	0.018636	-0.002750	64160.75	62.12
2.5242	0.018717	-0.002711	64163.75	62.13
2.5253	0.019177	-0.002506	64166.75	62.16
2.5247	0.019180	-0.002508	64169.75	62.15
2.5269	0.019094	-0.002723	64172.75	62.20
2.5247	0.019018	-0.002841	64175.75	62.15
2.5280	0.018859	-0.002962	64178.75	62.23
2.5285	0.019100	-0.002581	64181.75	62.24
2.5285	0.019183	-0.002581	64184.75	62.24
2.5296	0.019036	-0.002475	64187.75	62.27
2.5296	0.018970	-0.002747	64190.75	62.27
2.5307	0.018985	-0.002530	64193.75	62.29
2.5285	0.018844	-0.002811	64196.75	62.24
2.5313	0.019047	-0.002559	64199.75	62.31
2.5307	0.019052	-0.002658	64202.75	62.29
2.5307	0.019101	-0.002750	64205.75	62.29
2.5296	0.018970	-0.002899	64208.75	62.27
2.5335	0.018924	-0.003309	64211.75	62.36
2.5329	0.019016	-0.002840	64214.75	62.34
2.5329	0.019032	-0.002618	64217.75	62.34
2.5318	0.019086	-0.002658	64220.75	62.32
2.5346	0.019024	-0.002746	64223.75	62.38
2.5329	0.018883	-0.002726	64226.75	62.34
2.5329	0.019052	-0.002805	64229.75	62.34
2.5346	0.018921	-0.002754	64232.75	62.38
2.5324	0.018892	-0.002859	64235.75	62.33
2.5335	0.018892	-0.002745	64238.75	62.36
2.5340	0.018858	-0.002745	64241.75	62.37
2.5335	0.018942	-0.002867	64244.75	62.36
2.5318	0.018950	-0.002813	64247.75	62.32
2.5302	0.018875	-0.002785	64250.75	62.28
2.5318	0.018839	-0.002626	64253.75	62.32
2.5313	0.018888	-0.002751	64256.75	62.31
2.5307	0.018897	-0.002717	64259.75	62.29
2.5285	0.018869	-0.002896	64262.75	62.24
2.5296	0.018932	-0.002973	64265.75	62.27
2.5274	0.019076	-0.002787	64268.75	62.21
2.5264	0.019151	-0.002698	64271.75	62.19
2.5285	0.018968	-0.002812	64274.75	62.24
2.5285	0.018809	-0.002807	64277.75	62.24
2.5242	0.019027	-0.002856	64280.75	62.13
2.5236	0.018779	-0.002820	64283.75	62.12
2.5209	0.018814	-0.002960	64286.75	62.05
2.5203	0.018919	-0.002860	64289.75	62.04
2.5187	0.018950	-0.002786	64292.75	62.00
2.5165	0.018798	-0.002872	64295.75	61.95
2.5160	0.018772	-0.002930	64298.75	61.94
2.5132	0.018737	-0.002637	64301.75	61.87
2.5121	0.018807	-0.002899	64304.75	61.84
2.5121	0.018828	-0.002764	64307.75	61.84
2.5089	0.018919	-0.002955	64310.75	61.77
2.5083	0.018626	-0.002917	64313.75	61.75
2.5078	0.018830	-0.002884	64316.75	61.74
2.5017	0.018969	-0.002953	64319.75	61.59
2.5039	0.018724	-0.002876	64322.75	61.65
2.5007	0.018836	-0.002929	64325.75	61.57
2.5012	0.018823	-0.002971	64328.75	61.58
2.4996	0.018855	-0.002894	64331.75	61.54
2.4946	0.018849	-0.002832	64334.75	61.42
2.4974	0.018702	-0.002979	64337.75	61.49
2.4957	0.018867	-0.002928	64340.75	61.45
2.4908	0.018753	-0.002909	64343.75	61.33
2.4908	0.018765	-0.002971	64346.75	61.33
2.4886	0.018805	-0.003022	64349.75	61.28
2.4886	0.018862	-0.002846	64352.75	61.28
2.4848	0.018836	-0.002812	64355.75	61.19
2.4831	0.018694	-0.002964	64358.75	61.15
2.4804	0.018682	-0.002919	64361.75	61.08
2.4771	0.018727	-0.002862	64364.75	61.00
2.4760	0.018896	-0.002882	64367.75	60.97
2.4738	0.018849	-0.002698	64370.75	60.92
2.4733	0.018666	-0.002729	64373.75	60.91
2.4711	0.018887	-0.002835	64376.75	60.86
2.4678	0.018738	-0.002951	64379.75	60.78
2.4684	0.018768	-0.002797	64382.75	60.79
2.4640	0.018777	-0.002872	64385.75	60.68
2.4602	0.018780	-0.002795	64388.75	60.59
2.4591	0.018674	-0.002948	64391.75	60.57
2.4580	0.018811	-0.002914	64394.75	60.54
2.4553	0.018707	-0.002868	64397.75	60.47
2.4498	0.018740	-0.003065	64400.75	60.34
2.4471	0.018752	-0.002970	64403.75	60.28
2.4443	0.018630	-0.002852	64406.75	60.21
2.4421	0.018807	-0.003010	64409.75	60.16
2.4421	0.018772	-0.002881	64412.75	60.16
2.4350	0.018649	-0.002962	64415.75	59.99
2.4306	0.018645	-0.002915	64418.75	59.88
2.4290	0.018749	-0.002933	64421.75	59.84
2.4219	0.018638	-0.002989	64424.75	59.67
2.4175	0.018782	-0.002987	64427.75	59.56
2.4181	0.018601	-0.003091	64430.75	59.58
2.4093	0.018586	-0.002990	64433.75	59.37
2.4071	0.018740	-0.003029	64436.75	59.31
2.4038	0.018607	-0.002872	64439.75	59.23
2.3995	0.018510	-0.003028	64442.75	59.13
2.3929	0.018557	-0.002983	64445.75	58.97
2.3869	0.018644	-0.003009	64448.75	58.83
2.3869	0.018644	-0.002885	64451.75	58.83
2.3803	0.018689	-0.002997	64454.75	58.67
2.3754	0.018728	-0.002915	64457.75	58.55
2.3743	0.018618	-0.002970	64460.75	58.52
2.3683	0.018588	-0.002957	64463.75	58.38
2.3595	0.018635	-0.002983	64466.75	58.17
2.3524	0.018745	-0.002978	64469.75	57.99
2.3497	0.018587	-0.002912	64472.75	57.93
2.3437	0.018524	-0.002887	64475.75	57.78
2.3355	0.018619	-0.003123	64478.75	57.59
2.3273	0.018505	-0.002959	64481.75	57.39
2.3223	0.018510	-0.003043	64484.75	57.27
2.3191	0.018552	-0.003059	64487.75	57.19
2.3109	0.018418	-0.003022	64490.75	56.99
2.3032	0.018579	-0.002887	64493.75	56.81
2.2944	0.018622	-0.002895	64496.75	56.60
2.2906	0.018589	-0.002876	64499.75	56.50
2.2830	0.018378	-0.003090	64502.75	56.32
2.2786	0.018435	-0.003065	64505.75	56.21
2.2671	0.018377	-0.003228	64508.75	55.94
2.2616	0.018471	-0.003174	64511.75	55.80
2.2540	0.018395	-0.002973	64514.75	55.62
2.2485	0.018446	-0.002963	64517.75	55.49
2.2398	0.018499	-0.003082	64520.75	55.28
2.2337	0.018444	-0.002944	64523.75	55.13
2.2250	0.018437	-0.003119	64526.75	54.92
2.2151	0.018508	-0.003111	64529.75	54.68
2.2086	0.018362	-0.003182	64532.75	54.52
2.1998	0.018241	-0.003093	64535.75	54.31
2.1911	0.018376	-0.002878	64538.75	54.10
2.1834	0.018395	-0.002908	64541.75	53.91
2.1779	0.018405	-0.002935	64544.75	53.78
2.1665	0.018355	-0.002936	64547.75	53.50
2.1588	0.018298	-0.003089	64550.75	53.32
2.1495	0.018242	-0.002841	64553.75	53.09
2.1397	0.018365	-0.003030	64556.75	52.86
2.1298	0.018331	-0.003109	64559.75	52.62
2.1205	0.018490	-0.002898	64562.75	52.39
2.1107	0.018450	-0.002948	64565.75	52.15
2.1019	0.018356	-0.002866	64568.75	51.94
2.0899	0.018296	-0.002907	64571.75	51.65
2.0833	0.018410	-0.003029	64574.75	51.49
2.0729	0.018374	-0.002872	64577.75	51.24
2.0609	0.018628	-0.002806	64580.75	50.95
2.0505	0.018530	-0.002710	64583.75	50.70
2.0434	0.018430	-0.002793	64586.75	50.53
2.0330	0.018549	-0.002946	64589.75	50.27
2.0254	0.018429	-0.002947	64592.75	50.09
2.0199	0.018183	-0.003054	64595.75	49.96
2.0100	0.018306	-0.002937	64598.75	49.72
1.9969	0.018259	-0.003108	64601.75	49.40
1.9980	0.018439	-0.002994	64604.75	49.43
1.9893	0.018374	-0.002929	64607.75	49.21
1.9800	0.018347	-0.003071	64610.75	48.99
1.9739	0.018351	-0.002881	64613.75	48.84
1.9635	0.018240	-0.002854	64616.75	48.59
1.9559	0.018372	-0.002738	64619.75	48.40
1.9444	0.018422	-0.002867	64622.75	48.13
1.9329	0.018223	-0.002920	64625.75	47.85
1.9198	0.018155	-0.002705	64628.75	47.53
1.9072	0.018146	-0.002872	64631.75	47.22
1.8990	0.018155	-0.002907	64634.75	47.02
1.8941	0.018315	-0.002712	64637.75	46.90
1.8804	0.018222	-0.002835	64640.75	46.57
1.8777	0.018243	-0.003030	64643.75	46.51
1.8667	0.018198	-0.002894	64646.75	46.24
1.8563	0.018366	-0.002838	64649.75	45.99
1.8520	0.018257	-0.002880	64652.75	45.88
1.8465	0.018361	-0.002714	64655.75	45.75
1.8372	0.018186	-0.002885	64658.75	45.52
1.8279	0.018199	-0.002873	64661.75	45.30
1.8268	0.018141	-0.002934	64664.75	45.27
1.8213	0.018057	-0.002917	64667.75	45.14
1.8115	0.018078	-0.002943	64670.75	44.90
1.8082	0.018043	-0.003078	64673.75	44.82
1.8016	0.018087	-0.002764	64676.75	44.66
1.7902	0.018129	-0.002727	64679.75	44.38
1.7770	0.018374	-0.002889	64682.75	44.06
1.7677	0.018309	-0.002642	64685.75	43.83
1.7573	0.018162	-0.002712	64688.75	43.58
1.7464	0.018387	-0.002735	64691.75	43.31
1.7316	0.018138	-0.003064	64694.75	42.95
1.7316	0.017995	-0.002861	64697.75	42.95
1.7256	0.018248	-0.002736	64700.75	42.81
1.7141	0.018141	-0.002770	64703.75	42.53
1.7037	0.018020	-0.002813	64706.75	42.27
1.7043	0.017973	-0.002927	64709.75	42.29
1.6972	0.018098	-0.002648	64712.75	42.11
1.6852	0.018306	-0.002761	64715.75	41.82
1.6791	0.018025	-0.002975	64718.75	41.67
1.6797	0.017952	-0.002806	64721.75	41.69
1.6715	0.017964	-0.002706	64724.75	41.49
1.6573	0.018011	-0.002677	64727.75	41.14
1.6573	0.017885	-0.002888	64730.75	41.14
1.6540	0.018143	-0.002601	64733.75	41.06
1.6447	0.017938	-0.002793	64736.75	40.83
1.6321	0.017980	-0.002694	64739.75	40.52
1.6201	0.018014	-0.002733	64742.75	40.23
1.6064	0.018022	-0.002854	64745.75	39.90
1.5971	0.018087	-0.002610	64748.75	39.67
1.5823	0.018143	-0.002660	64751.75	39.31
1.5818	0.017941	-0.002710	64754.75	39.30
1.5752	0.018279	-0.002819	64757.75	39.14
1.5648	0.018255	-0.002917	64760.75	38.88
1.5550	0.017939	-0.002812	64763.75	38.64
1.5544	0.018011	-0.002789	64766.75	38.63
1.5479	0.017942	-0.002794	64769.75	38.47
1.5320	0.018077	-0.002468	64772.75	38.08
1.5298	0.017877	-0.002875	64775.75	38.03
1.5293	0.017935	-0.002869	64778.75	38.01
1.5211	0.018086	-0.002509	64781.75	37.81
1.5134	0.017937	-0.002885	64784.75	37.62
1.5107	0.017967	-0.002780	64787.75	37.56
1.5052	0.017874	-0.002884	64790.75	37.42
1.4970	0.017905	-0.002513	64793.75	37.22
1.4855	0.017975	-0.002675	64796.75	36.94
1.4735	0.018133	-0.002670	64799.75	36.65
1.4593	0.017700	-0.002884	64802.75	36.30
1.4489	0.017926	-0.002741	64805.75	36.04
1.4401	0.017873	-0.002693	64808.75	35.83
1.4336	0.017887	-0.003060	64811.75	35.67
1.4292	0.017843	-0.002659	64814.75	35.56
1.4226	0.017783	-0.002895	64817.75	35.40
1.4073	0.017888	-0.002781	64820.75	35.02
1.4073	0.017641	-0.002732	64823.75	35.02
1.4007	0.017814	-0.003011	64826.75	34.86
1.3903	0.018062	-0.002898	64829.75	34.61
1.3827	0.017579	-0.002920	64832.75	34.42
1.3805	0.017754	-0.002686	64835.75	34.37
1.3756	0.017764	-0.002745	64838.75	34.24
1.3619	0.017803	-0.002983	64841.75	33.91
1.3614	0.017542	-0.002977	64844.75	33.90
1.3592	0.017889	-0.002720	64847.75	33.84
1.3510	0.017631	-0.003028	64850.75	33.64
1.3378	0.017545	-0.002900	64853.75	33.32
1.3291	0.017737	-0.002675	64856.75	33.10
1.3121	0.017539	-0.002998	64859.75	32.69
1.3121	0.017620	-0.002858	64862.75	32.69
1.3050	0.017814	-0.002778	64865.75	32.51
1.2957	0.017887	-0.002522	64868.75	32.28
1.2793	0.017720	-0.002797	64871.75	31.88
1.2777	0.017552	-0.002829	64874.75	31.84
1.2689	0.017743	-0.002759	64877.75	31.62
1.2591	0.017693	-0.002669	64880.75	31.38
1.2481	0.017498	-0.002990	64883.75	31.11
1.2498	0.017403	-0.002988	64886.75	31.15
1.2405	0.017804	-0.002602	64889.75	30.92
1.2295	0.017570	-0.002817	64892.75	30.65
1.2295	0.017448	-0.003076	64895.75	30.65
1.2263	0.017598	-0.002892	64898.75	30.57
1.2175	0.017604	-0.002610	64901.75	30.36
1.2038	0.017651	-0.003017	64904.75	30.02
1.2077	0.017301	-0.003097	64907.75	30.11
1.2006	0.017577	-0.002800	64910.75	29.94
1.1923	0.017549	-0.002611	64913.75	29.74
1.1770	0.017601	-0.002711	64916.75	29.36
1.1661	0.017502	-0.002840	64919.75	29.09
1.1655	0.017394	-0.002734	64922.75	29.08
1.1524	0.017529	-0.002656	64925.86	28.75
1.1382	0.017482	-0.002629	64928.86	28.40
1.1316	0.017250	-0.002924	64931.86	28.24
1.1267	0.017479	-0.002800	64934.86	28.12
1.1196	0.017507	-0.002692	64937.86	27.94
1.1070	0.017262	-0.002869	64940.86	27.63
1.1125	0.017295	-0.002812	64943.86	27.77
1.0972	0.017506	-0.002739	64946.86	27.39
1.0862	0.017624	-0.002992	64949.86	27.12
1.0857	0.017333	-0.002977	64952.86	27.10
1.0835	0.017252	-0.002888	64955.86	27.05
1.0731	0.017174	-0.002763	64958.86	26.79
1.0627	0.017588	-0.002998	64961.86	26.54
1.0638	0.017278	-0.002865	64964.86	26.56
1.0589	0.017488	-0.002808	64967.86	26.44
1.0485	0.017482	-0.002789	64970.86	26.18
1.0370	0.017519	-0.002678	64973.86	25.90
1.0288	0.017603	-0.002602	64976.86	25.70
1.0151	0.017424	-0.002777	64979.86	25.36
1.0135	0.017221	-0.002987	64982.86	25.32
1.0031	0.017444	-0.002642	64985.86	25.06
0.9922	0.017605	-0.002788	64988.86	24.79
0.9861	0.017401	-0.003158	64991.86	24.64
0.9861	0.017192	-0.002884	64994.86	24.64
0.9752	0.017360	-0.002634	64997.86	24.37
0.9632	0.017417	-0.002982	65000.86	24.07
0.9599	0.017142	-0.002925	65003.86	23.99
0.9561	0.017320	-0.002730	65006.86	23.89
0.9446	0.017552	-0.002829	65009.86	23.61
0.9320	0.017292	-0.003050	65012.86	23.30
0.9326	0.017219	-0.002906	65015.86	23.31
0.9249	0.017445	-0.002656	65018.86	23.12
0.9156	0.017642	-0.002496	65021.86	22.89
0.9140	0.017313	-0.003025	65024.86	22.85
0.9129	0.017005	-0.002935	65027.86	22.82
0.9008	0.017374	-0.002974	65030.86	22.52
0.8888	0.017206	-0.002785	65033.86	22.23
0.8817	0.017272	-0.003007	65036.86	22.05
0.8686	0.017304	-0.002882	65039.86	21.72
0.8625	0.017071	-0.002925	65042.86	21.57
0.8571	0.017170	-0.002798	65045.86	21.44
0.8489	0.017054	-0.002735	65048.86	21.23
0.8357	0.016898	-0.003034	65051.86	20.91
0.8341	0.017078	-0.002914	65054.86	20.87
0.8253	0.017265	-0.002840	65057.86	20.65
0.8171	0.017113	-0.002848	65060.86	20.45
0.8073	0.017140	-0.002970	65063.86	20.20
0.8068	0.017207	-0.002983	65066.86	20.19
0.7947	0.017174	-0.002627	65069.86	19.89
0.7893	0.017157	-0.002753	65072.86	19.75
0.7860	0.016958	-0.003158	65075.86	19.67
0.7821	0.017131	-0.002790	65078.86	19.57
0.7712	0.017195	-0.002817	65081.86	19.30
0.7597	0.016853	-0.003061	65084.86	19.02
0.7646	0.016955	-0.002849	65087.86	19.14
0.7548	0.017006	-0.002630	65090.86	18.89
0.7460	0.016912	-0.003075	65093.86	18.68
0.7389	0.016841	-0.003197	65096.86	18.50
0.7285	0.016829	-0.003185	65099.86	18.24
0.7225	0.016969	-0.002828	65102.86	18.09
0.7154	0.017253	-0.002957	65105.86	17.91
0.7039	0.016911	-0.002882	65108.86	17.63
0.7017	0.016754	-0.003093	65111.86	17.57
0.6913	0.016939	-0.002881	65114.86	17.31
0.6837	0.016915	-0.002957	65117.86	17.12
0.6749	0.016651	-0.002994	65120.86	16.90
0.6738	0.016940	-0.002659	65123.86	16.88
0.6634	0.017206	-0.002949	65126.86	16.62
0.6498	0.016969	-0.002802	65129.86	16.28
0.6476	0.016548	-0.003131	65132.86	16.22
0.6421	0.017209	-0.002843	65135.86	16.09
0.6366	0.016788	-0.002885	65138.86	15.95
0.6246	0.016695	-0.003119	65141.86	15.65
0.6230	0.016726	-0.003012	65144.86	15.61
0.6159	0.016743	-0.002902	65147.86	15.43
0.6093	0.017012	-0.002893	65150.86	15.27
0.5989	0.016809	-0.003096	65153.86	15.01
0.5885	0.016967	-0.002888	65156.86	14.75
0.5820	0.016639	-0.003109	65159.86	14.58
0.5721	0.016479	-0.003217	65162.86	14.34
0.5639	0.016841	-0.003072	65165.86	14.13
0.5579	0.016805	-0.003204	65168.86	13.98
0.5442	0.017000	-0.003181	65171.86	13.64
0.5431	0.016644	-0.003144	65174.86	13.61
0.5338	0.016790	-0.002827	65177.86	13.38
0.5284	0.016804	-0.002777	65180.86	13.24
0.5245	0.016451	-0.003197	65183.86	13.15
0.5218	0.016734	-0.003114	65186.86	13.08
0.5114	0.016882	-0.002974	65189.86	12.82
0.5021	0.016793	-0.003103	65192.86	12.59
0.5065	0.016643	-0.003292	65195.86	12.70
0.4977	0.016903	-0.003181	65198.86	12.48
0.4944	0.016540	-0.003113	65201.86	12.40
0.4868	0.016540	-0.003264	65204.86	12.20
0.4895	0.016659	-0.003120	65207.86	12.27
0.4791	0.016920	-0.003071	65210.86	12.01
0.4693	0.016778	-0.003147	65213.86	11.77
0.4594	0.016903	-0.003142	65216.86	11.52
0.4534	0.016857	-0.003287	65219.86	11.37
0.4518	0.016429	-0.003141	65222.86	11.33
0.4447	0.016927	-0.003301	65225.86	11.15
0.4343	0.016597	-0.003178	65228.86	10.89
0.4332	0.016696	-0.003219	65231.86	10.86
0.4283	0.016911	-0.003143	65234.86	10.74
0.4250	0.016859	-0.003076	65237.86	10.66
0.4146	0.017050	-0.003178	65240.86	10.40
0.4119	0.016743	-0.003371	65243.86	10.33
0.4086	0.016670	-0.003342	65246.86	10.25
0.4004	0.016993	-0.002973	65249.86	10.04
0.3960	0.017058	-0.003343	65252.86	9.93
0.3862	0.016937	-0.003271	65255.86	9.69
0.3856	0.016926	-0.003082	65258.86	9.67
0.3785	0.017078	-0.003226	65261.86	9.49
0.3741	0.016884	-0.003302	65264.86	9.38
0.3681	0.016847	-0.003490	65267.86	9.23
0.3708	0.017061	-0.003183	65270.86	9.30
0.3610	0.017375	-0.002998	65273.86	9.05
0.3577	0.016901	-0.003547	65276.86	8.97
0.3501	0.017214	-0.003470	65279.86	8.78
0.3397	0.016943	-0.003634	65282.86	8.52
0.3320	0.017104	-0.003364	65285.86	8.33
0.3189	0.017077	-0.003688	65288.86	8.00
0.3189	0.017079	-0.003809	65291.86	8.00
0.3107	0.017366	-0.003538	65294.86	7.79
0.3030	0.017203	-0.003674	65297.86	7.60
0.2970	0.017093	-0.003909	65300.86	7.45
0.2959	0.017275	-0.003867	65303.86	7.42
0.2861	0.017258	-0.003806	65306.86	7.18
0.2779	0.017207	-0.003856	65309.86	6.97
0.2746	0.017117	-0.004004	65312.86	6.89
0.2707	0.017327	-0.003729	65315.86	6.79
0.2604	0.017291	-0.003709	65318.86	6.53
0.2560	0.017122	-0.003965	65321.86	6.42
0.2560	0.017261	-0.004003	65324.86	6.42
0.2461	0.017536	-0.003912	65327.86	6.18
0.2390	0.017580	-0.004000	65330.86	6.00
0.2308	0.017267	-0.003914	65333.86	5.79
0.2232	0.017509	-0.004019	65336.86	5.60
0.2139	0.017349	-0.004220	65339.86	5.37
0.2073	0.017291	-0.004356	65342.86	5.20
0.1991	0.017465	-0.003958	65345.86	5.00
0.1953	0.017741	-0.004234	65348.86	4.90
0.1838	0.017222	-0.004418	65351.86	4.61
0.1799	0.017483	-0.004366	65354.86	4.51
0.1723	0.017511	-0.004086	65357.86	4.32
0.1624	0.017517	-0.004533	65360.86	4.08
0.1532	0.017600	-0.004429	65363.86	3.84
0.1504	0.017471	-0.004383	65366.86	3.77
0.1395	0.017731	-0.004278	65369.86	3.50
0.1346	0.017724	-0.004422	65372.86	3.38
0.1220	0.017563	-0.004684	65375.86	3.06
0.1214	0.017788	-0.004243	65378.86	3.05
0.1083	0.017598	-0.004553	65381.86	2.72
0.1012	0.017728	-0.004630	65384.86	2.54
0.0957	0.017511	-0.004414	65387.86	2.40
0.0930	0.017821	-0.004348	65390.86	2.33
0.0793	0.017820	-0.004606	65393.86	1.99
0.0766	0.017506	-0.004454	65396.86	1.92
0.0602	0.017557	-0.004400	65399.86	1.51
0.0520	0.017646	-0.004481	65402.86	1.30
0.0432	0.017827	-0.004531	65405.86	1.08
0.0383	0.017655	-0.004601	65408.86	0.96
0.0312	0.017843	-0.004777	65411.86	0.78
0.0235	0.017681	-0.004755	65414.86	0.59
0.0109	0.018006	-0.004601	65417.86	0.27
0.0038	0.017707	-0.004871	65420.86	0.10
-0.0120	0.017569	-0.004824	65423.86	-0.30
-0.0142	0.017752	-0.004630	65426.86	-0.36
-0.0268	0.017867	-0.004525	65429.86	-0.68
-0.0356	0.017794	-0.004763	65432.86	-0.90
-0.0443	0.018113	-0.004656	65435.86	-1.12
-0.0454	0.018107	-0.004490	65438.86	-1.15
-0.0585	0.018129	-0.004756	65441.86	-1.48
-0.0717	0.018018	-0.004791	65444.86	-1.81
-0.0695	0.018141	-0.004602	65447.86	-1.75
-0.0804	0.018296	-0.004282	65450.86	-2.03
-0.0837	0.018202	-0.004417	65453.86	-2.11
-0.0957	0.018089	-0.004584	65456.86	-2.42
-0.1045	0.017945	-0.004640	65459.86	-2.64
-0.1192	0.017819	-0.004593	65462.86	-3.02
-0.1285	0.017930	-0.004760	65465.86	-3.25
-0.1329	0.018088	-0.004722	65468.86	-3.36
-0.1417	0.018267	-0.004761	65471.86	-3.59
-0.1477	0.017972	-0.004850	65474.86	-3.74
-0.1553	0.018180	-0.004630	65477.86	-3.93
-0.1630	0.018302	-0.004676	65480.86	-4.13
-0.1767	0.018397	-0.004853	65483.86	-4.48
-0.1750	0.018288	-0.004950	65486.86	-4.44
-0.1838	0.018327	-0.004668	65489.86	-4.66
-0.1865	0.018140	-0.005062	65492.86	-4.73
-0.1996	0.018209	-0.004694	65495.86	-5.06
-0.2007	0.018253	-0.004701	65498.86	-5.09
-0.2068	0.018143	-0.004757	65501.86	-5.25
-0.2133	0.018184	-0.005121	65504.86	-5.41
-0.2232	0.017752	-0.004927	65507.86	-5.67
-0.2215	0.018125	-0.004791	65510.86	-5.62
-0.2314	0.018034	-0.004816	65513.86	-5.88
-0.2368	0.018172	-0.004899	65516.86	-6.02
-0.2461	0.018409	-0.004708	65519.86	-6.25
-0.2571	0.018020	-0.004944	65522.86	-6.53
-0.2642	0.018359	-0.004695	65525.86	-6.72
-0.2713	0.018332	-0.004616	65528.86	-6.90
-0.2784	0.018578	-0.004405	65531.86	-7.08
-0.2833	0.018450	-0.004546	65534.86	-7.21
-0.2937	0.018373	-0.004444	65537.86	-7.47
-0.2975	0.018512	-0.004577	65540.86	-7.57
-0.3057	0.018479	-0.004362	65543.86	-7.78
-0.3118	0.018437	-0.004587	65546.86	-7.94
-0.3178	0.018329	-0.004679	65549.86	-8.09
-0.3271	0.018397	-0.004442	65552.86	-8.33
-0.3342	0.018427	-0.004829	65555.86	-8.51
-0.3418	0.018444	-0.004580	65558.86	-8.71
-0.3413	0.018432	-0.004483	65561.86	-8.69
-0.3550	0.018860	-0.004559	65564.86	-9.05
-0.3583	0.018319	-0.004859	65567.86	-9.13
-0.3615	0.018325	-0.004364	65570.86	-9.22
-0.3615	0.018729	-0.004313	65573.86	-9.22
-0.3714	0.018540	-0.004409	65576.86	-9.47
-0.3774	0.018846	-0.004537	65579.86	-9.62
-0.3779	0.018472	-0.004785	65582.86	-9.64
-0.3796	0.018824	-0.004173	65585.86	-9.68
-0.3883	0.018490	-0.004370	65588.86	-9.91
-0.3911	0.018408	-0.004743	65591.86	-9.98
-0.4026	0.018341	-0.004722	65594.86	-10.27
-0.4075	0.018489	-0.004710	65597.86	-10.40
-0.4129	0.018440	-0.004789	65600.86	-10.54
-0.4195	0.018482	-0.004494	65603.86	-10.71
-0.4228	0.018315	-0.004655	65606.86	-10.79
-0.4228	0.018358	-0.004648	65609.86	-10.79
-0.4337	0.018242	-0.004648	65612.86	-11.08
-0.4425	0.018347	-0.004918	65615.86	-11.30
-0.4430	0.018413	-0.004390	65618.86	-11.32
-0.4501	0.018181	-0.004694	65621.86	-11.50
-0.4490	0.018456	-0.004595	65624.86	-11.47
-0.4578	0.018674	-0.004345	65627.86	-11.70
-0.4627	0.018306	-0.004999	65630.86	-11.82
-0.4687	0.018121	-0.004737	65633.86	-11.98
-0.4687	0.018268	-0.004819	65636.86	-11.98
-0.4780	0.018362	-0.004662	65639.86	-12.22
-0.4797	0.018073	-0.004984	65642.86	-12.26
-0.4851	0.018263	-0.004806	65645.86	-12.40
-0.4977	0.018453	-0.004467	65648.86	-12.73
-0.5048	0.018492	-0.004762	65651.86	-12.91
-0.5125	0.018327	-0.004609	65654.86	-13.11
-0.5207	0.018142	-0.004613	65657.86	-13.32
-0.5245	0.018286	-0.004596	65660.86	-13.42
-0.5289	0.018363	-0.004770	65663.86	-13.54
-0.5316	0.018552	-0.004693	65666.86	-13.61
-0.5393	0.018293	-0.004694	65669.86	-13.81
-0.5486	0.018396	-0.004727	65672.86	-14.05
-0.5590	0.018368	-0.005028	65675.86	-14.32
-0.5584	0.018257	-0.004645	65678.86	-14.30
-0.5705	0.018412	-0.004901	65681.86	-14.61
-0.5694	0.018357	-0.004673	65684.86	-14.59
-0.5688	0.018234	-0.004646	65687.86	-14.57
-0.5710	0.018095	-0.004839	65690.86	-14.63
-0.5787	0.018445	-0.004552	65693.86	-14.83
-0.5781	0.018153	-0.004914	65696.86	-14.81
-0.5863	0.018167	-0.004846	65699.86	-15.03
-0.5934	0.017853	-0.005004	65702.86	-15.21
-0.5989	0.017926	-0.004890	65705.86	-15.35
-0.5995	0.018009	-0.004892	65708.86	-15.37
-0.6011	0.018023	-0.004968	65711.86	-15.41
-0.6077	0.018000	-0.005073	65714.86	-15.58
-0.6115	0.017888	-0.004734	65717.86	-15.68
-0.6235	0.018334	-0.004735	65720.86	-15.99
-0.6323	0.018262	-0.004584	65723.86	-16.22
-0.6399	0.018207	-0.004578	65726.86	-16.42
-0.6481	0.018006	-0.004982	65729.86	-16.63
-0.6476	0.018016	-0.004826	65732.86	-16.62
-0.6514	0.018163	-0.004804	65735.86	-16.72
-0.6585	0.018102	-0.004608	65738.86	-16.90
-0.6673	0.018133	-0.004545	65741.86	-17.13
-0.6700	0.018256	-0.004699	65744.86	-17.20
-0.6717	0.018254	-0.004510	65747.86	-17.24
-0.6782	0.018266	-0.004438	65750.86	-17.42
-0.6837	0.018265	-0.004603	65753.86	-17.56
-0.6881	0.018304	-0.004611	65756.86	-17.67
-0.6886	0.018112	-0.004573	65759.86	-17.69
-0.6963	0.018437	-0.004512	65762.86	-17.89
-0.6979	0.018333	-0.004728	65765.86	-17.93
-0.7023	0.018209	-0.004375	65768.86	-18.04
-0.7034	0.018225	-0.004363	65771.86	-18.07
-0.7056	0.018507	-0.004246	65774.86	-18.13
-0.7072	0.018379	-0.004521	65777.86	-18.17
-0.7149	0.018240	-0.004623	65780.86	-18.37
-0.7138	0.018232	-0.004496	65783.86	-18.34
-0.7121	0.018269	-0.004494	65786.86	-18.30
-0.7209	0.018348	-0.004456	65789.86	-18.53
-0.7247	0.018333	-0.004469	65792.86	-18.63
-0.7198	0.018304	-0.004540	65795.86	-18.50
-0.7291	0.018532	-0.004273	65798.86	-18.74
-0.7356	0.018383	-0.004427	65801.86	-18.91
-0.7378	0.018212	-0.004714	65804.86	-18.97
-0.7362	0.018116	-0.004487	65807.86	-18.93
-0.7411	0.018399	-0.004271	65810.86	-19.06
-0.7460	0.018275	-0.004175	65813.86	-19.19
-0.7515	0.018425	-0.004554	65816.86	-19.33
-0.7477	0.018271	-0.004288	65819.86	-19.23
-0.7510	0.018399	-0.004260	65822.86	-19.31
-0.7575	0.018282	-0.004376	65825.86	-19.49
-0.7553	0.018363	-0.004345	65828.86	-19.43
-0.7526	0.018392	-0.003994	65831.86	-19.36
-0.7586	0.018489	-0.004256	65834.86	-19.51
-0.7614	0.018292	-0.004303	65837.86	-19.59
-0.7608	0.018342	-0.004313	65840.86	-19.57
-0.7603	0.018469	-0.004175	65843.86	-19.56
-0.7646	0.018404	-0.004260	65846.86	-19.67
-0.7707	0.018195	-0.004366	65849.86	-19.83
-0.7641	0.018259	-0.004294	65852.86	-19.66
-0.7707	0.018538	-0.004140	65855.86	-19.83
-0.7778	0.018391	-0.004087	65858.86	-20.01
-0.7657	0.018400	-0.004185	65861.86	-19.70
-0.7592	0.018691	-0.003900	65864.86	-19.53
-0.7526	0.018723	-0.004114	65867.86	-19.36
-0.7488	0.018833	-0.003923	65870.86	-19.26
-0.7422	0.018608	-0.003973	65873.86	-19.09
-0.7384	0.018735	-0.003998	65876.86	-18.99
-0.7307	0.018848	-0.003865	65879.86	-18.79
-0.7274	0.018880	-0.003711	65882.86	-18.70
-0.7231	0.018867	-0.003887	65885.86	-18.59
-0.7187	0.018897	-0.003732	65888.86	-18.47
-0.7121	0.018885	-0.003674	65891.86	-18.30
-0.7067	0.019225	-0.003709	65894.86	-18.16
-0.7045	0.018921	-0.003580	65897.86	-18.10
-0.6979	0.019027	-0.003718	65900.86	-17.93
-0.6902	0.019010	-0.003667	65903.86	-17.73
-0.6848	0.019108	-0.003674	65906.86	-17.59
-0.6820	0.019127	-0.003603	65909.86	-17.52
-0.6738	0.018982	-0.003611	65912.86	-17.30
-0.6700	0.019197	-0.003776	65915.86	-17.20
-0.6645	0.019087	-0.003691	65918.86	-17.06
-0.6602	0.019262	-0.003588	65921.86	-16.95
-0.6552	0.019139	-0.003598	65924.86	-16.82
-0.6498	0.019076	-0.003563	65927.86	-16.68
-0.6416	0.019134	-0.003693	65930.86	-16.46
-0.6383	0.019168	-0.003509	65933.86	-16.38
-0.6356	0.019371	-0.003542	65936.86	-16.31
-0.6284	0.019325	-0.003237	65939.86	-16.12
-0.6252	0.019175	-0.003548	65942.86	-16.03
-0.6202	0.019210	-0.003537	65945.86	-15.91
-0.6148	0.019211	-0.003474	65948.86	-15.76
-0.6115	0.019294	-0.003400	65951.86	-15.68
-0.6049	0.019359	-0.003444	65954.86	-15.51
-0.6044	0.019337	-0.003469	65957.86	-15.49
-0.5962	0.019394	-0.003442	65960.86	-15.28
-0.5967	0.019428	-0.003349	65963.86	-15.30
-0.5885	0.019553	-0.003464	65966.86	-15.08
-0.5858	0.019410	-0.003426	65969.86	-15.01
-0.5836	0.019176	-0.003559	65972.86	-14.95
-0.5798	0.019367	-0.003489	65975.86	-14.86
-0.5732	0.019353	-0.003454	65978.86	-14.69
-0.5683	0.019557	-0.003385	65981.86	-14.56
-0.5655	0.019646	-0.003640	65984.86	-14.49
-0.5617	0.019413	-0.003425	65987.86	-14.39
-0.5590	0.019143	-0.003484	65990.86	-14.32
-0.5552	0.019272	-0.003346	65993.86	-14.22
-0.5513	0.019451	-0.003214	65996.86	-14.12
-0.5508	0.019419	-0.003428	65999.86	-14.10
-0.5442	0.019465	-0.003302	66002.86	-13.93
-0.5431	0.019488	-0.003451	66005.86	-13.91
-0.5382	0.019333	-0.003495	66008.86	-13.78
-0.5371	0.019548	-0.003515	66011.86	-13.75
-0.5322	0.019403	-0.003472	66014.86	-13.62
-0.5316	0.019468	-0.003430	66017.86	-13.61
-0.5289	0.019527	-0.003428	66020.86	-13.54
-0.5240	0.019304	-0.003484	66023.86	-13.41
-0.5223	0.019349	-0.003506	66026.86	-13.37
-0.5207	0.019446	-0.003487	66029.86	-13.32
-0.5163	0.019242	-0.003576	66032.86	-13.21
-0.5119	0.019592	-0.003449	66035.86	-13.10
-0.5119	0.019498	-0.003369	66038.86	-13.10
-0.5076	0.019544	-0.003539	66041.86	-12.98
-0.5059	0.019511	-0.003535	66044.86	-12.94
-0.5021	0.019414	-0.003502	66047.86	-12.84
-0.5021	0.019235	-0.003589	66050.86	-12.84
-0.4972	0.019473	-0.003512	66053.86	-12.72
-0.4972	0.019660	-0.003491	66056.86	-12.72
-0.4923	0.019426	-0.003530	66059.86	-12.59
-0.4928	0.019476	-0.003454	66062.86	-12.60
-0.4879	0.019517	-0.003512	66065.86	-12.47
-0.4862	0.019380	-0.003443	66068.86	-12.43
-0.4857	0.019364	-0.003449	66071.86	-12.42
-0.4830	0.019323	-0.003445	66074.86	-12.35
-0.4813	0.019333	-0.003506	66077.86	-12.31
-0.4786	0.019425	-0.003537	66080.86	-12.23
-0.4764	0.019438	-0.003435	66083.86	-12.18
-0.4758	0.019334	-0.003534	66086.86	-12.16
-0.4737	0.019432	-0.003482	66089.86	-12.11
-0.4698	0.019428	-0.003565	66092.86	-12.01
-0.4687	0.019601	-0.003659	66095.86	-11.98
-0.4660	0.019349	-0.003567	66098.86	-11.91
-0.4660	0.019485	-0.003404	66101.86	-11.91
-0.4644	0.019552	-0.003494	66104.86	-11.87
-0.4611	0.019567	-0.003562	66107.86	-11.78
-0.4589	0.019579	-0.003416	66110.86	-11.73
-0.4573	0.019636	-0.003404	66113.86	-11.68
-0.4578	0.019393	-0.003539	66116.86	-11.70
-0.4556	0.019523	-0.003546	66119.86	-11.64
-0.4523	0.019540	-0.003400	66122.86	-11.56
-0.4523	0.019637	-0.003424	66125.86	-11.56
-0.4512	0.019442	-0.003510	66128.86	-11.53
-0.4490	0.019470	-0.003385	66131.86	-11.47
-0.4490	0.019415	-0.003555	66134.86	-11.47
-0.4469	0.019503	-0.003511	66137.86	-11.41
-0.4452	0.019634	-0.003343	66140.86	-11.37
-0.4430	0.019662	-0.003587	66143.86	-11.32
-0.4430	0.019576	-0.003368	66146.86	-11.32
-0.4419	0.019615	-0.003440	66149.86	-11.29
-0.4398	0.019424	-0.003327	66152.86	-11.23
-0.4387	0.019688	-0.003382	66155.86	-11.20
-0.4381	0.019798	-0.003398	66158.86	-11.19
-0.4370	0.019424	-0.003467	66161.86	-11.16
-0.4348	0.019401	-0.003414	66164.86	-11.10
-0.4326	0.019523	-0.003499	66167.86	-11.05
-0.4326	0.019368	-0.003569	66170.86	-11.05
-0.4299	0.019401	-0.003539	66173.86	-10.98
-0.4288	0.019505	-0.003615	66176.86	-10.95
-0.4266	0.019534	-0.003551	66179.86	-10.89
-0.4255	0.019574	-0.003692	66182.86	-10.86
-0.4277	0.019568	-0.003462	66185.86	-10.92
-0.4244	0.019471	-0.003503	66188.86	-10.84
-0.4233	0.019554	-0.003467	66191.86	-10.81
-0.4239	0.019541	-0.003444	66194.86	-10.82
-0.4217	0.019527	-0.003515	66197.86	-10.77
-0.4206	0.019521	-0.003618	66200.86	-10.74
-0.4195	0.019428	-0.003456	66203.86	-10.71
-0.4179	0.019578	-0.003529	66206.86	-10.67
-0.4179	0.019576	-0.003571	66209.86	-10.67
-0.4146	0.019735	-0.003416	66212.86	-10.58
-0.4129	0.019529	-0.003278	66215.86	-10.54
-0.4113	0.019641	-0.003271	66218.86	-10.50
-0.4108	0.019765	-0.003347	66221.86	-10.48
-0.4113	0.019662	-0.003344	66224.86	-10.50
-0.4091	0.019799	-0.003361	66227.86	-10.44
-0.4086	0.019535	-0.003269	66230.86	-10.43
-0.4069	0.019756	-0.003323	66233.86	-10.38
-0.4053	0.019628	-0.003480	66236.86	-10.34
-0.4037	0.019689	-0.003342	66239.86	-10.30
-0.4009	0.019783	-0.003303	66242.86	-10.23
-0.4037	0.019691	-0.003385	66245.86	-10.30
-0.4020	0.019678	-0.003373	66248.86	-10.26
-0.4015	0.019659	-0.003292	66251.86	-10.24
-0.4020	0.019719	-0.003426	66254.86	-10.26
-0.3993	0.019768	-0.003214	66257.86	-10.19
-0.3976	0.019549	-0.003298	66260.86	-10.15
-0.3987	0.019754	-0.003467	66263.86	-10.17
-0.3960	0.019644	-0.003479	66266.86	-10.10
-0.3949	0.019496	-0.003559	66269.86	-10.07
-0.3944	0.019532	-0.003559	66272.86	-10.06
-0.3911	0.019795	-0.003555	66275.86	-9.98
-0.3927	0.019642	-0.003584	66278.86	-10.02
-0.3916	0.019587	-0.003528	66281.86	-9.99
-0.3916	0.019600	-0.003528	66284.86	-9.99
-0.3883	0.019778	-0.003740	66287.86	-9.91
-0.3889	0.019584	-0.003294	66290.86	-9.92
-0.3862	0.019702	-0.003549	66293.86	-9.85
-0.3862	0.019717	-0.003558	66296.86	-9.85
-0.3851	0.019535	-0.003532	66299.86	-9.82
-0.3856	0.019637	-0.003597	66302.86	-9.84
-0.3812	0.019543	-0.003626	66305.86	-9.72
-0.3801	0.019566	-0.003466	66308.86	-9.69
-0.3758	0.019724	-0.003530	66311.86	-9.58
-0.3736	0.019872	-0.003311	66314.86	-9.53
-0.3692	0.019902	-0.003389	66317.86	-9.41
-0.3659	0.019715	-0.003371	66320.86	-9.33
-0.3648	0.019782	-0.003395	66323.86	-9.30
-0.3599	0.019827	-0.003293	66326.86	-9.17
-0.3566	0.019853	-0.003298	66329.86	-9.09
-0.3555	0.019792	-0.003345	66332.86	-9.06
-0.3528	0.019965	-0.003252	66335.86	-8.99
-0.3495	0.019848	-0.003331	66338.86	-8.91
-0.3462	0.019873	-0.003303	66341.86	-8.82
-0.3446	0.019749	-0.003420	66344.86	-8.78
-0.3418	0.019969	-0.003458	66347.86	-8.71
-0.3402	0.019664	-0.003409	66350.86	-8.67
-0.3391	0.019770	-0.003304	66353.86	-8.64
-0.3364	0.019771	-0.003442	66356.86	-8.57
-0.3347	0.019784	-0.003266	66359.86	-8.53
-0.3304	0.019740	-0.003423	66362.86	-8.41
-0.3309	0.019876	-0.003379	66365.86	-8.43
-0.3287	0.019790	-0.003232	66368.86	-8.37
-0.3271	0.019804	-0.003410	66371.86	-8.33
-0.3254	0.019807	-0.003377	66374.86	-8.29
-0.3216	0.019892	-0.003399	66377.86	-8.19
-0.3211	0.019677	-0.003400	66380.86	-8.17
-0.3189	0.019841	-0.003343	66383.86	-8.12
-0.3145	0.019823	-0.003539	66386.86	-8.01
-0.3118	0.019686	-0.003430	66389.86	-7.94
-0.3090	0.019773	-0.003481	66392.86	-7.87
-0.3041	0.019830	-0.003426	66395.86	-7.74
-0.2986	0.019677	-0.003430	66398.86	-7.60
-0.2948	0.019784	-0.003508	66401.86	-7.50
-0.2882	0.020013	-0.003326	66404.86	-7.33
-0.2833	0.019967	-0.003298	66407.86	-7.21
-0.2768	0.020004	-0.003159	66410.86	-7.04
-0.2702	0.019702	-0.003464	66413.86	-6.87
-0.2658	0.019839	-0.003364	66416.86	-6.76
-0.2587	0.019889	-0.003399	66419.86	-6.58
-0.2532	0.019882	-0.003325	66422.88	-6.44
-0.2450	0.019907	-0.003330	66425.88	-6.23
-0.2374	0.019949	-0.003342	66428.88	-6.03
-0.2297	0.019750	-0.003441	66431.88	-5.83
-0.2215	0.020233	-0.003545	66434.88	-5.62
-0.2139	0.020270	-0.003458	66437.88	-5.43
-0.2040	0.020089	-0.003097	66440.88	-5.18
-0.1974	0.020008	-0.003157	66443.88	-5.01
-0.1882	0.020068	-0.003197	66446.88	-4.77
-0.1799	0.020111	-0.003204	66449.88	-4.56
-0.1728	0.019971	-0.003228	66452.88	-4.38
-0.1657	0.020138	-0.003275	66455.88	-4.20
-0.1592	0.020221	-0.003062	66458.88	-4.03
-0.1499	0.020376	-0.003069	66461.88	-3.80
-0.1428	0.020336	-0.003137	66464.88	-3.61
-0.1389	0.020213	-0.003049	66467.88	-3.52
-0.1340	0.020470	-0.003157	66470.88	-3.39
-0.1302	0.020207	-0.003097	66473.88	-3.29
-0.1203	0.020227	-0.003282	66476.88	-3.04
-0.1154	0.020363	-0.003115	66479.88	-2.92
-0.1078	0.020469	-0.003196	66482.88	-2.72
-0.0985	0.020189	-0.003085	66485.88	-2.49
-0.0924	0.020161	-0.003131	66488.88	-2.34
-0.0870	0.020230	-0.003266	66491.88	-2.20
-0.0766	0.020083	-0.003145	66494.88	-1.93
-0.0727	0.020489	-0.003036	66497.88	-1.84
-0.0684	0.020376	-0.003177	66500.88	-1.73
-0.0613	0.020401	-0.002851	66503.88	-1.55
-0.0558	0.020340	-0.003077	66506.88	-1.41
-0.0509	0.020615	-0.003179	66509.88	-1.28
-0.0394	0.020566	-0.002965	66512.88	-0.99
-0.0361	0.020554	-0.003178	66515.88	-0.91
-0.0323	0.020367	-0.002951	66518.88	-0.81
-0.0252	0.020553	-0.002982	66521.88	-0.63
-0.0197	0.020537	-0.002986	66524.88	-0.50
-0.0159	0.020504	-0.002942	66527.88	-0.40
-0.0093	0.020340	-0.003069	66530.88	-0.23
-0.0098	0.020257	-0.003253	66533.88	-0.25
-0.0011	0.020193	-0.003209	66536.88	-0.03
0.0005	0.020215	-0.003389	66539.88	0.01
0.0071	0.020242	-0.003168	66542.88	0.18
0.0137	0.020247	-0.003224	66545.88	0.34
0.0175	0.020214	-0.003128	66548.88	0.44
0.0224	0.020077	-0.003381	66551.88	0.56
0.0301	0.020590	-0.002906	66554.88	0.75
0.0361	0.020586	-0.002966	66557.88	0.91
0.0427	0.020365	-0.003230	66560.88	1.07
0.0498	0.020552	-0.003023	66563.88	1.25
0.0541	0.020341	-0.002970	66566.88	1.36
0.0613	0.020537	-0.003354	66569.88	1.54
0.0662	0.020567	-0.003124	66572.88	1.66
0.0717	0.020338	-0.002976	66575.88	1.80
0.0782	0.020595	-0.002844	66578.88	1.96
0.0837	0.020204	-0.003114	66581.88	2.10
0.0870	0.020510	-0.002980	66584.88	2.18
0.0930	0.020418	-0.002898	66587.88	2.33
0.0985	0.020527	-0.003012	66590.88	2.47
0.1017	0.020464	-0.003302	66593.88	2.55
0.1072	0.020247	-0.003306	66596.88	2.69
0.1105	0.020354	-0.003211	66599.88	2.77
0.1127	0.020409	-0.003159	66602.88	2.83
0.1192	0.020617	-0.002974	66605.88	2.99
0.1253	0.020336	-0.003184	66608.88	3.14
0.1324	0.020477	-0.002907	66611.88	3.32
0.1351	0.020605	-0.002966	66614.88	3.39
0.1438	0.020643	-0.003044	66617.88	3.61
0.1482	0.020388	-0.003193	66620.88	3.72
0.1531	0.020551	-0.003162	66623.88	3.84
0.1608	0.020474	-0.003118	66626.88	4.03
0.1663	0.020440	-0.003238	66629.88	4.17
0.1717	0.020410	-0.003083	66632.88	4.31
0.1772	0.020381	-0.003166	66635.88	4.45
0.1805	0.020308	-0.003268	66638.88	4.53
0.1865	0.020409	-0.003022	66641.88	4.68
0.1914	0.020437	-0.003103	66644.88	4.80
0.1931	0.020498	-0.003208	66647.88	4.84
0.1953	0.020394	-0.003144	66650.88	4.90
0.1991	0.020367	-0.003144	66653.88	5.00
0.2024	0.020589	-0.003204	66656.88	5.08
0.2078	0.020393	-0.003051	66659.88	5.21
0.2139	0.020579	-0.002858	66662.88	5.37
0.2166	0.020333	-0.003166	66665.88	5.43
0.2242	0.020390	-0.003236	66668.88	5.63
0.2308	0.020620	-0.003182	66671.88	5.79
0.2363	0.020693	-0.003137	66674.88	5.93
0.2434	0.020469	-0.002995	66677.88	6.11
0.2511	0.020572	-0.003051	66680.88	6.30
0.2554	0.020879	-0.002920	66683.88	6.41
0.2625	0.020877	-0.002865	66686.88	6.59
0.2669	0.020501	-0.002910	66689.88	6.70
0.2707	0.020724	-0.002835	66692.88	6.79
0.2817	0.020602	-0.002842	66695.88	7.07
0.2855	0.020696	-0.002946	66698.88	7.16
0.2910	0.020813	-0.002859	66701.88	7.30
0.2975	0.020685	-0.003077	66704.88	7.46
0.2997	0.020596	-0.002910	66707.88	7.52
0.3052	0.020611	-0.003086	66710.88	7.66
0.3085	0.020637	-0.002983	66713.88	7.74
0.3134	0.020268	-0.003197	66716.88	7.86
0.3183	0.020537	-0.003186	66719.88	7.99
0.3243	0.020603	-0.002909	66722.88	8.14
0.3271	0.020534	-0.002871	66725.88	8.20
0.3325	0.020559	-0.002798	66728.88	8.34
0.3380	0.020644	-0.002884	66731.88	8.48
0.3446	0.020839	-0.003120	66734.88	8.64
0.3506	0.020617	-0.002961	66737.88	8.79
0.3583	0.020730	-0.002724	66740.88	8.99
0.3632	0.020616	-0.002767	66743.88	9.11
0.3681	0.020566	-0.002974	66746.88	9.23
0.3752	0.020759	-0.002990	66749.88	9.41
0.3829	0.020698	-0.002718	66752.88	9.60
0.3856	0.020717	-0.002950	66755.88	9.67
0.3949	0.020662	-0.002944	66758.88	9.90
0.4004	0.020578	-0.002873	66761.88	10.04
0.4042	0.020652	-0.002892	66764.88	10.14
0.4086	0.020530	-0.002856	66767.88	10.25
0.4124	0.020625	-0.002861	66770.88	10.34
0.4151	0.020530	-0.002780	66773.88	10.41
0.4217	0.020314	-0.002973	66776.88	10.58
0.4255	0.020423	-0.003104	66779.88	10.67
0.4321	0.020522	-0.003018	66782.88	10.84
0.4387	0.020647	-0.002802	66785.88	11.00
0.4430	0.020558	-0.002815	66788.88	11.11
0.4490	0.020379	-0.002947	66791.88	11.26
0.4534	0.020733	-0.003118	66794.88	11.37
0.4594	0.020690	-0.002592	66797.88	11.52
0.4638	0.020690	-0.002799	66800.88	11.63
0.4704	0.020797	-0.002815	66803.88	11.79
0.4769	0.020653	-0.002699	66806.88	11.96
0.4830	0.020805	-0.002611	66809.88	12.11
0.4895	0.020573	-0.002429	66812.88	12.27
0.4944	0.020670	-0.002779	66815.88	12.40
0.4999	0.020870	-0.002442	66818.88	12.53
0.5076	0.020906	-0.002565	66821.88	12.72
0.5103	0.020636	-0.002650	66824.88	12.79
0.5152	0.020720	-0.002686	66827.88	12.92
0.5196	0.020676	-0.002773	66830.88	13.03
0.5262	0.020317	-0.002572	66833.88	13.19
0.5278	0.020263	-0.002777	66836.88	13.23
0.5349	0.020295	-0.002793	66839.88	13.41
0.5387	0.020119	-0.002775	66842.88	13.50
0.5431	0.020522	-0.002696	66845.88	13.61
0.5502	0.020248	-0.002646	66848.88	13.79
0.5568	0.020295	-0.002583	66851.88	13.95
0.5639	0.020352	-0.002466	66854.88	14.13
0.5694	0.020520	-0.002548	66857.88	14.27
0.5759	0.020414	-0.002648	66860.88	14.43
0.5814	0.020643	-0.002570	66863.88	14.57
0.5863	0.020301	-0.002614	66866.88	14.69
0.5940	0.020487	-0.002373	66869.88	14.88
0.5973	0.020370	-0.002542	66872.88	14.97
0.6038	0.020497	-0.002223	66875.88	15.13
0.6093	0.020442	-0.002246	66878.88	15.27
0.6153	0.020558	-0.002352	66881.88	15.42
0.6191	0.020504	-0.002386	66884.88	15.51
0.6263	0.020220	-0.002410	66887.88	15.69
0.6295	0.020256	-0.002618	66890.88	15.77
0.6361	0.020111	-0.002491	66893.88	15.94
0.6394	0.020020	-0.002676	66896.88	16.02
0.6454	0.019859	-0.002607	66899.88	16.17
0.6498	0.019821	-0.002529	66902.88	16.28
0.6569	0.019948	-0.002571	66905.88	16.45
0.6629	0.019956	-0.002487	66908.88	16.60
0.6673	0.019751	-0.002344	66911.88	16.71
0.6733	0.019972	-0.002416	66914.88	16.86
0.6815	0.019544	-0.002452	66917.88	17.07
0.6864	0.020008	-0.002163	66920.88	17.19
0.6913	0.019605	-0.001891	66923.88	17.31
0.6963	0.019848	-0.002093	66926.88	17.44
0.7056	0.020099	-0.002239	66929.88	17.67
0.7083	0.019963	-0.002100	66932.88	17.74
0.7143	0.020043	-0.002167	66935.88	17.89
0.7198	0.019891	-0.001860	66938.88	18.02
0.7274	0.020028	-0.001941	66941.88	18.21
0.7313	0.019967	-0.002018	66944.88	18.31
0.7356	0.019670	-0.002013	66947.88	18.42
0.7411	0.019738	-0.001779	66950.88	18.55
0.7482	0.019747	-0.002060	66953.88	18.73
0.7537	0.019720	-0.002021	66956.88	18.87
0.7581	0.019597	-0.002137	66959.88	18.98
0.7635	0.019664	-0.001967	66962.88	19.11
0.7674	0.019683	-0.001798	66965.88	19.21
0.7734	0.019527	-0.001733	66968.88	19.36
0.7805	0.019562	-0.001684	66971.88	19.53
0.7876	0.019640	-0.001490	66974.88	19.71
0.7947	0.019630	-0.001511	66977.88	19.89
0.8007	0.019623	-0.001616	66980.88	20.04
0.8106	0.019363	-0.001153	66983.88	20.28
0.8193	0.019957	-0.001559	66986.88	20.50
0.8253	0.019529	-0.001489	66989.88	20.65
0.8308	0.019700	-0.001369	66992.88	20.79
0.8374	0.019723	-0.001125	66995.88	20.95
0.8428	0.020001	-0.001031	66998.88	21.08
0.8511	0.020110	-0.001306	67001.88	21.29
0.8549	0.019539	-0.001668	67004.88	21.38
0.8620	0.019769	-0.001145	67007.88	21.56
0.8696	0.019631	-0.001424	67010.88	21.75
0.8768	0.019413	-0.001430	67013.88	21.93
0.8817	0.019131	-0.001516	67016.88	22.05
0.8893	0.018933	-0.001613	67019.88	22.24
0.8932	0.019048	-0.001602	67022.88	22.33
0.9030	0.019109	-0.001408	67025.88	22.58
0.9074	0.019039	-0.001575	67028.88	22.69
0.9178	0.019375	-0.001481	67031.88	22.95
0.9249	0.018977	-0.001441	67034.88	23.12
0.9336	0.019048	-0.001563	67037.88	23.34
0.9451	0.019143	-0.001336	67040.88	23.62
0.9517	0.019119	-0.001065	67043.88	23.79
0.9566	0.019166	-0.001097	67046.88	23.91
0.9676	0.019107	-0.001110	67049.88	24.18
0.9725	0.019276	-0.001180	67052.88	24.30
0.9801	0.019207	-0.000845	67055.88	24.49
0.9883	0.019250	-0.000989	67058.88	24.69
0.9982	0.019251	-0.001080	67061.88	24.94
1.0053	0.019253	-0.000911	67064.88	25.11
1.0151	0.019009	-0.000748	67067.88	25.36
1.0206	0.019160	-0.001180	67070.88	25.49
1.0321	0.018864	-0.001240	67073.88	25.78
1.0408	0.019221	-0.001284	67076.88	25.99
1.0507	0.018891	-0.000907	67079.88	26.24
1.0605	0.018857	-0.001134	67082.88	26.48
1.0687	0.018958	-0.000807	67085.88	26.68
1.0791	0.018884	-0.001123	67088.88	26.94
1.0917	0.018904	-0.000997	67091.88	27.25
1.1005	0.019443	-0.000918	67094.88	27.47
1.1092	0.019034	-0.000947	67097.88	27.69
1.1196	0.018966	-0.000803	67100.88	27.94
1.1294	0.019453	-0.000619	67103.88	28.18
1.1371	0.019144	-0.001007	67106.88	28.37
1.1486	0.019411	-0.000861	67109.88	28.66
1.1590	0.019380	-0.000787	67112.88	28.91
1.1677	0.019554	-0.000729	67115.88	29.13
1.1765	0.019640	-0.000783	67118.88	29.35
1.1852	0.019606	-0.000739	67121.88	29.56
1.1924	0.019445	-0.000962	67124.88	29.74
1.2038	0.019242	-0.000905	67127.88	30.02
1.2126	0.019231	-0.001072	67130.88	30.24
1.2202	0.019077	-0.001151	67133.88	30.42
1.2263	0.018974	-0.001194	67136.88	30.57
1.2317	0.018893	-0.001086	67139.88	30.71
1.2421	0.019321	-0.001118	67142.88	30.96
1.2492	0.019162	-0.001012	67145.88	31.14
1.2558	0.019240	-0.000974	67148.88	31.30
1.2673	0.019225	-0.001183	67151.88	31.58
1.2771	0.019245	-0.001181	67154.88	31.82
1.2842	0.019459	-0.001238	67157.88	32.00
1.2924	0.019076	-0.001328	67160.88	32.20
1.3039	0.019385	-0.001062	67163.88	32.48
1.3138	0.019386	-0.000791	67166.88	32.73
1.3220	0.019437	-0.000756	67169.88	32.93
1.3307	0.019272	-0.000843	67172.88	33.14
1.3367	0.019658	-0.001052	67175.88	33.29
1.3460	0.019264	-0.000797	67178.88	33.52
1.3526	0.019774	-0.001114	67181.88	33.68
1.3608	0.019422	-0.001046	67184.88	33.88
1.3696	0.019343	-0.000834	67187.88	34.10
1.3778	0.019240	-0.001059	67190.88	34.30
1.3838	0.019191	-0.001161	67193.88	34.45
1.3887	0.019074	-0.001243	67196.88	34.57
1.3985	0.019182	-0.001084	67199.88	34.81
1.4024	0.019203	-0.001375	67202.88	34.90
1.4100	0.019124	-0.001052	67205.88	35.09
1.4166	0.019539	-0.000959	67208.88	35.25
1.4275	0.019205	-0.001275	67211.88	35.52
1.4346	0.019106	-0.001173	67214.88	35.69
1.4456	0.019402	-0.001367	67217.88	35.96
1.4527	0.019407	-0.001039	67220.88	36.14
1.4620	0.019286	-0.001216	67223.88	36.36
1.4713	0.019069	-0.001154	67226.88	36.59
1.4822	0.019099	-0.001319	67229.88	36.86
1.4915	0.019074	-0.001207	67232.88	37.09
1.5003	0.019350	-0.001059	67235.88	37.30
1.5030	0.019564	-0.000864	67238.88	37.37
1.5112	0.019459	-0.001145	67241.88	37.57
1.5249	0.019312	-0.000989	67244.88	37.90
1.5304	0.019953	-0.000810	67247.88	38.04
1.5375	0.019663	-0.001092	67250.88	38.21
1.5435	0.019324	-0.001346	67253.88	38.36
1.5506	0.019222	-0.001257	67256.88	38.53
1.5566	0.019202	-0.001248	67259.88	38.68
1.5626	0.019278	-0.001430	67262.88	38.83
1.5708	0.019488	-0.001045	67265.88	39.03
1.5779	0.019305	-0.001270	67268.88	39.20
1.5889	0.019196	-0.001220	67271.88	39.47
1.5949	0.019516	-0.001215	67274.88	39.62
1.6037	0.019458	-0.001046	67277.88	39.83
1.6135	0.019540	-0.001187	67280.88	40.07
1.6206	0.019765	-0.001232	67283.88	40.24
1.6299	0.019914	-0.001095	67286.88	40.47
1.6392	0.019576	-0.000992	67289.88	40.70
1.6485	0.019617	-0.000911	67292.88	40.93
1.6573	0.019478	-0.001298	67295.88	41.14
1.6638	0.019654	-0.000856	67298.88	41.30
1.6731	0.019549	-0.000965	67301.88	41.53
1.6819	0.019485	-0.001067	67304.88	41.74
1.6868	0.019549	-0.001283	67307.88	41.86
1.6934	0.019539	-0.001089	67310.88	42.02
1.6988	0.019397	-0.001083	67313.88	42.15
1.7059	0.019415	-0.001418	67316.88	42.33
1.7109	0.019491	-0.001173	67319.88	42.45
1.7185	0.019210	-0.001322	67322.88	42.63
1.7256	0.019350	-0.001146	67325.88	42.81
1.7360	0.019385	-0.001272	67328.88	43.06
1.7431	0.019609	-0.001196	67331.88	43.23
1.7508	0.019479	-0.001450	67334.88	43.42
1.7628	0.019685	-0.001313	67337.88	43.71
1.7705	0.019455	-0.001299	67340.88	43.90
1.7809	0.019386	-0.001752	67343.88	44.15
1.7891	0.019332	-0.001142	67346.88	44.35
1.8006	0.019819	-0.000619	67349.88	44.63
1.8038	0.019823	-0.000926	67352.88	44.71
1.8131	0.019650	-0.000889	67355.88	44.94
1.8219	0.019720	-0.000958	67358.88	45.15
1.8284	0.019945	-0.000999	67361.88	45.31
1.8361	0.019717	-0.001251	67364.88	45.49
1.8460	0.019741	-0.001175	67367.88	45.73
1.8520	0.019730	-0.001067	67370.88	45.88
1.8613	0.019766	-0.001285	67373.88	46.11
1.8667	0.019709	-0.000990	67376.88	46.24
1.8700	0.019792	-0.001071	67379.88	46.32
1.8733	0.019950	-0.001164	67382.88	46.40
1.8810	0.019617	-0.001240	67385.88	46.58
1.8870	0.019846	-0.001122	67388.88	46.73
1.8913	0.019677	-0.001094	67391.88	46.84
1.8996	0.019627	-0.001532	67394.88	47.04
1.9028	0.019793	-0.001026	67397.88	47.12
1.9110	0.019399	-0.001551	67400.88	47.32
1.9110	0.019660	-0.001311	67403.88	47.32
1.9165	0.019513	-0.001305	67406.88	47.45
1.9214	0.019763	-0.001270	67409.88	47.57
1.9253	0.019589	-0.001129	67412.88	47.66
1.9318	0.019945	-0.001218	67415.88	47.82
1.9329	0.019920	-0.001217	67418.88	47.85
1.9428	0.019425	-0.001330	67421.88	48.09
1.9460	0.019854	-0.001304	67424.88	48.17
1.9493	0.019605	-0.001378	67427.88	48.24
1.9504	0.019310	-0.001500	67430.88	48.27
1.9526	0.019451	-0.001181	67433.88	48.32
1.9570	0.019502	-0.001587	67436.88	48.43
1.9614	0.019325	-0.001548	67439.88	48.54
1.9679	0.019275	-0.001539	67442.88	48.70
1.9761	0.019439	-0.001610	67445.88	48.89
1.9821	0.019472	-0.001189	67448.88	49.04
1.9865	0.019651	-0.001412	67451.88	49.15
1.9914	0.019568	-0.001622	67454.88	49.27
1.9969	0.019402	-0.001750	67457.88	49.40
2.0073	0.019501	-0.001317	67460.88	49.65
2.0122	0.019479	-0.001489	67463.88	49.77
2.0199	0.019539	-0.001625	67466.88	49.96
2.0254	0.019595	-0.001788	67469.88	50.09
2.0347	0.019618	-0.001414	67472.88	50.31
2.0374	0.019742	-0.001289	67475.88	50.38
2.0461	0.019606	-0.001632	67478.88	50.59
2.0516	0.019740	-0.001267	67481.88	50.72
2.0587	0.019826	-0.001776	67484.88	50.90
2.0658	0.019277	-0.001735	67487.88	51.07
2.0729	0.019430	-0.001840	67490.88	51.24
2.0811	0.019445	-0.001569	67493.88	51.44
2.0866	0.019712	-0.001208	67496.88	51.57
2.0948	0.019552	-0.001716	67499.88	51.77
2.1008	0.019744	-0.001579	67502.88	51.92
2.1096	0.019783	-0.001630	67505.88	52.13
2.1140	0.019465	-0.001201	67508.88	52.23
2.1254	0.019705	-0.001644	67511.88	52.51
2.1331	0.019537	-0.001758	67514.88	52.70
2.1424	0.019686	-0.001688	67517.88	52.92
2.1495	0.019838	-0.001534	67520.88	53.09
2.1577	0.019689	-0.001417	67523.88	53.29
2.1665	0.019421	-0.001852	67526.88	53.50
2.1769	0.019768	-0.001210	67529.88	53.76
2.1823	0.019968	-0.001175	67532.88	53.89
2.1872	0.019863	-0.001370	67535.88	54.01
2.1949	0.019863	-0.001139	67538.88	54.19
2.2020	0.019943	-0.001557	67541.88	54.36
2.2080	0.019799	-0.001222	67544.88	54.51
2.2140	0.020388	-0.001173	67547.88	54.65
2.2212	0.020092	-0.001223	67550.88	54.83
2.2250	0.019965	-0.001342	67553.88	54.92
2.2337	0.019907	-0.001429	67556.88	55.13
2.2398	0.020047	-0.001309	67559.88	55.28
2.2480	0.019759	-0.001600	67562.88	55.47
2.2501	0.019820	-0.001545	67565.88	55.53
2.2534	0.019744	-0.001628	67568.88	55.61
2.2600	0.019972	-0.001377	67571.88	55.76
2.2638	0.020001	-0.001092	67574.88	55.86
2.2660	0.020055	-0.001601	67577.88	55.91
2.2704	0.019925	-0.001444	67580.88	56.01
2.2731	0.019874	-0.001425	67583.88	56.08
2.2764	0.019984	-0.001348	67586.88	56.16
2.2808	0.019805	-0.001491	67589.88	56.27
2.2835	0.019782	-0.001632	67592.88	56.33
2.2890	0.019890	-0.001358	67595.88	56.46
2.2862	0.019971	-0.001245	67598.88	56.40
2.2912	0.019813	-0.001432	67601.88	56.52
2.2895	0.020246	-0.001332	67604.88	56.48
2.2906	0.019833	-0.001565	67607.88	56.50
2.2934	0.020294	-0.001368	67610.88	56.57
2.2939	0.019849	-0.001312	67613.88	56.58
2.2972	0.019926	-0.001588	67616.88	56.66
2.2988	0.019879	-0.001552	67619.88	56.70
2.2999	0.019858	-0.001466	67622.88	56.73
2.3021	0.019863	-0.001515	67625.88	56.78
2.3021	0.019614	-0.001687	67628.88	56.78
2.3048	0.019750	-0.001621	67631.88	56.85
2.3027	0.019656	-0.001588	67634.88	56.79
2.3048	0.019716	-0.001521	67637.88	56.85
2.3076	0.019674	-0.001678	67640.88	56.91
2.3076	0.019633	-0.001840	67643.88	56.91
2.3092	0.019578	-0.001718	67646.88	56.95
2.3114	0.019561	-0.001890	67649.88	57.01
2.3136	0.019771	-0.001712	67652.88	57.06
2.3136	0.019785	-0.001777	67655.88	57.06
2.3120	0.019770	-0.001814	67658.88	57.02
2.3169	0.019535	-0.001879	67661.88	57.14
2.3158	0.019591	-0.001793	67664.88	57.11
2.3158	0.019625	-0.001809	67667.88	57.11
2.3147	0.019399	-0.001896	67670.88	57.08
2.3152	0.019580	-0.001993	67673.88	57.10
2.3163	0.019516	-0.002042	67676.88	57.12
2.3152	0.019501	-0.001966	67679.88	57.10
2.3169	0.019366	-0.001924	67682.88	57.14
2.3174	0.019346	-0.001928	67685.88	57.15
2.3152	0.019316	-0.001988	67688.88	57.10
2.3163	0.019394	-0.002122	67691.88	57.12
2.3185	0.019478	-0.001912	67694.88	57.18
2.3163	0.019340	-0.001920	67697.88	57.12
2.3163	0.019559	-0.002021	67700.88	57.12
2.3152	0.019261	-0.002080	67703.88	57.10
2.3125	0.019069	-0.002493	67706.88	57.03
2.3158	0.019345	-0.002054	67709.88	57.11
2.3130	0.019240	-0.002147	67712.88	57.04
2.3130	0.019116	-0.002209	67715.88	57.04
2.3136	0.019270	-0.002139	67718.88	57.06
2.3136	0.019264	-0.001990	67721.88	57.06
2.3130	0.019363	-0.002246	67724.88	57.04
2.3125	0.019231	-0.002172	67727.88	57.03
2.3125	0.019027	-0.002178	67730.88	57.03
2.3125	0.019249	-0.002130	67733.88	57.03
2.3109	0.019256	-0.002287	67736.88	56.99
2.3120	0.019313	-0.002164	67739.88	57.02
2.3120	0.019217	-0.002016	67742.88	57.02
2.3103	0.019329	-0.002123	67745.88	56.98
2.3092	0.019162	-0.002169	67748.88	56.95
2.3087	0.019304	-0.002104	67751.88	56.94
2.3076	0.019121	-0.002269	67754.88	56.91
2.3059	0.019164	-0.002238	67757.88	56.87
2.3092	0.019269	-0.001876	67760.88	56.95
2.3087	0.019183	-0.002292	67763.88	56.94
2.3059	0.019139	-0.002264	67766.88	56.87
2.3070	0.019210	-0.002027	67769.88	56.90
2.3048	0.019259	-0.002230	67772.88	56.85
2.3054	0.019048	-0.002087	67775.88	56.86
