0.8751	0.032920	-0.022391	40987.39	21.89
0.8751	0.032874	-0.022386	40990.39	21.89
0.8740	0.032825	-0.022353	40993.39	21.86
0.8751	0.032907	-0.022417	40996.39	21.89
0.8746	0.032852	-0.022413	40999.39	21.87
0.8746	0.032901	-0.022310	41002.39	21.87
0.8757	0.033267	-0.022249	41005.39	21.90
0.8735	0.033088	-0.022207	41008.39	21.85
0.8746	0.033175	-0.022036	41011.39	21.87
0.8724	0.033235	-0.021961	41014.39	21.82
0.8746	0.033158	-0.022447	41017.39	21.87
0.8751	0.032947	-0.022006	41020.39	21.89
0.8724	0.033176	-0.022038	41023.39	21.82
0.8713	0.033060	-0.021991	41026.39	21.79
0.8680	0.033166	-0.022112	41029.39	21.71
0.8691	0.033039	-0.022077	41032.39	21.74
0.8658	0.033191	-0.022048	41035.39	21.66
0.8664	0.033140	-0.022167	41038.39	21.67
0.8636	0.033198	-0.022102	41041.39	21.60
0.8625	0.033059	-0.022173	41044.39	21.57
0.8593	0.032963	-0.022156	41047.39	21.49
0.8609	0.032952	-0.022163	41050.39	21.53
0.8565	0.033051	-0.022261	41053.39	21.42
0.8582	0.032987	-0.022166	41056.39	21.47
0.8565	0.033012	-0.022089	41059.39	21.42
0.8543	0.032960	-0.022161	41062.39	21.37
0.8532	0.032968	-0.022156	41065.39	21.34
0.8527	0.032937	-0.022307	41068.39	21.33
0.8494	0.032879	-0.022203	41071.39	21.25
0.8505	0.032929	-0.022243	41074.39	21.27
0.8494	0.032921	-0.022180	41077.39	21.25
0.8478	0.032992	-0.022270	41080.39	21.21
0.8483	0.032760	-0.022392	41083.39	21.22
0.8467	0.032940	-0.022269	41086.39	21.18
0.8472	0.032857	-0.022231	41089.39	21.19
0.8434	0.032897	-0.022221	41092.39	21.10
0.8445	0.032944	-0.022311	41095.39	21.13
0.8434	0.032762	-0.022234	41098.39	21.10
0.8407	0.032834	-0.022334	41101.39	21.03
0.8412	0.033008	-0.022028	41104.39	21.04
0.8423	0.032972	-0.022217	41107.39	21.07
0.8418	0.032958	-0.022170	41110.39	21.06
0.8379	0.032950	-0.022159	41113.39	20.96
0.8379	0.032942	-0.022199	41116.39	20.96
0.8368	0.033077	-0.022086	41119.39	20.94
0.8390	0.033012	-0.022019	41122.39	20.99
0.8346	0.033065	-0.022207	41125.39	20.88
0.8357	0.033042	-0.022179	41128.39	20.91
0.8330	0.033100	-0.022000	41131.39	20.84
0.8330	0.032931	-0.021967	41134.39	20.84
0.8357	0.032896	-0.022155	41137.39	20.91
0.8330	0.032917	-0.022125	41140.39	20.84
0.8336	0.033097	-0.022102	41143.39	20.85
0.8330	0.033064	-0.022123	41146.39	20.84
0.8314	0.032998	-0.022069	41149.39	20.80
0.8292	0.033023	-0.022174	41152.39	20.74
0.8314	0.033039	-0.022058	41155.39	20.80
0.8281	0.033068	-0.022075	41158.39	20.72
0.8286	0.032993	-0.021989	41161.39	20.73
0.8303	0.033075	-0.022001	41164.39	20.77
0.8275	0.033136	-0.022057	41167.41	20.70
0.8286	0.033019	-0.021960	41170.39	20.73
0.8248	0.033143	-0.021950	41173.39	20.64
0.8248	0.033054	-0.022071	41176.39	20.64
0.8259	0.033009	-0.022105	41179.39	20.66
0.8259	0.033011	-0.022204	41182.39	20.66
0.8232	0.032905	-0.022150	41185.39	20.60
0.8243	0.032791	-0.022194	41188.39	20.62
0.8253	0.032789	-0.022367	41191.39	20.65
0.8199	0.032685	-0.022305	41194.39	20.51
0.8199	0.032614	-0.022379	41197.39	20.51
0.8204	0.032980	-0.022159	41200.39	20.53
0.8182	0.032897	-0.022237	41203.39	20.47
0.8199	0.032837	-0.022054	41206.39	20.51
0.8171	0.032981	-0.022127	41209.39	20.45
0.8150	0.032707	-0.022190	41212.39	20.39
0.8155	0.032879	-0.022230	41215.39	20.40
0.8155	0.032899	-0.022121	41218.39	20.40
0.8150	0.032943	-0.022270	41221.39	20.39
0.8106	0.032985	-0.022037	41224.39	20.28
0.8078	0.032836	-0.022158	41227.39	20.21
0.8078	0.032944	-0.021888	41230.39	20.21
0.8062	0.033102	-0.022069	41233.39	20.17
0.8057	0.032788	-0.022231	41236.39	20.16
0.8040	0.032892	-0.022046	41239.39	20.12
0.7996	0.032920	-0.022107	41242.39	20.01
0.8013	0.032899	-0.022004	41245.39	20.05
0.7985	0.033119	-0.021878	41248.39	19.98
0.7964	0.033052	-0.021810	41251.39	19.93
0.7942	0.033159	-0.021904	41254.39	19.87
0.7898	0.033185	-0.021794	41257.39	19.77
0.7882	0.033129	-0.021918	41260.39	19.72
0.7876	0.033050	-0.021898	41263.39	19.71
0.7810	0.033131	-0.021946	41266.39	19.55
0.7838	0.032856	-0.022064	41269.39	19.62
0.7810	0.032766	-0.022208	41272.39	19.55
0.7767	0.032807	-0.022159	41275.39	19.44
0.7728	0.032731	-0.022191	41278.39	19.34
0.7723	0.032699	-0.022146	41281.39	19.33
0.7701	0.032878	-0.022018	41284.39	19.28
0.7641	0.032900	-0.021861	41287.39	19.13
0.7608	0.032852	-0.021812	41290.39	19.04
0.7570	0.032939	-0.021755	41293.39	18.95
0.7531	0.033134	-0.021896	41296.39	18.85
0.7488	0.033083	-0.021835	41299.39	18.74
0.7477	0.033090	-0.021759	41302.39	18.72
0.7466	0.033095	-0.021874	41305.39	18.69
0.7406	0.032830	-0.022034	41308.39	18.54
0.7373	0.032734	-0.022073	41311.39	18.46
0.7356	0.032590	-0.022528	41314.39	18.42
0.7318	0.032173	-0.022558	41317.39	18.32
0.7263	0.032159	-0.022608	41320.39	18.19
0.7225	0.032278	-0.022566	41323.39	18.09
0.7187	0.032294	-0.022541	41326.39	17.99
0.7132	0.032153	-0.022522	41329.39	17.86
0.7099	0.032060	-0.022725	41332.39	17.78
0.7056	0.031963	-0.022772	41335.39	17.67
0.7012	0.032034	-0.022835	41338.39	17.56
0.6957	0.031954	-0.022731	41341.39	17.42
0.6924	0.031835	-0.022797	41344.39	17.34
0.6842	0.031895	-0.022887	41347.39	17.14
0.6771	0.032045	-0.022520	41350.39	16.96
0.6760	0.032092	-0.022597	41353.39	16.93
0.6673	0.032302	-0.022246	41356.39	16.71
0.6602	0.032386	-0.022120	41359.39	16.54
0.6542	0.032183	-0.022614	41362.39	16.39
0.6492	0.031775	-0.022882	41365.39	16.26
0.6405	0.031471	-0.023137	41368.39	16.04
0.6273	0.031605	-0.022326	41371.39	15.72
0.6159	0.031361	-0.023379	41374.39	15.43
0.6022	0.031638	-0.023034	41377.39	15.09
0.5907	0.030977	-0.023231	41380.39	14.80
0.5803	0.030653	-0.023781	41383.39	14.54
0.5721	0.030708	-0.023464	41386.39	14.34
0.5579	0.030929	-0.023510	41389.39	13.98
0.5535	0.030640	-0.023663	41392.39	13.87
0.5415	0.031068	-0.023523	41395.39	13.57
0.5305	0.030979	-0.023529	41398.39	13.30
0.5191	0.030490	-0.023869	41401.39	13.01
0.5130	0.030788	-0.023398	41404.39	12.86
0.5037	0.030524	-0.023332	41407.39	12.63
0.4939	0.030897	-0.023503	41410.39	12.38
0.4868	0.030726	-0.023618	41413.39	12.20
0.4797	0.030592	-0.023363	41416.39	12.03
0.4649	0.030659	-0.023509	41419.39	11.66
0.4540	0.030425	-0.023818	41422.39	11.38
0.4381	0.030597	-0.023496	41425.39	10.99
0.4272	0.030521	-0.023613	41428.39	10.71
0.4173	0.030083	-0.023616	41431.39	10.47
0.4047	0.030377	-0.023585	41434.39	10.15
0.3861	0.030441	-0.023101	41437.39	9.68
0.3818	0.030472	-0.023440	41440.39	9.58
0.3703	0.030425	-0.023208	41443.39	9.29
0.3604	0.030172	-0.023729	41446.39	9.04
0.3468	0.029732	-0.024072	41449.39	8.70
0.3397	0.030067	-0.023622	41452.39	8.52
0.3282	0.030097	-0.023512	41455.39	8.23
0.3145	0.030453	-0.023767	41458.39	7.89
0.3068	0.029986	-0.023997	41461.39	7.70
0.2954	0.030142	-0.023915	41464.39	7.41
0.2833	0.030369	-0.023825	41467.39	7.11
0.2751	0.030060	-0.024040	41470.39	6.90
0.2625	0.030014	-0.023688	41473.39	6.59
0.2538	0.030323	-0.023866	41476.39	6.37
0.2341	0.031163	-0.023698	41479.39	5.87
0.2335	0.030364	-0.023927	41482.39	5.86
0.2243	0.030402	-0.023635	41485.39	5.63
0.2089	0.030188	-0.024048	41488.39	5.24
0.1969	0.030176	-0.024115	41491.39	4.94
0.1882	0.030344	-0.024226	41494.39	4.72
0.1706	0.030177	-0.024483	41497.39	4.28
0.1613	0.030327	-0.024474	41500.39	4.05
0.1526	0.030043	-0.024456	41503.39	3.83
0.1373	0.030616	-0.024521	41506.39	3.44
0.1329	0.030251	-0.024589	41509.39	3.33
0.1220	0.030499	-0.024481	41512.39	3.06
0.1132	0.031224	-0.024925	41515.39	2.84
0.1056	0.030668	-0.025275	41518.39	2.65
0.0941	0.030815	-0.025071	41521.39	2.36
0.0859	0.031230	-0.025097	41524.39	2.15
0.0760	0.031359	-0.025298	41527.39	1.91
0.0634	0.031547	-0.025276	41530.39	1.59
0.0569	0.031638	-0.025541	41533.39	1.43
0.0438	0.032375	-0.025829	41536.39	1.10
0.0388	0.032200	-0.026170	41539.39	0.97
0.0235	0.032322	-0.026630	41542.39	0.59
0.0159	0.032886	-0.026448	41545.39	0.40
0.0082	0.032920	-0.026752	41548.39	0.21
-0.0038	0.033136	-0.027245	41551.39	-0.10
-0.0088	0.033309	-0.027178	41554.39	-0.22
-0.0164	0.034195	-0.027326	41557.39	-0.41
-0.0273	0.034135	-0.028035	41560.39	-0.69
-0.0345	0.034344	-0.027956	41563.39	-0.87
-0.0465	0.034877	-0.028466	41566.39	-1.17
-0.0525	0.035411	-0.029068	41569.39	-1.32
-0.0563	0.035509	-0.029464	41572.39	-1.42
-0.0684	0.036331	-0.029493	41575.39	-1.73
-0.0678	0.036305	-0.029813	41578.39	-1.71
-0.0771	0.036139	-0.030341	41581.39	-1.95
-0.0804	0.036438	-0.030492	41584.39	-2.03
-0.0913	0.036513	-0.030773	41587.39	-2.31
-0.0946	0.036966	-0.031140	41590.39	-2.39
-0.0968	0.036870	-0.031211	41593.39	-2.45
-0.1034	0.037236	-0.031644	41596.39	-2.61
-0.1088	0.037238	-0.031583	41599.39	-2.75
-0.1143	0.037458	-0.032128	41602.39	-2.89
-0.1192	0.037729	-0.032451	41605.39	-3.02
-0.1209	0.037521	-0.032834	41608.39	-3.06
-0.1296	0.037443	-0.033318	41611.39	-3.28
-0.1422	0.037921	-0.032636	41614.39	-3.60
-0.1384	0.038097	-0.033946	41617.39	-3.50
-0.1466	0.037805	-0.034501	41620.39	-3.71
-0.1504	0.038263	-0.034596	41623.39	-3.81
-0.1548	0.037980	-0.035270	41626.39	-3.92
-0.1641	0.038087	-0.035585	41629.39	-4.16
-0.1685	0.037967	-0.035979	41632.39	-4.27
-0.1832	0.037870	-0.036535	41635.39	-4.65
-0.1887	0.037814	-0.036830	41638.39	-4.79
-0.1964	0.037829	-0.036993	41641.39	-4.98
-0.2084	0.037941	-0.037216	41644.39	-5.29
-0.2150	0.037641	-0.037487	41647.39	-5.46
-0.2297	0.037597	-0.037776	41650.39	-5.83
-0.2368	0.037571	-0.037928	41653.39	-6.02
-0.2609	0.037262	-0.038314	41656.39	-6.63
-0.2675	0.037555	-0.038472	41659.39	-6.80
-0.2806	0.037428	-0.038951	41662.39	-7.14
-0.2992	0.037046	-0.039223	41665.39	-7.61
-0.3216	0.037347	-0.038909	41668.39	-8.19
-0.3304	0.037393	-0.039494	41671.39	-8.41
-0.3500	0.037353	-0.039633	41674.39	-8.92
-0.3692	0.037602	-0.039474	41677.39	-9.41
-0.3933	0.037777	-0.039424	41680.39	-10.03
-0.4129	0.037818	-0.039129	41683.39	-10.54
-0.4310	0.037806	-0.039154	41686.39	-11.01
-0.4638	0.038155	-0.039439	41689.39	-11.85
-0.4758	0.038010	-0.039346	41692.39	-12.16
-0.5032	0.038624	-0.039336	41695.39	-12.87
-0.5152	0.038596	-0.038615	41698.39	-13.18
-0.5344	0.038621	-0.038864	41701.39	-13.68
-0.5535	0.038881	-0.038421	41704.39	-14.17
-0.5705	0.038998	-0.038615	41707.39	-14.61
-0.5869	0.039415	-0.038146	41710.39	-15.04
-0.6016	0.039439	-0.038355	41713.39	-15.42
-0.6230	0.038912	-0.038560	41716.39	-15.98
-0.6421	0.039253	-0.038615	41719.39	-16.48
-0.6552	0.039002	-0.038381	41722.39	-16.82
-0.6788	0.039034	-0.038514	41725.39	-17.43
-0.6979	0.039039	-0.038624	41728.39	-17.93
-0.7110	0.039147	-0.038177	41731.39	-18.27
-0.7411	0.038871	-0.038734	41734.39	-19.06
-0.7510	0.039131	-0.038307	41737.39	-19.31
-0.7652	0.039391	-0.038171	41740.39	-19.69
-0.7843	0.039087	-0.038355	41743.39	-20.19
-0.8029	0.038964	-0.038164	41746.39	-20.67
-0.8215	0.039161	-0.038113	41749.39	-21.16
-0.8412	0.039580	-0.038087	41752.39	-21.68
-0.8549	0.039283	-0.038050	41755.39	-22.04
-0.8691	0.039393	-0.038003	41758.39	-22.41
-0.8839	0.039227	-0.037950	41761.39	-22.80
-0.9014	0.039415	-0.037847	41764.39	-23.26
-0.9189	0.039366	-0.037838	41767.39	-23.72
-0.9336	0.039541	-0.037605	41770.39	-24.11
-0.9533	0.039882	-0.037306	41773.39	-24.63
-0.9665	0.039423	-0.037680	41776.39	-24.97
-0.9785	0.039517	-0.037653	41779.39	-25.29
-0.9894	0.039762	-0.037311	41782.39	-25.58
-1.0026	0.039809	-0.037144	41785.39	-25.92
-1.0168	0.039761	-0.037297	41788.39	-26.30
-1.0288	0.039603	-0.036872	41791.39	-26.62
-1.0408	0.039971	-0.036852	41794.39	-26.94
-1.0529	0.039672	-0.037021	41797.39	-27.26
-1.0649	0.039787	-0.037133	41800.39	-27.58
-1.0786	0.039820	-0.036914	41803.39	-27.94
-1.0934	0.040127	-0.036444	41806.39	-28.33
-1.1065	0.040019	-0.036599	41809.39	-28.68
-1.1223	0.039990	-0.036644	41812.39	-29.10
-1.1360	0.040297	-0.036420	41815.39	-29.47
-1.1513	0.040219	-0.036387	41818.39	-29.87
-1.1705	0.040126	-0.036165	41821.39	-30.38
-1.1814	0.040261	-0.036240	41824.39	-30.67
-1.1978	0.040264	-0.036111	41827.39	-31.11
-1.2137	0.040340	-0.036095	41830.39	-31.54
-1.2334	0.039972	-0.036567	41833.39	-32.06
-1.2459	0.039936	-0.036121	41836.39	-32.40
-1.2563	0.040045	-0.036105	41839.39	-32.68
-1.2727	0.040088	-0.036059	41842.39	-33.12
-1.2853	0.040092	-0.036001	41845.39	-33.46
-1.2935	0.040359	-0.035685	41848.39	-33.68
-1.3023	0.040480	-0.035534	41851.39	-33.91
-1.3121	0.040749	-0.035310	41854.39	-34.18
-1.3160	0.040993	-0.035038	41857.39	-34.28
-1.3214	0.041048	-0.035117	41860.39	-34.43
-1.3274	0.040786	-0.034842	41863.39	-34.59
-1.3264	0.041364	-0.034811	41866.39	-34.56
-1.3280	0.041210	-0.034596	41869.39	-34.60
-1.3291	0.041502	-0.034782	41872.39	-34.63
-1.3302	0.041386	-0.034274	41875.39	-34.66
-1.3280	0.041748	-0.034371	41878.39	-34.60
-1.3264	0.041845	-0.034237	41881.39	-34.56
-1.3258	0.041774	-0.034367	41884.39	-34.54
-1.3231	0.041758	-0.034326	41887.39	-34.47
-1.3203	0.041829	-0.034246	41890.39	-34.40
-1.3171	0.041860	-0.034340	41893.39	-34.31
-1.3143	0.041909	-0.034299	41896.39	-34.24
-1.3078	0.041814	-0.034290	41899.39	-34.06
-1.3067	0.041737	-0.034335	41902.39	-34.03
-1.2990	0.041936	-0.034462	41905.39	-33.82
-1.2930	0.042050	-0.034241	41908.39	-33.66
-1.2886	0.041918	-0.034321	41911.39	-33.54
-1.2820	0.041942	-0.034420	41914.39	-33.37
-1.2749	0.041887	-0.034342	41917.39	-33.18
-1.2695	0.041946	-0.034363	41920.39	-33.03
-1.2624	0.041944	-0.034309	41923.39	-32.84
-1.2574	0.041877	-0.034469	41926.39	-32.71
-1.2498	0.041951	-0.034429	41929.39	-32.50
-1.2427	0.042028	-0.034440	41932.39	-32.31
-1.2367	0.042021	-0.034429	41935.39	-32.15
-1.2274	0.041992	-0.034549	41938.39	-31.90
-1.2213	0.041995	-0.034462	41941.39	-31.74
-1.2142	0.042033	-0.034449	41944.39	-31.55
-1.2098	0.042151	-0.034483	41947.39	-31.43
-1.2011	0.042202	-0.034279	41950.39	-31.20
-1.1924	0.042099	-0.034521	41953.39	-30.97
-1.1858	0.042076	-0.034511	41956.39	-30.79
-1.1787	0.042032	-0.034634	41959.39	-30.60
-1.1727	0.042096	-0.034550	41962.39	-30.44
-1.1645	0.042199	-0.034557	41965.39	-30.22
-1.1568	0.042240	-0.034513	41968.39	-30.02
-1.1486	0.042166	-0.034589	41971.39	-29.80
-1.1442	0.042280	-0.034597	41974.39	-29.68
-1.1355	0.042155	-0.034624	41977.39	-29.45
-1.1289	0.042269	-0.034647	41980.39	-29.28
-1.1202	0.042229	-0.034653	41983.39	-29.04
-1.1152	0.042283	-0.034701	41986.39	-28.91
-1.1076	0.042315	-0.034770	41989.39	-28.71
-1.0999	0.042228	-0.034636	41992.39	-28.50
-1.0939	0.042350	-0.034547	41995.39	-28.35
-1.0868	0.042342	-0.034643	41998.39	-28.16
-1.0808	0.042435	-0.034566	42001.39	-28.00
-1.0720	0.042473	-0.034531	42004.39	-27.76
-1.0671	0.042498	-0.034653	42007.39	-27.63
-1.0573	0.042465	-0.034567	42010.39	-27.37
-1.0518	0.042566	-0.034488	42013.39	-27.23
-1.0447	0.042638	-0.034522	42016.39	-27.04
-1.0381	0.042479	-0.034740	42019.39	-26.87
-1.0299	0.042458	-0.034755	42022.39	-26.65
-1.0250	0.042587	-0.034725	42025.39	-26.52
-1.0190	0.042395	-0.034804	42028.39	-26.36
-1.0097	0.042422	-0.034941	42031.39	-26.11
-1.0026	0.042270	-0.035071	42034.39	-25.92
-0.9987	0.042479	-0.034905	42037.39	-25.82
-0.9933	0.042564	-0.034684	42040.39	-25.68
-0.9845	0.042606	-0.034798	42043.39	-25.45
-0.9796	0.042689	-0.034794	42046.39	-25.32
-0.9725	0.042706	-0.034873	42049.39	-25.13
-0.9670	0.042613	-0.034819	42052.39	-24.99
-0.9599	0.042632	-0.034820	42055.39	-24.80
-0.9539	0.042773	-0.034762	42058.39	-24.64
-0.9462	0.042824	-0.034810	42061.39	-24.44
-0.9408	0.042682	-0.034861	42064.39	-24.29
-0.9336	0.042740	-0.034825	42067.39	-24.11
-0.9282	0.042680	-0.034823	42070.39	-23.96
-0.9216	0.042891	-0.034933	42073.39	-23.79
-0.9150	0.042578	-0.034970	42076.39	-23.62
-0.9107	0.042693	-0.035067	42079.39	-23.50
-0.9041	0.042595	-0.035068	42082.39	-23.33
-0.8959	0.042714	-0.035002	42085.39	-23.11
-0.8926	0.042662	-0.035060	42088.39	-23.03
-0.8839	0.042676	-0.034999	42091.39	-22.80
-0.8817	0.042741	-0.035073	42094.39	-22.74
-0.8713	0.042786	-0.035032	42097.39	-22.47
-0.8702	0.042879	-0.034955	42100.39	-22.44
-0.8620	0.042803	-0.034936	42103.39	-22.22
-0.8549	0.043026	-0.034878	42106.39	-22.04
-0.8505	0.042816	-0.035050	42109.39	-21.92
-0.8439	0.042909	-0.034932	42112.39	-21.75
-0.8385	0.042983	-0.034869	42115.39	-21.60
-0.8330	0.042905	-0.034992	42118.39	-21.46
-0.8275	0.042903	-0.034972	42121.39	-21.32
-0.8210	0.042794	-0.035134	42124.39	-21.15
-0.8155	0.042952	-0.034970	42127.39	-21.00
-0.8095	0.042899	-0.034962	42130.39	-20.84
-0.8024	0.043261	-0.034891	42133.39	-20.66
-0.8013	0.042980	-0.034991	42136.39	-20.63
-0.7936	0.042982	-0.035002	42139.39	-20.43
-0.7887	0.042877	-0.034958	42142.39	-20.30
-0.7827	0.043034	-0.035053	42145.39	-20.14
-0.7778	0.043059	-0.035065	42148.39	-20.01
-0.7712	0.043096	-0.035021	42151.39	-19.84
-0.7663	0.043021	-0.034991	42154.39	-19.71
-0.7619	0.043120	-0.035043	42157.39	-19.60
-0.7581	0.043165	-0.034991	42160.39	-19.50
-0.7493	0.043094	-0.035094	42163.39	-19.27
-0.7466	0.043014	-0.035066	42166.39	-19.20
-0.7395	0.043142	-0.035106	42169.39	-19.01
-0.7356	0.043263	-0.034904	42172.39	-18.91
-0.7302	0.043146	-0.035141	42175.39	-18.77
-0.7242	0.043206	-0.035056	42178.39	-18.61
-0.7220	0.043180	-0.035015	42181.39	-18.56
-0.7171	0.043209	-0.035137	42184.39	-18.43
-0.7110	0.043164	-0.035161	42187.39	-18.27
-0.7061	0.043161	-0.035177	42190.39	-18.14
-0.7001	0.043177	-0.034863	42193.39	-17.99
-0.6963	0.042105	-0.036315	42196.39	-17.89
-0.6902	0.041976	-0.036304	42199.39	-17.73
-0.6848	0.042060	-0.036299	42202.39	-17.59
-0.6799	0.042107	-0.036346	42205.39	-17.46
-0.6727	0.043131	-0.035230	42208.39	-17.27
-0.6662	0.043186	-0.035265	42211.39	-17.10
-0.6613	0.042525	-0.035203	42214.39	-16.97
-0.6547	0.042698	-0.035168	42217.39	-16.80
-0.6443	0.042818	-0.035093	42220.39	-16.53
-0.6372	0.043498	-0.035138	42223.39	-16.35
-0.6306	0.043386	-0.035069	42226.39	-16.18
-0.6230	0.043390	-0.034991	42229.39	-15.98
-0.6131	0.043532	-0.035096	42232.39	-15.72
-0.6071	0.043567	-0.035110	42235.39	-15.57
-0.6000	0.043518	-0.035180	42238.39	-15.38
-0.5918	0.043580	-0.035018	42241.39	-15.17
-0.5841	0.043601	-0.034988	42244.39	-14.97
-0.5776	0.043703	-0.035085	42247.39	-14.80
-0.5716	0.043861	-0.034785	42250.39	-14.64
-0.5634	0.042478	-0.036240	42253.39	-14.43
-0.5573	0.042448	-0.036371	42256.39	-14.27
-0.5502	0.042612	-0.036185	42259.39	-14.09
-0.5409	0.042596	-0.036241	42262.39	-13.85
-0.5360	0.042604	-0.035888	42265.39	-13.72
-0.5251	0.043806	-0.035060	42268.39	-13.44
-0.5185	0.043871	-0.035046	42271.39	-13.27
-0.5070	0.043749	-0.035125	42274.39	-12.97
-0.4983	0.043842	-0.034896	42277.39	-12.74
-0.4873	0.043981	-0.034918	42280.39	-12.46
-0.4775	0.044143	-0.034909	42283.39	-12.21
-0.4665	0.044163	-0.034887	42286.39	-11.92
-0.4545	0.044212	-0.034922	42289.39	-11.61
-0.4425	0.044120	-0.034918	42292.39	-11.30
-0.4321	0.044205	-0.034781	42295.39	-11.03
-0.4212	0.044410	-0.034590	42298.39	-10.75
-0.4119	0.044534	-0.034563	42301.39	-10.51
-0.4009	0.044445	-0.034691	42304.39	-10.23
-0.3883	0.044481	-0.034742	42307.39	-9.91
-0.3807	0.044627	-0.034477	42310.39	-9.71
-0.3697	0.044622	-0.034441	42313.39	-9.43
-0.3610	0.043434	-0.035773	42316.39	-9.20
-0.3511	0.043345	-0.035892	42319.39	-8.95
-0.3408	0.043296	-0.035938	42322.39	-8.68
-0.3342	0.043233	-0.035822	42325.39	-8.51
-0.3260	0.043236	-0.036013	42328.39	-8.30
-0.3112	0.043376	-0.035818	42331.39	-7.92
-0.3025	0.043403	-0.035784	42334.39	-7.70
-0.2954	0.044020	-0.034711	42337.39	-7.51
-0.2833	0.044418	-0.034677	42340.39	-7.21
-0.2779	0.044497	-0.034642	42343.39	-7.07
-0.2647	0.044502	-0.034631	42346.39	-6.73
-0.2538	0.044569	-0.034635	42349.39	-6.45
-0.2461	0.044691	-0.034491	42352.39	-6.25
-0.2368	0.044594	-0.034502	42355.39	-6.02
-0.2281	0.044543	-0.034531	42358.39	-5.79
-0.2171	0.044510	-0.034486	42361.39	-5.51
-0.2100	0.044447	-0.034377	42364.39	-5.33
-0.2018	0.044519	-0.034396	42367.39	-5.12
-0.1947	0.044672	-0.034290	42370.39	-4.94
-0.1871	0.044719	-0.034334	42373.39	-4.74
-0.1794	0.044695	-0.034336	42376.39	-4.55
-0.1739	0.043570	-0.035281	42379.39	-4.41
-0.1690	0.043390	-0.035489	42382.39	-4.28
-0.1624	0.043414	-0.034849	42385.39	-4.12
-0.1537	0.043330	-0.035561	42388.39	-3.89
-0.1466	0.043302	-0.035534	42391.39	-3.71
-0.1378	0.043156	-0.035571	42394.39	-3.49
-0.1335	0.043213	-0.035530	42397.39	-3.38
-0.1258	0.043189	-0.035238	42400.39	-3.18
-0.1181	0.043776	-0.034508	42403.39	-2.99
-0.1143	0.044310	-0.034239	42406.39	-2.89
-0.1072	0.044346	-0.035292	42409.39	-2.71
-0.1001	0.044185	-0.034250	42412.39	-2.53
-0.0952	0.044283	-0.034391	42415.39	-2.41
-0.0870	0.044248	-0.034213	42418.39	-2.20
-0.0831	0.044360	-0.034188	42421.39	-2.10
-0.0793	0.044098	-0.034104	42424.39	-2.00
-0.0749	0.044109	-0.033936	42427.39	-1.89
-0.0711	0.044103	-0.033929	42430.39	-1.80
-0.0673	0.043122	-0.034941	42433.39	-1.70
-0.0629	0.042961	-0.034741	42436.39	-1.59
-0.0580	0.042915	-0.034679	42439.39	-1.46
-0.0531	0.044089	-0.033485	42442.39	-1.34
-0.0509	0.043884	-0.034541	42445.39	-1.28
-0.0443	0.043783	-0.033413	42448.39	-1.12
-0.0416	0.043634	-0.033229	42451.39	-1.05
-0.0339	0.043589	-0.033088	42454.39	-0.85
-0.0312	0.043668	-0.032767	42457.39	-0.79
-0.0268	0.043594	-0.032291	42460.39	-0.68
-0.0213	0.043582	-0.032232	42463.39	-0.54
-0.0164	0.043323	-0.032222	42466.39	-0.41
-0.0109	0.043327	-0.031867	42469.39	-0.28
-0.0066	0.043326	-0.031589	42472.39	-0.17
-0.0005	0.043507	-0.031205	42475.39	-0.01
0.0060	0.043256	-0.031015	42478.39	0.15
0.0131	0.043311	-0.030762	42481.39	0.33
0.0164	0.043296	-0.030257	42484.39	0.41
0.0241	0.043024	-0.029835	42487.39	0.60
0.0306	0.042923	-0.029822	42490.39	0.77
0.0361	0.043035	-0.030860	42493.39	0.91
0.0416	0.041756	-0.030659	42496.39	1.04
0.0481	0.041632	-0.030179	42499.39	1.21
0.0558	0.041201	-0.030084	42502.39	1.40
0.0634	0.041009	-0.029897	42505.39	1.59
0.0695	0.041008	-0.029695	42508.39	1.74
0.0749	0.040720	-0.029446	42511.39	1.88
0.0848	0.040637	-0.029405	42514.39	2.13
0.0902	0.040532	-0.029084	42517.39	2.26
0.1012	0.040316	-0.027607	42520.39	2.54
0.1099	0.040879	-0.027571	42523.39	2.76
0.1187	0.041246	-0.027010	42526.39	2.98
0.1280	0.041243	-0.026750	42529.39	3.21
0.1378	0.041107	-0.026659	42532.39	3.46
0.1438	0.041065	-0.026319	42535.39	3.61
0.1553	0.040786	-0.026149	42538.39	3.90
0.1663	0.040492	-0.025988	42541.39	4.17
0.1783	0.040444	-0.025785	42544.39	4.47
0.1876	0.040248	-0.025601	42547.39	4.71
0.1991	0.040100	-0.025496	42550.39	5.00
0.2095	0.039810	-0.026778	42553.39	5.26
0.2226	0.038435	-0.026644	42556.39	5.59
0.2336	0.038004	-0.026808	42559.39	5.86
0.2434	0.037783	-0.026687	42562.39	6.11
0.2571	0.037695	-0.026754	42565.39	6.45
0.2724	0.037451	-0.026668	42568.39	6.83
0.2817	0.037398	-0.026480	42571.39	7.07
0.2959	0.038614	-0.025051	42574.39	7.42
0.3074	0.038447	-0.025061	42577.39	7.71
0.3243	0.038289	-0.025120	42580.39	8.14
0.3358	0.038361	-0.024845	42583.39	8.42
0.3511	0.038442	-0.024760	42586.39	8.81
0.3626	0.037171	-0.024938	42589.39	9.10
0.3774	0.038313	-0.024601	42592.39	9.47
0.3911	0.038443	-0.024717	42595.39	9.81
0.4042	0.038502	-0.024517	42598.39	10.14
0.4168	0.038437	-0.024409	42601.39	10.45
0.4304	0.038607	-0.024415	42604.39	10.79
0.4430	0.038369	-0.024343	42607.39	11.11
0.4529	0.038429	-0.024369	42610.39	11.36
0.4666	0.038748	-0.025357	42613.39	11.70
0.4775	0.037653	-0.025364	42616.39	11.97
0.4890	0.037278	-0.025443	42619.39	12.26
0.5005	0.037465	-0.025274	42622.39	12.55
0.5147	0.037491	-0.025131	42625.39	12.90
0.5240	0.037351	-0.025186	42628.39	13.13
0.5360	0.037520	-0.025246	42631.39	13.44
0.5502	0.037655	-0.025077	42634.39	13.79
0.5623	0.037747	-0.025040	42637.39	14.09
0.5770	0.037949	-0.024315	42640.39	14.46
0.5918	0.037976	-0.024789	42643.39	14.83
0.6049	0.039154	-0.023409	42646.39	15.16
0.6197	0.039389	-0.024162	42649.39	15.53
0.6323	0.039508	-0.023276	42652.39	15.84
0.6454	0.039332	-0.023330	42655.39	16.17
0.6607	0.039791	-0.023324	42658.39	16.55
0.6744	0.039709	-0.023124	42661.39	16.89
0.6903	0.039736	-0.023222	42664.39	17.29
0.7012	0.039866	-0.022908	42667.39	17.56
0.7138	0.039702	-0.023312	42670.39	17.87
0.7263	0.039995	-0.022906	42673.39	18.19
0.7373	0.040146	-0.023242	42676.39	18.46
0.7499	0.040246	-0.022998	42679.39	18.77
0.7614	0.038538	-0.024470	42682.39	19.06
0.7739	0.038922	-0.024687	42685.39	19.37
0.7876	0.038176	-0.024766	42688.39	19.71
0.7980	0.038276	-0.024802	42691.39	19.97
0.8128	0.038151	-0.023621	42694.39	20.34
0.8226	0.039787	-0.023339	42697.39	20.58
0.8379	0.039808	-0.023485	42700.39	20.96
0.8494	0.039909	-0.024108	42703.39	21.25
0.8625	0.039871	-0.023888	42706.39	21.57
0.8746	0.039747	-0.023413	42709.39	21.87
0.8899	0.040059	-0.023493	42712.39	22.25
0.9014	0.051034	-0.026197	42715.39	22.54
0.9189	0.033520	-0.028348	42718.39	22.97
0.9298	0.035314	-0.029843	42721.39	23.24
0.9440	0.034589	-0.048887	42724.39	23.60
0.9583	0.029441	-0.075580	42727.39	23.95
0.9708	0.029994	-0.032949	42730.39	24.26
0.9818	0.030009	-0.034077	42733.39	24.53
0.9976	0.027974	-0.035228	42736.39	24.92
1.0075	0.028727	-0.035202	42739.39	25.17
1.0222	0.024246	-0.038910	42742.39	25.53
1.0321	0.024074	-0.038314	42745.39	25.78
1.0425	0.023740	-0.038322	42748.39	26.04
1.0556	0.025410	-0.057503	42751.39	26.36
1.0655	0.022169	-0.041704	42754.39	26.60
1.0802	0.020962	-0.042163	42757.39	26.97
1.0934	0.019947	-0.054876	42760.39	27.29
1.1065	0.020834	-0.041814	42763.39	27.62
1.1163	0.019536	-0.043058	42766.39	27.86
1.1273	0.020664	-0.043770	42769.39	28.13
1.1415	0.020111	-0.042522	42772.39	28.48
1.1557	0.019807	-0.039071	42775.39	28.83
1.1688	0.019672	-0.042342	42778.39	29.16
1.1820	0.017936	-0.063299	42781.39	29.48
1.1918	0.021702	-0.042263	42784.39	29.72
1.2049	0.016789	-0.056838	42787.39	30.05
1.2164	0.002591	-0.055457	42790.39	30.33
1.2295	0.013379	-0.060855	42793.39	30.65
1.2410	0.002296	-0.063340	42796.39	30.94
1.2503	0.004837	-0.063313	42799.39	31.17
1.2629	0.012849	-0.052361	42802.39	31.48
1.2755	0.005566	-0.057065	42805.39	31.78
1.2853	0.008830	-0.056688	42808.39	32.03
1.3017	0.012515	-0.054916	42811.39	32.43
1.3127	0.012248	-0.053729	42814.39	32.70
1.3236	0.015084	-0.050627	42817.39	32.97
1.3346	0.015386	-0.070479	42820.39	33.24
1.3460	0.013069	-0.051493	42823.39	33.52
1.3619	0.001667	-0.063359	42826.39	33.91
1.3745	0.005912	-0.057730	42829.39	34.22
1.3892	0.010404	-0.064323	42832.39	34.58
1.4018	0.012611	-0.050599	42835.39	34.89
1.4122	0.005594	-0.064912	42838.39	35.14
1.4243	0.007586	-0.052725	42841.39	35.44
1.4363	0.013480	-0.061133	42844.39	35.73
1.4461	0.010980	-0.078649	42847.39	35.98
1.4620	0.006473	-0.052275	42850.39	36.36
1.4729	0.006658	-0.072940	42853.39	36.63
1.4817	0.010604	-0.059312	42856.39	36.85
1.4910	0.005013	-0.058181	42859.39	37.07
1.5003	0.007193	-0.054109	42862.39	37.30
1.5134	0.009168	-0.057289	42865.39	37.62
1.5238	0.009723	-0.054960	42868.39	37.88
1.5353	0.009289	-0.054182	42871.39	38.16
1.5446	0.011987	-0.053290	42874.39	38.39
1.5577	0.014685	-0.051524	42877.39	38.71
1.5725	0.002489	-0.058602	42880.39	39.07
1.5834	0.010143	-0.058778	42883.39	39.34
1.5976	0.007184	-0.066493	42886.39	39.68
1.6080	0.024077	-0.041956	42889.39	39.94
1.6217	0.020521	-0.053931	42892.39	40.27
1.6321	0.028350	-0.031949	42895.39	40.52
1.6452	0.017854	-0.038927	42898.39	40.85
1.6556	0.030333	-0.058784	42901.39	41.10
1.6666	0.022169	-0.045077	42904.39	41.37
1.6797	0.022298	-0.041767	42907.39	41.69
1.6884	0.025862	-0.045171	42910.39	41.90
1.6999	0.015408	-0.031193	42913.39	42.18
1.7130	0.031630	-0.042848	42916.39	42.50
1.7196	0.023646	-0.042960	42919.39	42.66
1.7289	0.026445	-0.038506	42922.39	42.89
1.7420	0.023386	-0.044144	42925.39	43.21
1.7579	0.017472	-0.058348	42928.39	43.59
1.7579	0.019782	-0.043481	42931.39	43.59
1.7584	0.044760	-0.020469	42934.39	43.61
1.7584	0.043614	-0.022391	42937.39	43.61
1.7628	0.043393	-0.024200	42940.39	43.71
1.7579	0.041734	-0.024306	42943.39	43.59
1.7595	0.040873	-0.025232	42946.39	43.63
1.7656	0.040516	-0.025608	42949.39	43.78
1.7716	0.040357	-0.025412	42952.39	43.92
1.7754	0.040649	-0.025408	42955.39	44.02
1.7852	0.040772	-0.025147	42958.39	44.26
1.7967	0.042579	-0.025104	42961.39	44.54
1.8049	0.042431	-0.023421	42964.39	44.74
1.8208	0.043127	-0.023151	42967.39	45.12
1.8306	0.043139	-0.023750	42970.39	45.36
1.8416	0.043350	-0.022746	42973.39	45.63
1.8563	0.043447	-0.022905	42976.39	45.99
1.8629	0.043721	-0.022646	42979.39	46.15
1.8782	0.043731	-0.022696	42982.39	46.52
1.8853	0.043680	-0.022857	42985.39	46.69
1.9017	0.043636	-0.022818	42988.39	47.09
1.9088	0.043692	-0.022769	42991.39	47.26
1.9171	0.043779	-0.022695	42994.39	47.46
1.9307	0.043906	-0.022841	42997.39	47.79
1.9384	0.043786	-0.022760	43000.39	47.98
1.9471	0.043869	-0.022588	43003.39	48.19
1.9532	0.043827	-0.022728	43006.39	48.34
1.9619	0.043750	-0.022874	43009.39	48.55
1.9712	0.043737	-0.022977	43012.39	48.78
1.9761	0.043720	-0.023224	43015.39	48.89
1.9843	0.043397	-0.023058	43018.39	49.09
1.9909	0.043790	-0.022961	43021.39	49.25
1.9985	0.043649	-0.023265	43024.39	49.44
2.0040	0.042563	-0.023197	43027.39	49.57
2.0106	0.041969	-0.023364	43030.39	49.73
2.0155	0.043541	-0.023265	43033.39	49.85
2.0221	0.043373	-0.024382	43036.39	50.01
2.0259	0.043304	-0.023461	43039.39	50.10
2.0308	0.043281	-0.023689	43042.39	50.22
2.0363	0.041650	-0.025286	43045.39	50.35
2.0412	0.041800	-0.023804	43048.39	50.47
2.0439	0.042970	-0.023833	43051.39	50.54
2.0489	0.041512	-0.023943	43054.39	50.66
2.0532	0.041523	-0.023987	43057.39	50.76
2.0560	0.043097	-0.023786	43060.39	50.83
2.0593	0.043261	-0.023690	43063.39	50.91
2.0636	0.042869	-0.024110	43066.39	51.02
2.0653	0.042934	-0.023936	43069.39	51.06
2.0707	0.043147	-0.023816	43072.39	51.19
2.0713	0.043048	-0.023928	43075.39	51.20
2.0773	0.043118	-0.023812	43078.39	51.35
2.0790	0.043052	-0.023994	43081.39	51.39
2.0806	0.043127	-0.024098	43084.39	51.43
2.0844	0.043013	-0.024075	43087.39	51.52
2.0861	0.043097	-0.023991	43090.39	51.56
2.0893	0.042935	-0.024198	43093.39	51.64
2.0932	0.042857	-0.024307	43096.39	51.73
2.0948	0.042843	-0.024165	43099.39	51.77
2.0954	0.043051	-0.023996	43102.39	51.78
2.0970	0.043087	-0.024123	43105.39	51.82
2.0986	0.042872	-0.024276	43108.39	51.86
2.1008	0.042703	-0.024302	43111.39	51.92
2.0997	0.042698	-0.024338	43114.39	51.89
2.1025	0.042489	-0.024528	43117.39	51.96
2.1019	0.042543	-0.024592	43120.39	51.94
2.1014	0.042385	-0.024653	43123.39	51.93
2.1019	0.042353	-0.024778	43126.39	51.94
2.1036	0.042328	-0.024857	43129.39	51.98
2.1008	0.042261	-0.024861	43132.39	51.92
2.0997	0.042244	-0.024904	43135.39	51.89
2.0981	0.042039	-0.024967	43138.39	51.85
2.0992	0.042093	-0.024936	43141.39	51.88
2.0959	0.042113	-0.025011	43144.39	51.80
2.0954	0.042030	-0.025135	43147.39	51.78
2.0921	0.042099	-0.025356	43150.39	51.70
2.0915	0.042204	-0.025193	43153.39	51.69
2.0910	0.041903	-0.025274	43156.39	51.68
2.0877	0.041851	-0.025316	43159.39	51.60
2.0861	0.041784	-0.025300	43162.39	51.56
2.0839	0.041708	-0.025438	43165.39	51.51
2.0811	0.041669	-0.025480	43168.39	51.44
2.0790	0.041625	-0.025505	43171.39	51.39
2.0762	0.041580	-0.025376	43174.39	51.32
2.0729	0.041595	-0.025500	43177.39	51.24
2.0707	0.041322	-0.025685	43180.39	51.19
2.0658	0.041375	-0.025778	43183.39	51.07
2.0631	0.041195	-0.025800	43186.39	51.00
2.0593	0.041152	-0.025913	43189.39	50.91
2.0560	0.041149	-0.025937	43192.39	50.83
2.0511	0.040894	-0.026053	43195.39	50.71
2.0483	0.040987	-0.026106	43198.39	50.64
2.0456	0.040996	-0.025995	43201.39	50.58
2.0429	0.040861	-0.026198	43204.39	50.51
2.0357	0.040784	-0.026211	43207.39	50.34
2.0330	0.040736	-0.026254	43210.39	50.27
2.0297	0.040703	-0.026406	43213.39	50.19
2.0226	0.040587	-0.026411	43216.39	50.02
2.0182	0.040394	-0.026498	43219.39	49.92
2.0133	0.040337	-0.026711	43222.39	49.80
2.0122	0.040412	-0.026454	43225.39	49.77
2.0024	0.040462	-0.026445	43228.39	49.53
2.0002	0.040240	-0.026570	43231.39	49.48
1.9958	0.040215	-0.026591	43234.39	49.37
1.9909	0.040208	-0.026609	43237.39	49.25
1.9860	0.040226	-0.026559	43240.39	49.13
1.9838	0.039954	-0.026750	43243.39	49.08
1.9789	0.039934	-0.026737	43246.39	48.96
1.9756	0.039919	-0.026986	43249.39	48.88
1.9690	0.039625	-0.026961	43252.39	48.72
1.9646	0.039658	-0.026959	43255.39	48.62
1.9597	0.039594	-0.027021	43258.39	48.50
1.9559	0.039665	-0.027051	43261.39	48.40
1.9521	0.039490	-0.027026	43264.39	48.31
1.9460	0.039427	-0.027323	43267.39	48.17
1.9417	0.039632	-0.027029	43270.39	48.06
1.9351	0.039396	-0.027374	43273.39	47.90
1.9274	0.039249	-0.027547	43276.39	47.71
1.9247	0.038944	-0.027574	43279.39	47.65
1.9203	0.038944	-0.027563	43282.39	47.54
1.9143	0.038937	-0.027612	43285.39	47.40
1.9083	0.038790	-0.027792	43288.39	47.25
1.9006	0.038625	-0.027850	43291.39	47.06
1.8952	0.038577	-0.027953	43294.39	46.93
1.8881	0.038512	-0.027995	43297.39	46.76
1.8799	0.038678	-0.027747	43300.39	46.56
1.8728	0.038624	-0.027751	43303.39	46.39
1.8613	0.038704	-0.027652	43306.39	46.11
1.8618	0.038517	-0.027907	43309.39	46.12
1.8542	0.038728	-0.027697	43312.39	45.93
1.8421	0.038864	-0.027642	43315.39	45.64
1.8345	0.038688	-0.027632	43318.39	45.45
1.8274	0.038718	-0.027726	43321.39	45.28
1.8224	0.038412	-0.027850	43324.39	45.16
1.8115	0.038329	-0.028143	43327.39	44.90
1.8022	0.038037	-0.027957	43330.39	44.67
1.7962	0.037888	-0.028404	43333.39	44.52
1.7874	0.037946	-0.028355	43336.39	44.31
1.7759	0.037732	-0.028617	43339.39	44.03
1.7705	0.037412	-0.028735	43342.39	43.90
1.7563	0.037517	-0.028748	43345.39	43.55
1.7431	0.037115	-0.028456	43348.39	43.23
1.7360	0.037008	-0.028578	43351.39	43.06
1.7305	0.036894	-0.029179	43354.39	42.93
1.7207	0.036852	-0.029300	43357.39	42.69
1.7081	0.036828	-0.029024	43360.39	42.38
1.6923	0.036747	-0.029062	43363.39	41.99
1.6857	0.036395	-0.028880	43366.39	41.83
1.6764	0.036458	-0.029220	43369.39	41.61
1.6660	0.036527	-0.029013	43372.39	41.35
1.6562	0.036766	-0.029050	43375.39	41.11
1.6436	0.036837	-0.029056	43378.39	40.81
1.6354	0.036587	-0.028851	43381.39	40.60
1.6228	0.036813	-0.028718	43384.39	40.30
1.6135	0.036852	-0.028803	43387.39	40.07
1.6004	0.036768	-0.028816	43390.39	39.75
1.5905	0.036706	-0.028660	43393.39	39.51
1.5790	0.036501	-0.028912	43396.39	39.23
1.5648	0.036666	-0.028744	43399.39	38.88
1.5550	0.036408	-0.028983	43402.39	38.64
1.5424	0.036387	-0.028922	43405.39	38.33
1.5315	0.036433	-0.028856	43408.39	38.07
1.5167	0.036183	-0.029013	43411.39	37.70
1.5074	0.036154	-0.028958	43414.39	37.48
1.4932	0.036213	-0.028943	43417.39	37.13
1.4800	0.035940	-0.028969	43420.39	36.81
1.4631	0.036247	-0.029067	43423.39	36.39
1.4565	0.035945	-0.029187	43426.39	36.23
1.4428	0.035979	-0.029055	43429.39	35.90
1.4346	0.035994	-0.029027	43432.39	35.69
1.4193	0.036519	-0.028788	43435.39	35.32
1.4100	0.035813	-0.029176	43438.39	35.09
1.3953	0.035782	-0.028996	43441.39	34.73
1.3903	0.035929	-0.029003	43444.39	34.61
1.3761	0.035920	-0.028784	43447.39	34.26
1.3690	0.035656	-0.028958	43450.39	34.08
1.3575	0.035849	-0.028758	43453.39	33.80
1.3417	0.036228	-0.028754	43456.39	33.41
1.3367	0.035747	-0.029041	43459.39	33.29
1.3225	0.035763	-0.028946	43462.39	32.94
1.3160	0.035709	-0.029019	43465.39	32.78
1.3039	0.035574	-0.029119	43468.39	32.48
1.2897	0.035473	-0.029058	43471.39	32.13
1.2782	0.035364	-0.029122	43474.39	31.85
1.2662	0.035295	-0.029021	43477.39	31.56
1.2547	0.035225	-0.029235	43480.39	31.27
1.2427	0.035025	-0.029152	43483.39	30.98
1.2295	0.034921	-0.029258	43486.39	30.65
1.2192	0.035022	-0.029207	43489.39	30.40
1.2066	0.035094	-0.029137	43492.39	30.09
1.1940	0.035161	-0.029046	43495.39	29.78
1.1841	0.035097	-0.029379	43498.39	29.53
1.1705	0.035117	-0.029047	43501.39	29.20
1.1612	0.035138	-0.028889	43504.39	28.97
1.1502	0.035277	-0.029026	43507.39	28.70
1.1420	0.035002	-0.029044	43510.39	28.50
1.1322	0.035016	-0.028783	43513.39	28.25
1.1207	0.035272	-0.028709	43516.39	27.97
1.1125	0.035178	-0.028847	43519.39	27.77
1.1027	0.035011	-0.028651	43522.39	27.52
1.0901	0.034960	-0.028958	43525.39	27.21
1.0769	0.035073	-0.028779	43528.39	26.89
1.0687	0.034665	-0.029102	43531.39	26.68
1.0589	0.034512	-0.029019	43534.39	26.44
1.0441	0.034653	-0.028872	43537.39	26.08
1.0321	0.034523	-0.028916	43540.39	25.78
1.0195	0.034517	-0.029192	43543.39	25.47
1.0080	0.034468	-0.028986	43546.39	25.18
1.0009	0.034534	-0.028999	43549.39	25.01
0.9883	0.034486	-0.028766	43552.39	24.69
0.9774	0.034586	-0.029104	43555.39	24.42
0.9670	0.034259	-0.029025	43558.39	24.17
0.9604	0.034364	-0.028997	43561.39	24.00
0.9479	0.034311	-0.028746	43564.39	23.69
0.9391	0.034478	-0.028969	43567.39	23.47
0.9304	0.034265	-0.028937	43570.39	23.26
0.9222	0.034429	-0.029013	43573.39	23.05
0.9079	0.034381	-0.028689	43576.39	22.70
0.9047	0.034361	-0.029001	43579.39	22.62
0.8943	0.034239	-0.028884	43582.39	22.36
0.8882	0.034361	-0.028983	43585.39	22.21
0.8746	0.034671	-0.029001	43588.39	21.87
0.8696	0.034092	-0.028794	43591.39	21.75
0.8516	0.034594	-0.028788	43594.39	21.30
0.8429	0.034924	-0.028438	43597.39	21.08
0.8357	0.034476	-0.028762	43600.39	20.91
0.8275	0.034081	-0.029173	43603.39	20.70
0.8210	0.033894	-0.029281	43606.39	20.54
0.8095	0.033876	-0.029122	43609.39	20.26
0.8007	0.033852	-0.029019	43612.39	20.04
0.7914	0.033900	-0.029135	43615.39	19.81
0.7832	0.033807	-0.029112	43618.39	19.60
0.7717	0.033656	-0.029111	43621.39	19.32
0.7625	0.033826	-0.029026	43624.39	19.08
0.7493	0.034174	-0.028970	43627.39	18.76
0.7428	0.033635	-0.029177	43630.39	18.59
0.7285	0.033651	-0.029002	43633.39	18.24
0.7198	0.033703	-0.028996	43636.39	18.02
0.7105	0.033459	-0.029108	43639.39	17.79
0.6996	0.033461	-0.029212	43642.39	17.52
0.6881	0.033447	-0.029120	43645.39	17.23
0.6755	0.033486	-0.029129	43648.39	16.92
0.6640	0.033464	-0.029122	43651.39	16.63
0.6542	0.033525	-0.029016	43654.39	16.39
0.6421	0.033473	-0.029021	43657.39	16.09
0.6317	0.033435	-0.029074	43660.39	15.83
0.6202	0.033484	-0.029016	43663.39	15.54
0.6077	0.033551	-0.029053	43666.39	15.23
0.5984	0.033213	-0.029119	43669.39	14.99
0.5913	0.033267	-0.028967	43672.39	14.82
0.5792	0.033336	-0.028921	43675.39	14.52
0.5688	0.033617	-0.028963	43678.39	14.26
0.5601	0.033401	-0.028965	43681.39	14.04
0.5491	0.033521	-0.028923	43684.39	13.76
0.5426	0.033471	-0.028793	43687.39	13.60
0.5316	0.033449	-0.028835	43690.39	13.33
0.5234	0.033245	-0.028998	43693.39	13.12
0.5136	0.033459	-0.028753	43696.39	12.87
0.5048	0.033524	-0.028730	43699.39	12.66
0.4939	0.033546	-0.028627	43702.39	12.38
0.4830	0.033464	-0.028816	43705.39	12.11
0.4726	0.033465	-0.028710	43708.39	11.85
0.4594	0.033598	-0.028459	43711.39	11.52
0.4496	0.033379	-0.028769	43714.39	11.27
0.4370	0.033351	-0.028791	43717.39	10.96
0.4255	0.033350	-0.028818	43720.39	10.67
0.4157	0.033453	-0.028775	43723.39	10.42
0.4026	0.033324	-0.028795	43726.39	10.10
0.3944	0.033383	-0.028818	43729.39	9.89
0.3829	0.033184	-0.029045	43732.39	9.60
0.3708	0.033440	-0.028879	43735.39	9.30
0.3621	0.033344	-0.028811	43738.39	9.08
0.3511	0.033392	-0.028823	43741.39	8.81
0.3435	0.033234	-0.028897	43744.39	8.62
0.3325	0.033303	-0.028878	43747.39	8.34
0.3216	0.033387	-0.028714	43750.39	8.07
0.3150	0.032991	-0.028944	43753.39	7.90
0.3068	0.033357	-0.028895	43756.39	7.70
0.2948	0.033426	-0.028977	43759.39	7.40
0.2850	0.033188	-0.029158	43762.39	7.15
0.2707	0.033199	-0.029164	43765.39	6.79
0.2620	0.033458	-0.028960	43768.39	6.57
0.2483	0.033605	-0.029015	43771.39	6.23
0.2363	0.033672	-0.029134	43774.39	5.93
0.2270	0.033509	-0.029071	43777.39	5.69
0.2139	0.033806	-0.028959	43780.39	5.37
0.2024	0.033885	-0.029111	43783.39	5.08
0.1914	0.033848	-0.029169	43786.39	4.80
0.1794	0.033866	-0.029150	43789.39	4.50
0.1706	0.033918	-0.028935	43792.39	4.28
0.1624	0.033858	-0.029304	43795.39	4.08
0.1532	0.034026	-0.029255	43798.39	3.84
0.1411	0.034117	-0.029373	43801.39	3.54
0.1346	0.034122	-0.029335	43804.39	3.38
0.1263	0.034158	-0.029417	43807.39	3.17
0.1192	0.034358	-0.029706	43810.39	2.99
0.1110	0.034063	-0.030009	43813.39	2.79
0.1039	0.034226	-0.029982	43816.39	2.61
0.0946	0.034588	-0.029651	43819.39	2.37
0.0859	0.034945	-0.029643	43822.39	2.15
0.0760	0.034987	-0.029709	43825.39	1.91
0.0667	0.035182	-0.029731	43828.39	1.67
0.0607	0.035164	-0.029947	43831.39	1.52
0.0514	0.035385	-0.030329	43834.39	1.29
0.0421	0.035568	-0.030049	43837.39	1.06
0.0366	0.035633	-0.030269	43840.39	0.92
0.0279	0.035645	-0.030543	43843.39	0.70
0.0224	0.036045	-0.030490	43846.39	0.56
0.0148	0.036202	-0.030802	43849.39	0.37
0.0082	0.036109	-0.031097	43852.39	0.21
0.0006	0.036008	-0.031262	43855.39	0.01
-0.0049	0.036302	-0.031028	43858.39	-0.12
-0.0115	0.036240	-0.031389	43861.39	-0.29
-0.0153	0.036393	-0.031346	43864.39	-0.39
-0.0230	0.036741	-0.031616	43867.39	-0.58
-0.0274	0.036751	-0.031696	43870.39	-0.69
-0.0334	0.036893	-0.031867	43873.39	-0.84
-0.0394	0.037045	-0.032131	43876.39	-0.99
-0.0438	0.036955	-0.032104	43879.39	-1.10
-0.0487	0.036977	-0.032289	43882.39	-1.23
-0.0547	0.037434	-0.032504	43885.39	-1.38
-0.0596	0.037418	-0.032505	43888.39	-1.50
-0.0640	0.037293	-0.032928	43891.39	-1.62
-0.0706	0.037714	-0.032986	43894.39	-1.78
-0.0777	0.037721	-0.032893	43897.39	-1.96
-0.0831	0.037971	-0.033292	43900.39	-2.10
-0.0848	0.038093	-0.033403	43903.39	-2.14
-0.0941	0.037818	-0.033979	43906.39	-2.38
-0.0963	0.037897	-0.034131	43909.39	-2.43
-0.1028	0.038077	-0.034163	43912.39	-2.60
-0.1083	0.038403	-0.034310	43915.39	-2.74
-0.1132	0.038165	-0.034549	43918.39	-2.86
-0.1192	0.038489	-0.034608	43921.39	-3.02
-0.1236	0.038476	-0.034854	43924.39	-3.13
-0.1285	0.038613	-0.035094	43927.39	-3.25
-0.1340	0.038788	-0.035397	43930.39	-3.39
-0.1384	0.038476	-0.035190	43933.39	-3.50
-0.1449	0.038502	-0.035886	43936.39	-3.67
-0.1499	0.038639	-0.035694	43939.39	-3.80
-0.1531	0.038598	-0.036071	43942.39	-3.88
-0.1592	0.038863	-0.036424	43945.39	-4.03
-0.1685	0.038528	-0.036892	43948.39	-4.27
-0.1706	0.038516	-0.036840	43951.39	-4.33
-0.1778	0.038812	-0.036852	43954.39	-4.51
-0.1887	0.038692	-0.037224	43957.39	-4.79
-0.1936	0.038553	-0.037608	43960.39	-4.91
-0.2002	0.038847	-0.037595	43963.39	-5.08
-0.2111	0.038723	-0.037669	43966.39	-5.36
-0.2193	0.039089	-0.037926	43969.39	-5.57
-0.2232	0.038675	-0.038767	43972.39	-5.67
-0.2352	0.038655	-0.038451	43975.39	-5.97
-0.2472	0.038843	-0.038564	43978.39	-6.28
-0.2560	0.038710	-0.038647	43981.39	-6.51
-0.2658	0.038815	-0.038937	43984.39	-6.76
-0.2768	0.038681	-0.039132	43987.39	-7.04
-0.2888	0.038976	-0.038687	43990.39	-7.35
-0.2997	0.038899	-0.039317	43993.39	-7.63
-0.3118	0.038602	-0.039700	43996.39	-7.94
-0.3232	0.038755	-0.039464	43999.39	-8.23
-0.3353	0.038962	-0.039430	44002.39	-8.54
-0.3506	0.039056	-0.039410	44005.39	-8.93
-0.3632	0.038977	-0.039622	44008.39	-9.26
-0.3785	0.038967	-0.039698	44011.39	-9.65
-0.3938	0.039232	-0.039710	44014.39	-10.05
-0.4102	0.039250	-0.039566	44017.39	-10.47
-0.4250	0.039284	-0.039641	44020.39	-10.85
-0.4419	0.039470	-0.039265	44023.39	-11.29
-0.4583	0.039695	-0.039490	44026.39	-11.71
-0.4726	0.039826	-0.039141	44029.39	-12.08
-0.4906	0.039735	-0.039248	44032.39	-12.55
-0.5065	0.039713	-0.039282	44035.39	-12.96
-0.5212	0.040262	-0.039358	44038.39	-13.34
-0.5355	0.040163	-0.039247	44041.39	-13.71
-0.5541	0.039909	-0.039214	44044.39	-14.19
-0.5655	0.040155	-0.039049	44047.39	-14.49
-0.5841	0.040460	-0.038870	44050.39	-14.97
-0.5978	0.040525	-0.038942	44053.39	-15.32
-0.6109	0.040496	-0.038604	44056.39	-15.67
-0.6224	0.040686	-0.038650	44059.39	-15.96
-0.6372	0.040716	-0.038445	44062.39	-16.35
-0.6547	0.040858	-0.038576	44065.39	-16.80
-0.6700	0.040808	-0.038448	44068.39	-17.20
-0.6864	0.040833	-0.038435	44071.39	-17.63
-0.7045	0.040795	-0.038358	44074.39	-18.10
-0.7242	0.040669	-0.038462	44077.39	-18.61
-0.7384	0.041058	-0.038061	44080.39	-18.99
-0.7532	0.041261	-0.037947	44083.39	-19.37
-0.7696	0.040934	-0.038073	44086.39	-19.80
-0.7849	0.040912	-0.038135	44089.39	-20.20
-0.8024	0.041175	-0.037727	44092.39	-20.66
-0.8150	0.041250	-0.037919	44095.39	-20.99
-0.8286	0.041034	-0.037589	44098.39	-21.35
-0.8428	0.041223	-0.037671	44101.39	-21.72
-0.8565	0.041066	-0.037602	44104.39	-22.08
-0.8691	0.041568	-0.037833	44107.39	-22.41
-0.8800	0.041295	-0.037764	44110.39	-22.70
-0.8948	0.041186	-0.037895	44113.39	-23.08
-0.9052	0.040998	-0.037650	44116.39	-23.36
-0.9178	0.041234	-0.037576	44119.39	-23.69
-0.9287	0.041377	-0.037398	44122.39	-23.98
-0.9446	0.041389	-0.037486	44125.39	-24.39
-0.9599	0.041466	-0.037286	44128.39	-24.80
-0.9725	0.041584	-0.037290	44131.39	-25.13
-0.9911	0.041454	-0.037231	44134.39	-25.62
-1.0042	0.041218	-0.037047	44137.39	-25.97
-1.0217	0.041595	-0.037187	44140.39	-26.43
-1.0321	0.041548	-0.036882	44143.39	-26.71
-1.0458	0.041467	-0.036883	44146.39	-27.07
-1.0644	0.041244	-0.037029	44149.39	-27.56
-1.0764	0.041195	-0.037106	44152.39	-27.88
-1.0873	0.041204	-0.036941	44155.39	-28.17
-1.0988	0.041264	-0.036843	44158.39	-28.48
-1.1119	0.041270	-0.036968	44161.39	-28.82
-1.1234	0.041169	-0.036927	44164.39	-29.13
-1.1366	0.041345	-0.036841	44167.39	-29.48
-1.1480	0.041244	-0.036869	44170.39	-29.79
-1.1590	0.041268	-0.036806	44173.39	-30.08
-1.1716	0.041430	-0.036833	44176.39	-30.41
-1.1847	0.041355	-0.036765	44179.39	-30.76
-1.1913	0.041507	-0.036460	44182.39	-30.94
-1.2033	0.041369	-0.036596	44185.39	-31.26
-1.2120	0.041271	-0.036655	44188.39	-31.49
-1.2208	0.041191	-0.036901	44191.39	-31.73
-1.2290	0.041118	-0.036789	44194.39	-31.95
-1.2356	0.041234	-0.036693	44197.39	-32.12
-1.2388	0.041258	-0.036599	44200.39	-32.21
-1.2427	0.041436	-0.036546	44203.39	-32.31
-1.2476	0.041443	-0.036445	44206.39	-32.44
-1.2509	0.041613	-0.036247	44209.39	-32.53
-1.2509	0.041792	-0.036148	44212.39	-32.53
-1.2492	0.041915	-0.036046	44215.39	-32.49
-1.2481	0.041913	-0.036007	44218.39	-32.46
-1.2514	0.042006	-0.035901	44221.39	-32.55
-1.2481	0.042073	-0.035901	44224.39	-32.46
-1.2470	0.042192	-0.035705	44227.39	-32.43
-1.2410	0.042206	-0.035815	44230.39	-32.27
-1.2394	0.042353	-0.035677	44233.39	-32.22
-1.2367	0.042383	-0.035450	44236.39	-32.15
-1.2323	0.042503	-0.035599	44239.39	-32.03
-1.2295	0.042520	-0.035541	44242.39	-31.96
-1.2274	0.042511	-0.035586	44245.39	-31.90
-1.2230	0.042568	-0.035541	44248.39	-31.79
-1.2170	0.042611	-0.035492	44251.39	-31.62
-1.2115	0.042519	-0.035544	44254.39	-31.48
-1.2071	0.042641	-0.035487	44257.39	-31.36
-1.2027	0.042682	-0.035411	44260.39	-31.24
-1.1989	0.042695	-0.035455	44263.39	-31.14
-1.1934	0.042804	-0.035435	44266.39	-31.00
-1.1885	0.042861	-0.035487	44269.39	-30.86
-1.1820	0.042803	-0.035365	44272.39	-30.69
-1.1748	0.042861	-0.035491	44275.39	-30.50
-1.1699	0.042961	-0.035322	44278.39	-30.37
-1.1634	0.042869	-0.035509	44281.39	-30.19
-1.1579	0.042824	-0.035474	44284.39	-30.05
-1.1513	0.042829	-0.035438	44287.39	-29.87
-1.1453	0.042940	-0.035354	44290.39	-29.71
-1.1371	0.042901	-0.035489	44293.39	-29.49
-1.1322	0.042910	-0.035503	44296.39	-29.36
-1.1240	0.042945	-0.035486	44299.39	-29.14
-1.1191	0.042994	-0.035513	44302.39	-29.01
-1.1136	0.043107	-0.035487	44305.39	-28.87
-1.1048	0.042994	-0.035657	44308.39	-28.64
-1.0983	0.042965	-0.035460	44311.39	-28.46
-1.0934	0.043048	-0.035517	44314.39	-28.33
-1.0851	0.043042	-0.035465	44317.39	-28.11
-1.0775	0.043184	-0.035560	44320.39	-27.91
-1.0726	0.043099	-0.035483	44323.39	-27.78
-1.0671	0.043033	-0.035613	44326.39	-27.63
-1.0583	0.043154	-0.035613	44329.39	-27.40
-1.0518	0.043240	-0.035566	44332.39	-27.23
-1.0463	0.043175	-0.035618	44335.39	-27.08
-1.0419	0.043128	-0.035584	44338.39	-26.97
-1.0310	0.043108	-0.035654	44341.39	-26.68
-1.0266	0.043245	-0.035669	44344.39	-26.56
-1.0179	0.043204	-0.035655	44347.39	-26.33
-1.0129	0.043152	-0.035661	44350.39	-26.20
-1.0064	0.043251	-0.035753	44353.39	-26.03
-0.9987	0.043192	-0.035649	44356.39	-25.82
-0.9900	0.043224	-0.035706	44359.39	-25.59
-0.9834	0.043168	-0.035688	44362.39	-25.42
-0.9796	0.043381	-0.035599	44365.39	-25.32
-0.9736	0.043318	-0.035759	44368.39	-25.16
-0.9670	0.043243	-0.035761	44371.39	-24.99
-0.9588	0.043299	-0.035700	44374.39	-24.77
-0.9539	0.043290	-0.035718	44377.39	-24.64
-0.9473	0.043190	-0.035894	44380.39	-24.47
-0.9397	0.043220	-0.035913	44383.39	-24.26
-0.9369	0.043267	-0.035776	44386.39	-24.19
-0.9276	0.043345	-0.035844	44389.39	-23.95
-0.9216	0.043282	-0.035814	44392.39	-23.79
-0.9150	0.043224	-0.035862	44395.39	-23.62
-0.9074	0.043263	-0.035850	44398.39	-23.42
-0.9025	0.043340	-0.035910	44401.39	-23.29
-0.8970	0.043378	-0.035951	44404.39	-23.14
-0.8904	0.043341	-0.035982	44407.39	-22.97
-0.8828	0.043406	-0.035966	44410.39	-22.77
-0.8784	0.043360	-0.035930	44413.39	-22.65
-0.8724	0.043422	-0.035916	44416.39	-22.49
-0.8675	0.043396	-0.035975	44419.39	-22.37
-0.8598	0.043331	-0.035974	44422.39	-22.16
-0.8527	0.043392	-0.035814	44425.39	-21.98
-0.8483	0.043416	-0.036024	44428.39	-21.86
-0.8412	0.043398	-0.036010	44431.39	-21.68
-0.8374	0.043402	-0.036038	44434.39	-21.58
-0.8319	0.043420	-0.036030	44437.39	-21.43
-0.8243	0.043447	-0.036042	44440.39	-21.23
-0.8193	0.043507	-0.035957	44443.39	-21.10
-0.8122	0.043487	-0.035946	44446.39	-20.92
-0.8078	0.043514	-0.036094	44449.39	-20.80
-0.8013	0.043542	-0.035936	44452.39	-20.63
-0.7958	0.043595	-0.036004	44455.39	-20.49
-0.7898	0.043557	-0.036037	44458.39	-20.33
-0.7860	0.043659	-0.036014	44461.39	-20.23
-0.7800	0.043589	-0.036040	44464.39	-20.07
-0.7734	0.043531	-0.036073	44467.39	-19.90
-0.7679	0.043677	-0.036137	44470.39	-19.76
-0.7630	0.043676	-0.036091	44473.39	-19.63
-0.7564	0.043597	-0.036032	44476.39	-19.46
-0.7521	0.043511	-0.036169	44479.39	-19.34
-0.7471	0.043610	-0.036128	44482.39	-19.21
-0.7433	0.043685	-0.036126	44485.39	-19.11
-0.7356	0.043565	-0.036115	44488.39	-18.91
-0.7318	0.043602	-0.036161	44491.39	-18.81
-0.7253	0.043897	-0.036009	44494.39	-18.64
-0.7203	0.043712	-0.036177	44497.39	-18.51
-0.7149	0.043895	-0.036059	44500.39	-18.37
-0.7088	0.043650	-0.036111	44503.39	-18.21
-0.7034	0.043795	-0.036127	44506.39	-18.07
-0.7001	0.043781	-0.036080	44509.39	-17.99
-0.6946	0.043670	-0.036098	44512.39	-17.84
-0.6886	0.043790	-0.036188	44515.39	-17.69
-0.6831	0.043764	-0.036166	44518.39	-17.54
-0.6788	0.043785	-0.036141	44521.39	-17.43
-0.6738	0.043818	-0.036173	44524.39	-17.30
-0.6689	0.043671	-0.036179	44527.39	-17.17
-0.6656	0.043702	-0.036217	44530.39	-17.09
-0.6585	0.043962	-0.036064	44533.39	-16.90
-0.6547	0.043849	-0.036229	44536.39	-16.80
-0.6503	0.043786	-0.036177	44539.39	-16.69
-0.6443	0.043829	-0.036263	44542.39	-16.53
-0.6394	0.043756	-0.036133	44545.39	-16.40
-0.6356	0.043813	-0.036283	44548.39	-16.31
-0.6312	0.043785	-0.036385	44551.39	-16.19
-0.6279	0.043809	-0.036263	44554.39	-16.11
-0.6230	0.043872	-0.036207	44557.39	-15.98
-0.6170	0.043730	-0.036386	44560.39	-15.82
-0.6137	0.043797	-0.036351	44563.39	-15.74
-0.6077	0.043797	-0.036362	44566.39	-15.58
-0.6049	0.043910	-0.036177	44569.39	-15.51
-0.5995	0.043869	-0.036277	44572.39	-15.37
-0.5929	0.043865	-0.036269	44575.39	-15.20
-0.5891	0.043931	-0.036247	44578.39	-15.10
-0.5847	0.043881	-0.036249	44581.39	-14.98
-0.5809	0.043845	-0.036336	44584.39	-14.88
-0.5754	0.043854	-0.036410	44587.39	-14.74
-0.5721	0.043871	-0.036222	44590.39	-14.66
-0.5688	0.042936	-0.037422	44593.39	-14.57
-0.5617	0.042812	-0.037416	44596.39	-14.39
-0.5590	0.043954	-0.037378	44599.39	-14.32
-0.5546	0.043887	-0.036390	44602.39	-14.20
-0.5453	0.043957	-0.036330	44605.39	-13.96
-0.5404	0.043467	-0.036367	44608.39	-13.83
-0.5305	0.043703	-0.036268	44611.39	-13.58
-0.5229	0.043107	-0.037104	44614.39	-13.38
-0.5147	0.043196	-0.037155	44617.39	-13.17
-0.5076	0.043323	-0.035991	44620.39	-12.98
-0.4977	0.044483	-0.035967	44623.39	-12.73
-0.4884	0.044581	-0.035898	44626.39	-12.49
-0.4775	0.044523	-0.035834	44629.39	-12.21
-0.4660	0.044864	-0.035613	44632.39	-11.91
-0.4583	0.043796	-0.036882	44635.39	-11.71
-0.4458	0.043798	-0.036831	44638.39	-11.39
-0.4359	0.043776	-0.036797	44641.39	-11.13
-0.4250	0.043934	-0.036663	44644.39	-10.85
-0.4146	0.043873	-0.036695	44647.39	-10.58
-0.4031	0.043979	-0.035409	44650.39	-10.29
-0.3900	0.044093	-0.035580	44653.39	-9.95
-0.3812	0.045150	-0.035545	44656.39	-9.72
-0.3692	0.044000	-0.036663	44659.39	-9.41
-0.3555	0.045224	-0.035312	44662.39	-9.06
-0.3429	0.045294	-0.035396	44665.39	-8.74
-0.3304	0.045460	-0.035302	44668.39	-8.41
-0.3167	0.045226	-0.035444	44671.39	-8.06
-0.3063	0.045267	-0.035364	44674.39	-7.80
-0.2943	0.045340	-0.035256	44677.39	-7.49
-0.2833	0.045551	-0.035120	44680.39	-7.21
-0.2718	0.045455	-0.035219	44683.39	-6.91
-0.2593	0.045458	-0.035097	44686.39	-6.59
-0.2478	0.045472	-0.035023	44689.39	-6.30
-0.2368	0.045391	-0.035041	44692.39	-6.02
-0.2275	0.045556	-0.035016	44695.39	-5.78
-0.2177	0.045615	-0.034959	44698.39	-5.53
-0.2084	0.045620	-0.035092	44701.39	-5.29
-0.1985	0.045612	-0.035073	44704.39	-5.04
-0.1925	0.045560	-0.035001	44707.39	-4.88
-0.1827	0.045562	-0.034795	44710.39	-4.63
-0.1739	0.045695	-0.035091	44713.39	-4.41
-0.1668	0.045504	-0.035044	44716.39	-4.23
-0.1592	0.044389	-0.036263	44719.39	-4.03
-0.1531	0.044379	-0.036100	44722.39	-3.88
-0.1482	0.044161	-0.036272	44725.39	-3.75
-0.1389	0.044276	-0.036102	44728.39	-3.52
-0.1346	0.045024	-0.036304	44731.39	-3.41
-0.1253	0.044107	-0.036221	44734.39	-3.17
-0.1187	0.044265	-0.036197	44737.39	-3.00
-0.1149	0.045242	-0.034865	44740.39	-2.91
-0.1099	0.045222	-0.034918	44743.39	-2.78
-0.1050	0.045035	-0.035062	44746.39	-2.66
-0.0990	0.044909	-0.034964	44749.39	-2.50
-0.0941	0.044955	-0.034842	44752.39	-2.38
-0.0908	0.044887	-0.034828	44755.39	-2.29
-0.0864	0.044840	-0.034594	44758.39	-2.18
-0.0837	0.044819	-0.034674	44761.39	-2.11
-0.0777	0.045008	-0.034620	44764.39	-1.96
-0.0744	0.044914	-0.034477	44767.39	-1.88
-0.0695	0.044865	-0.034256	44770.39	-1.75
-0.0640	0.044783	-0.034358	44773.39	-1.62
-0.0607	0.044930	-0.035108	44776.39	-1.53
-0.0569	0.043725	-0.035371	44779.39	-1.44
-0.0541	0.043655	-0.035224	44782.39	-1.37
-0.0509	0.043521	-0.035221	44785.39	-1.28
-0.0470	0.043487	-0.034974	44788.39	-1.19
-0.0399	0.043384	-0.035018	44791.39	-1.01
-0.0377	0.043349	-0.034937	44794.39	-0.95
-0.0339	0.043318	-0.034783	44797.39	-0.85
-0.0295	0.043153	-0.034652	44800.39	-0.74
-0.0235	0.043093	-0.034317	44803.39	-0.59
-0.0208	0.044222	-0.034236	44806.39	-0.52
-0.0170	0.044274	-0.032696	44809.39	-0.43
-0.0142	0.043498	-0.032430	44812.39	-0.36
-0.0082	0.044278	-0.032383	44815.39	-0.21
-0.0033	0.043988	-0.032053	44818.39	-0.08
0.0022	0.044112	-0.031889	44821.39	0.05
0.0055	0.043871	-0.031623	44824.39	0.14
0.0098	0.043642	-0.031313	44827.39	0.25
0.0170	0.043663	-0.030948	44830.39	0.43
0.0230	0.042493	-0.032035	44833.39	0.58
0.0263	0.042377	-0.031573	44836.39	0.66
0.0334	0.042314	-0.031450	44839.39	0.84
0.0405	0.042282	-0.031194	44842.39	1.02
0.0454	0.041853	-0.031348	44845.39	1.14
0.0520	0.041792	-0.031015	44848.39	1.30
0.0602	0.041829	-0.030594	44851.39	1.51
0.0695	0.041532	-0.030415	44854.39	1.74
0.0749	0.042490	-0.028798	44857.39	1.88
0.0831	0.042360	-0.028381	44860.39	2.09
0.0946	0.042401	-0.028241	44863.39	2.37
0.0995	0.042257	-0.027988	44866.39	2.50
0.1088	0.042331	-0.028456	44869.39	2.73
0.1203	0.042151	-0.027211	44872.39	3.02
0.1280	0.042017	-0.026978	44875.39	3.21
0.1406	0.041756	-0.026820	44878.39	3.53
0.1493	0.041428	-0.026435	44881.39	3.75
0.1619	0.041347	-0.026528	44884.39	4.06
0.1717	0.041017	-0.026231	44887.39	4.31
0.1827	0.041060	-0.025887	44890.39	4.58
0.1925	0.039532	-0.027130	44893.39	4.83
0.2040	0.039820	-0.026973	44896.39	5.12
0.2133	0.039998	-0.026911	44899.39	5.35
0.2281	0.040001	-0.025823	44902.39	5.72
0.2390	0.040083	-0.025543	44905.39	6.00
0.2500	0.039875	-0.025272	44908.41	6.27
0.2636	0.039712	-0.025472	44911.39	6.61
0.2779	0.039658	-0.025223	44914.39	6.97
0.2904	0.039389	-0.025903	44917.39	7.29
0.3030	0.038315	-0.026094	44920.39	7.60
0.3178	0.038139	-0.024895	44923.39	7.97
0.3304	0.039260	-0.024831	44926.39	8.29
0.3435	0.039208	-0.024823	44929.39	8.62
0.3566	0.039300	-0.024779	44932.39	8.94
0.3719	0.038988	-0.024559	44935.39	9.33
0.3834	0.039125	-0.024774	44938.39	9.62
0.3965	0.039132	-0.024654	44941.39	9.95
0.4102	0.039215	-0.024448	44944.39	10.29
0.4222	0.039318	-0.024709	44947.39	10.59
0.4332	0.039210	-0.024526	44950.39	10.86
0.4458	0.039310	-0.024300	44953.39	11.18
0.4583	0.038050	-0.025444	44956.39	11.49
0.4698	0.038174	-0.025398	44959.39	11.78
0.4813	0.038085	-0.025519	44962.39	12.07
0.4923	0.038349	-0.025202	44965.39	12.34
0.5054	0.038171	-0.024690	44968.39	12.67
0.5169	0.039112	-0.024194	44971.39	12.96
0.5289	0.039520	-0.024104	44974.39	13.26
0.5431	0.039508	-0.023840	44977.39	13.61
0.5546	0.039572	-0.023733	44980.39	13.90
0.5688	0.039667	-0.023773	44983.39	14.26
0.5809	0.039894	-0.023559	44986.39	14.56
0.5951	0.039715	-0.023666	44989.39	14.91
0.6098	0.039866	-0.023581	44992.39	15.28
0.6224	0.039955	-0.023505	44995.39	15.59
0.6345	0.039926	-0.023517	44998.39	15.89
0.6503	0.039928	-0.023411	45001.39	16.29
0.6607	0.040046	-0.023372	45004.39	16.55
0.6755	0.040116	-0.023370	45007.39	16.92
0.6875	0.040105	-0.023193	45010.39	17.22
0.7001	0.040054	-0.023529	45013.39	17.53
0.7105	0.040068	-0.023585	45016.39	17.79
0.7225	0.040085	-0.023518	45019.39	18.09
0.7329	0.039060	-0.024510	45022.39	18.35
0.7466	0.039077	-0.024504	45025.39	18.69
0.7559	0.040063	-0.024109	45028.39	18.92
0.7663	0.038809	-0.024758	45031.39	19.18
0.7783	0.038940	-0.024777	45034.39	19.48
0.7903	0.038990	-0.024873	45037.39	19.78
0.8046	0.038855	-0.024957	45040.39	20.13
0.8160	0.038828	-0.024818	45043.39	20.42
0.8286	0.038835	-0.024775	45046.39	20.73
0.8412	0.039912	-0.023646	45049.39	21.04
0.8549	0.040191	-0.023584	45052.39	21.38
0.8686	0.040225	-0.023314	45055.39	21.72
0.8839	0.040613	-0.023270	45058.39	22.10
0.8970	0.040541	-0.024157	45061.39	22.43
0.9090	0.040367	-0.023432	45064.39	22.73
0.9232	0.040461	-0.023314	45067.39	23.08
0.9375	0.040501	-0.023500	45070.39	23.43
0.9501	0.040932	-0.023314	45073.39	23.75
0.9599	0.039636	-0.023943	45076.39	23.99
0.9747	0.039464	-0.024714	45079.39	24.36
0.9872	0.039552	-0.024272	45082.39	24.67
1.0004	0.039832	-0.024538	45085.39	24.99
1.0091	0.041016	-0.023113	45088.39	25.21
