1.5391	0.051499	-0.037244	62364.45	38.25
1.5402	0.051710	-0.036964	62367.45	38.28
1.5413	0.051687	-0.036876	62370.45	38.31
1.5408	0.051804	-0.036886	62373.45	38.29
1.5413	0.051875	-0.036980	62376.45	38.31
1.5408	0.050998	-0.037779	62379.45	38.29
1.5402	0.051549	-0.036876	62382.45	38.28
1.5397	0.051436	-0.037233	62385.45	38.27
1.5402	0.051468	-0.037269	62388.45	38.28
1.5397	0.051577	-0.037226	62391.45	38.27
1.5397	0.051454	-0.037148	62394.45	38.27
1.5418	0.051601	-0.037231	62397.45	38.32
1.5397	0.051630	-0.037247	62400.45	38.27
1.5418	0.051628	-0.037312	62403.45	38.32
1.5408	0.051523	-0.037080	62406.45	38.29
1.5386	0.051560	-0.037313	62409.45	38.24
1.5408	0.051553	-0.037251	62412.45	38.29
1.5397	0.051556	-0.037162	62415.45	38.27
1.5380	0.051602	-0.037332	62418.45	38.23
1.5402	0.051447	-0.037226	62421.45	38.28
1.5397	0.051434	-0.037149	62424.45	38.27
1.5380	0.051509	-0.037387	62427.45	38.23
1.5408	0.051490	-0.037129	62430.45	38.29
1.5386	0.051738	-0.037106	62433.45	38.24
1.5358	0.051509	-0.037080	62436.45	38.17
1.5380	0.051610	-0.037244	62439.45	38.23
1.5380	0.051555	-0.037103	62442.45	38.23
1.5369	0.051646	-0.037072	62445.45	38.20
1.5347	0.051623	-0.037043	62448.45	38.15
1.5358	0.051696	-0.037033	62451.45	38.17
1.5358	0.051699	-0.036791	62454.45	38.17
1.5336	0.051644	-0.037174	62457.45	38.12
1.5353	0.051596	-0.037157	62460.45	38.16
1.5325	0.051545	-0.037104	62463.45	38.09
1.5353	0.051636	-0.037063	62466.45	38.16
1.5325	0.051624	-0.037114	62469.45	38.09
1.5336	0.051665	-0.036981	62472.45	38.12
1.5304	0.051493	-0.037195	62475.45	38.04
1.5326	0.051563	-0.037060	62478.45	38.09
1.5326	0.051693	-0.036985	62481.45	38.09
1.5309	0.051677	-0.036924	62484.45	38.05
1.5304	0.051709	-0.037124	62487.45	38.04
1.5293	0.051512	-0.037175	62490.45	38.01
1.5287	0.051528	-0.037153	62493.45	38.00
1.5298	0.051672	-0.037062	62496.45	38.03
1.5287	0.051321	-0.037305	62499.45	38.00
1.5282	0.051379	-0.037304	62502.45	37.98
1.5265	0.051379	-0.037389	62505.45	37.94
1.5282	0.051428	-0.037059	62508.45	37.98
1.5265	0.051602	-0.036954	62511.45	37.94
1.5243	0.051604	-0.037097	62514.45	37.89
1.5243	0.051437	-0.037068	62517.45	37.89
1.5243	0.051437	-0.037063	62520.45	37.89
1.5227	0.051453	-0.037176	62523.45	37.85
1.5227	0.051481	-0.037143	62526.45	37.85
1.5205	0.051459	-0.037277	62529.45	37.80
1.5205	0.051546	-0.037103	62532.45	37.80
1.5194	0.051502	-0.037077	62535.45	37.77
1.5178	0.051575	-0.036995	62538.45	37.73
1.5172	0.051001	-0.037221	62541.45	37.72
1.5183	0.051437	-0.037080	62544.45	37.74
1.5172	0.051425	-0.037194	62547.45	37.72
1.5167	0.051463	-0.037321	62550.45	37.70
1.5140	0.051413	-0.037275	62553.45	37.64
1.5150	0.051469	-0.037208	62556.45	37.66
1.5145	0.051478	-0.037280	62559.45	37.65
1.5129	0.051398	-0.037210	62562.45	37.61
1.5129	0.051321	-0.036993	62565.45	37.61
1.5107	0.051547	-0.037086	62568.45	37.56
1.5096	0.051549	-0.037060	62571.45	37.53
1.5101	0.051559	-0.037054	62574.45	37.54
1.5090	0.051487	-0.037101	62577.45	37.52
1.5085	0.051447	-0.037204	62580.45	37.50
1.5074	0.051395	-0.037183	62583.45	37.48
1.5063	0.051356	-0.037180	62586.45	37.45
1.5068	0.051605	-0.037166	62589.45	37.46
1.5057	0.051362	-0.037165	62592.45	37.44
1.5047	0.051476	-0.037274	62595.45	37.41
1.5025	0.051323	-0.037185	62598.45	37.36
1.5025	0.051693	-0.037482	62601.45	37.36
1.5008	0.051522	-0.036978	62604.45	37.32
1.4992	0.051549	-0.037125	62607.45	37.28
1.4997	0.051299	-0.037215	62610.45	37.29
1.4986	0.051468	-0.037017	62613.45	37.26
1.4954	0.051533	-0.036991	62616.45	37.18
1.4948	0.051505	-0.036899	62619.45	37.17
1.4948	0.051412	-0.037012	62622.45	37.17
1.4932	0.051481	-0.036905	62625.45	37.13
1.4932	0.051494	-0.037137	62628.45	37.13
1.4899	0.051438	-0.037098	62631.45	37.05
1.4899	0.051347	-0.037107	62634.45	37.05
1.4877	0.051508	-0.037088	62637.45	36.99
1.4877	0.051422	-0.036987	62640.45	36.99
1.4855	0.051370	-0.037247	62643.45	36.94
1.4844	0.051420	-0.037139	62646.45	36.91
1.4811	0.051416	-0.037104	62649.45	36.83
1.4806	0.051423	-0.037048	62652.45	36.82
1.4790	0.051378	-0.037218	62655.45	36.78
1.4773	0.051356	-0.037113	62658.45	36.74
1.4718	0.051355	-0.037869	62661.45	36.61
1.4718	0.050998	-0.037416	62664.45	36.61
1.4697	0.051207	-0.037580	62667.45	36.55
1.4680	0.050991	-0.037463	62670.45	36.51
1.4686	0.050839	-0.037310	62673.45	36.53
1.4631	0.051167	-0.037405	62676.45	36.39
1.4609	0.051116	-0.037369	62679.45	36.34
1.4582	0.051100	-0.037115	62682.45	36.27
1.4576	0.050993	-0.037107	62685.45	36.26
1.4538	0.051266	-0.037127	62688.45	36.16
1.4500	0.051201	-0.037230	62691.45	36.07
1.4467	0.051101	-0.037344	62694.45	35.99
1.4445	0.051134	-0.037332	62697.45	35.94
1.4423	0.051167	-0.037312	62700.45	35.88
1.4412	0.050948	-0.037372	62703.45	35.86
1.4374	0.050857	-0.037369	62706.45	35.76
1.4319	0.051050	-0.037343	62709.45	35.63
1.4281	0.050923	-0.037206	62712.45	35.53
1.4259	0.050957	-0.037324	62715.45	35.48
1.4243	0.051020	-0.037323	62718.45	35.44
1.4210	0.050967	-0.037341	62721.45	35.36
1.4133	0.050791	-0.037518	62724.45	35.17
1.4106	0.050906	-0.037343	62727.45	35.10
1.4051	0.050969	-0.037387	62730.45	34.97
1.4018	0.050960	-0.037262	62733.45	34.89
1.3958	0.050802	-0.037473	62736.45	34.74
1.3914	0.050587	-0.037562	62739.45	34.63
1.3887	0.050519	-0.037649	62742.45	34.57
1.3843	0.050484	-0.037574	62745.45	34.46
1.3772	0.050585	-0.037937	62748.45	34.29
1.3696	0.050513	-0.037651	62751.45	34.10
1.3630	0.050578	-0.037603	62754.45	33.94
1.3586	0.050435	-0.037764	62757.45	33.83
1.3532	0.050400	-0.037631	62760.45	33.69
1.3493	0.050400	-0.037680	62763.45	33.60
1.3428	0.050270	-0.037702	62766.45	33.44
1.3362	0.050214	-0.037761	62769.45	33.28
1.3280	0.050048	-0.037924	62772.45	33.08
1.3214	0.049996	-0.038136	62775.45	32.91
1.3143	0.049923	-0.038038	62778.45	32.74
1.3045	0.049885	-0.038117	62781.45	32.50
1.2952	0.049832	-0.037879	62784.45	32.27
1.2930	0.050133	-0.037514	62787.45	32.22
1.2870	0.050271	-0.037713	62790.45	32.07
1.2810	0.050154	-0.037639	62793.45	31.92
1.2706	0.050400	-0.037547	62796.45	31.66
1.2635	0.050295	-0.037560	62799.45	31.49
1.2547	0.050260	-0.037524	62802.45	31.27
1.2454	0.050008	-0.037469	62805.45	31.04
1.2361	0.050188	-0.037535	62808.45	30.82
1.2197	0.049812	-0.037833	62811.45	30.41
1.2082	0.050146	-0.037719	62814.45	30.13
1.1907	0.049955	-0.038279	62817.45	29.70
1.1803	0.049569	-0.037874	62820.45	29.44
1.1732	0.049896	-0.037746	62823.45	29.26
1.1573	0.049401	-0.038194	62826.45	28.87
1.1546	0.049739	-0.037828	62829.45	28.81
1.1508	0.050119	-0.037598	62832.45	28.71
1.1404	0.050002	-0.037774	62835.45	28.45
1.1207	0.049483	-0.038099	62838.45	27.97
1.1136	0.049592	-0.037534	62841.45	27.79
1.1065	0.049207	-0.037547	62844.45	27.62
1.0851	0.049227	-0.038042	62847.45	27.09
1.0775	0.049748	-0.038048	62850.45	26.90
1.0666	0.049131	-0.038104	62853.45	26.63
1.0480	0.049216	-0.038230	62856.45	26.17
1.0348	0.049100	-0.038113	62859.45	25.85
1.0168	0.048827	-0.038302	62862.45	25.40
1.0009	0.049289	-0.037754	62865.45	25.01
0.9938	0.049493	-0.037616	62868.45	24.83
0.9894	0.049682	-0.037590	62871.45	24.72
0.9812	0.049610	-0.037504	62874.45	24.52
0.9626	0.048882	-0.037776	62877.45	24.06
0.9544	0.049484	-0.037573	62880.45	23.85
0.9468	0.049415	-0.037499	62883.45	23.66
0.9287	0.048908	-0.037737	62886.45	23.22
0.9222	0.049518	-0.037577	62889.45	23.05
0.9172	0.049605	-0.037522	62892.45	22.93
0.9096	0.049552	-0.037357	62895.45	22.74
0.8932	0.049198	-0.037673	62898.45	22.33
0.8882	0.049181	-0.037925	62901.45	22.21
0.8762	0.049360	-0.037520	62904.45	21.91
0.8675	0.049382	-0.037627	62907.45	21.70
0.8631	0.049255	-0.037451	62910.45	21.59
0.8521	0.049053	-0.037348	62913.45	21.32
0.8401	0.049470	-0.037313	62916.45	21.02
0.8270	0.049274	-0.037455	62919.45	20.69
0.8084	0.049172	-0.037734	62922.45	20.23
0.7958	0.049043	-0.037567	62925.45	19.92
0.7810	0.048555	-0.037800	62928.45	19.55
0.7679	0.048865	-0.037754	62931.45	19.22
0.7603	0.049063	-0.037541	62934.45	19.03
0.7499	0.048782	-0.037815	62937.45	18.77
0.7428	0.048509	-0.037636	62940.45	18.59
0.7313	0.049021	-0.037482	62943.45	18.31
0.7187	0.048644	-0.037750	62946.45	17.99
0.7176	0.049129	-0.037518	62949.45	17.97
0.7110	0.049040	-0.037337	62952.45	17.80
0.6859	0.048700	-0.037875	62955.45	17.18
0.6738	0.048524	-0.037649	62958.45	16.88
0.6782	0.048945	-0.037164	62961.45	16.99
0.6645	0.048409	-0.037489	62964.45	16.64
0.6476	0.048765	-0.037575	62967.45	16.22
0.6421	0.048416	-0.037804	62970.45	16.09
0.6295	0.048541	-0.037607	62973.45	15.77
0.6126	0.048188	-0.038282	62976.45	15.35
0.5962	0.048296	-0.038189	62979.45	14.94
0.5880	0.048239	-0.038042	62982.45	14.73
0.5732	0.048143	-0.038683	62985.45	14.36
0.5639	0.047902	-0.038343	62988.45	14.13
0.5431	0.048062	-0.038542	62991.45	13.61
0.5387	0.048088	-0.038066	62994.45	13.50
0.5180	0.048186	-0.038618	62997.45	12.98
0.5109	0.048272	-0.037860	63000.45	12.81
0.5048	0.048486	-0.037963	63003.45	12.66
0.4928	0.048143	-0.038031	63006.45	12.35
0.4846	0.048443	-0.037959	63009.45	12.15
0.4851	0.048696	-0.037940	63012.45	12.16
0.4737	0.048627	-0.038142	63015.45	11.88
0.4693	0.048540	-0.037968	63018.45	11.77
0.4616	0.048435	-0.037896	63021.45	11.57
0.4540	0.047891	-0.038133	63024.45	11.38
0.4480	0.048314	-0.037961	63027.45	11.23
0.4458	0.048406	-0.037942	63030.45	11.18
0.4485	0.048529	-0.037907	63033.45	11.25
0.4397	0.048429	-0.037940	63036.45	11.03
0.4376	0.048480	-0.038085	63039.45	10.97
0.4332	0.048313	-0.038214	63042.45	10.86
0.4299	0.048305	-0.038072	63045.45	10.78
0.4288	0.048559	-0.037921	63048.45	10.75
0.4239	0.048626	-0.038276	63051.45	10.63
0.4233	0.047983	-0.038568	63054.45	10.62
0.4184	0.047947	-0.038481	63057.45	10.49
0.4151	0.047967	-0.038609	63060.45	10.41
0.4102	0.047675	-0.038921	63063.45	10.29
0.4086	0.047749	-0.038619	63066.45	10.25
0.4058	0.048280	-0.038872	63069.45	10.18
0.4036	0.047825	-0.039011	63072.45	10.12
0.3998	0.047423	-0.038366	63075.45	10.03
0.3900	0.047772	-0.038352	63078.45	9.78
0.3971	0.047636	-0.038870	63081.45	9.96
0.3905	0.047661	-0.038627	63084.45	9.79
0.3851	0.047777	-0.038719	63087.45	9.66
0.3862	0.047721	-0.038749	63090.45	9.69
0.3856	0.047987	-0.038872	63093.45	9.67
0.3807	0.047629	-0.038770	63096.45	9.55
0.3845	0.047548	-0.038863	63099.45	9.64
0.3741	0.047876	-0.038693	63102.45	9.38
0.3736	0.047897	-0.039006	63105.45	9.37
0.3736	0.047641	-0.038855	63108.45	9.37
0.3703	0.047476	-0.039015	63111.45	9.29
0.3665	0.048313	-0.038929	63114.45	9.19
0.3621	0.047905	-0.038688	63117.45	9.08
0.3637	0.047723	-0.038887	63120.45	9.12
0.3604	0.047311	-0.039212	63123.45	9.04
0.3561	0.047620	-0.038718	63126.45	8.93
0.3500	0.047541	-0.038924	63129.45	8.78
0.3528	0.047822	-0.039032	63132.45	8.85
0.3484	0.047807	-0.039052	63135.45	8.74
0.3462	0.047647	-0.039036	63138.45	8.68
0.3391	0.048110	-0.038764	63141.45	8.51
0.3331	0.047812	-0.038314	63144.45	8.36
0.3342	0.047900	-0.038543	63147.45	8.38
0.3336	0.047979	-0.038561	63150.45	8.37
0.3304	0.048085	-0.038756	63153.45	8.29
0.3260	0.047807	-0.039137	63156.45	8.18
0.3254	0.047820	-0.038999	63159.45	8.16
0.3232	0.047948	-0.039137	63162.45	8.11
0.3156	0.047861	-0.038873	63165.45	7.92
0.3178	0.047931	-0.039086	63168.45	7.97
0.3145	0.047895	-0.039074	63171.45	7.89
0.3085	0.047740	-0.038939	63174.45	7.74
0.3052	0.047509	-0.039354	63177.45	7.66
0.3052	0.047998	-0.039074	63180.45	7.66
0.2954	0.048019	-0.039005	63183.45	7.41
0.2948	0.048187	-0.039214	63186.45	7.40
0.2975	0.047714	-0.038894	63189.45	7.46
0.2959	0.047972	-0.038991	63192.45	7.42
0.2910	0.048752	-0.038083	63195.45	7.30
0.2855	0.048466	-0.038100	63198.45	7.16
0.2718	0.048155	-0.039264	63201.45	6.82
0.2664	0.047410	-0.039905	63204.45	6.68
0.2571	0.047073	-0.039913	63207.45	6.45
0.2483	0.047005	-0.039960	63210.45	6.23
0.2418	0.047066	-0.040076	63213.45	6.07
0.2275	0.047089	-0.040189	63216.45	5.71
0.2128	0.047204	-0.040106	63219.45	5.34
0.1991	0.047253	-0.040053	63222.45	5.00
0.1843	0.047476	-0.040106	63225.45	4.62
0.1756	0.047413	-0.039941	63228.45	4.41
0.1614	0.047376	-0.040151	63231.45	4.05
0.1521	0.047651	-0.040099	63234.45	3.82
0.1428	0.047779	-0.040390	63237.45	3.58
0.1302	0.047818	-0.040392	63240.45	3.27
0.1127	0.047568	-0.040867	63243.45	2.83
0.1171	0.047938	-0.040578	63246.45	2.94
0.1039	0.047834	-0.040876	63249.45	2.61
0.1050	0.048035	-0.040751	63252.45	2.63
0.0935	0.047744	-0.040868	63255.45	2.35
0.0892	0.048485	-0.040340	63258.45	2.24
0.0782	0.048828	-0.040833	63261.45	1.96
0.0722	0.048678	-0.040794	63264.45	1.81
0.0580	0.048691	-0.041204	63267.45	1.45
0.0443	0.048584	-0.041313	63270.45	1.11
0.0306	0.048276	-0.041629	63273.45	0.77
0.0202	0.048396	-0.041761	63276.45	0.51
0.0038	0.048374	-0.041827	63279.45	0.10
-0.0126	0.048651	-0.042365	63282.45	-0.32
-0.0202	0.048837	-0.042574	63285.45	-0.51
-0.0263	0.048833	-0.043038	63288.45	-0.66
-0.0334	0.049027	-0.043296	63291.45	-0.84
-0.0498	0.048593	-0.043481	63294.45	-1.26
-0.0563	0.049326	-0.043613	63297.45	-1.42
-0.0662	0.049583	-0.043265	63300.45	-1.67
-0.0722	0.049775	-0.043270	63303.45	-1.82
-0.0837	0.049588	-0.043343	63306.45	-2.11
-0.0799	0.050100	-0.043704	63309.45	-2.02
-0.0886	0.050348	-0.043809	63312.45	-2.24
-0.0941	0.049866	-0.044410	63315.45	-2.38
-0.1072	0.050105	-0.044126	63318.45	-2.71
-0.1034	0.051128	-0.043949	63321.45	-2.61
-0.1138	0.051059	-0.044092	63324.45	-2.88
-0.1214	0.050951	-0.044854	63327.45	-3.07
-0.1302	0.050751	-0.045102	63330.45	-3.29
-0.1482	0.051205	-0.045601	63333.45	-3.75
-0.1471	0.050787	-0.045957	63336.45	-3.73
-0.1526	0.051590	-0.046509	63339.45	-3.87
-0.1581	0.051381	-0.046729	63342.45	-4.00
-0.1679	0.051906	-0.046984	63345.45	-4.26
-0.1696	0.052027	-0.046781	63348.45	-4.30
-0.1821	0.051757	-0.046971	63351.45	-4.62
-0.1843	0.052195	-0.046857	63354.45	-4.67
-0.1925	0.052427	-0.047265	63357.45	-4.88
-0.1931	0.052450	-0.047426	63360.45	-4.90
-0.2040	0.052372	-0.047728	63363.45	-5.18
-0.2133	0.052957	-0.047943	63366.45	-5.41
-0.2182	0.053599	-0.048164	63369.45	-5.54
-0.2259	0.053530	-0.048513	63372.45	-5.74
-0.2325	0.053851	-0.049137	63375.45	-5.90
-0.2456	0.053789	-0.048644	63378.45	-6.24
-0.2439	0.054063	-0.048754	63381.45	-6.20
-0.2571	0.053999	-0.049662	63384.45	-6.53
-0.2625	0.054035	-0.049839	63387.45	-6.67
-0.2718	0.054326	-0.049875	63390.45	-6.91
-0.2735	0.054093	-0.050378	63393.45	-6.95
-0.2844	0.054198	-0.049888	63396.45	-7.23
-0.2932	0.054204	-0.050828	63399.45	-7.46
-0.2992	0.054627	-0.050505	63402.45	-7.61
-0.3030	0.054071	-0.050815	63405.45	-7.71
-0.3145	0.054526	-0.050756	63408.45	-8.01
-0.3265	0.054622	-0.050996	63411.45	-8.32
-0.3254	0.054940	-0.051137	63414.45	-8.29
-0.3386	0.055139	-0.051017	63417.45	-8.62
-0.3490	0.055580	-0.051580	63420.45	-8.89
-0.3643	0.055588	-0.051428	63423.45	-9.29
-0.3725	0.055364	-0.051810	63426.45	-9.50
-0.3834	0.055359	-0.051699	63429.45	-9.78
-0.3851	0.055508	-0.052135	63432.45	-9.82
-0.3927	0.055910	-0.052218	63435.45	-10.02
-0.3916	0.055796	-0.051957	63438.45	-9.99
-0.3998	0.056057	-0.052219	63441.45	-10.20
-0.4015	0.055717	-0.052344	63444.45	-10.24
-0.4157	0.055496	-0.052782	63447.45	-10.61
-0.4239	0.055561	-0.052739	63450.45	-10.82
-0.4272	0.055636	-0.052772	63453.45	-10.91
-0.4403	0.055834	-0.053159	63456.45	-11.25
-0.4441	0.056660	-0.052579	63459.45	-11.34
-0.4578	0.056824	-0.052641	63462.45	-11.70
-0.4589	0.056240	-0.053212	63465.45	-11.73
-0.4715	0.056140	-0.053398	63468.45	-12.05
-0.4780	0.056310	-0.053322	63471.45	-12.22
-0.4830	0.056232	-0.053532	63474.45	-12.35
-0.4928	0.056266	-0.053478	63477.45	-12.60
-0.5098	0.056539	-0.053401	63480.45	-13.04
-0.5130	0.056001	-0.053763	63483.45	-13.13
-0.5229	0.056233	-0.053680	63486.45	-13.38
-0.5349	0.056604	-0.053392	63489.45	-13.69
-0.5420	0.056607	-0.053945	63492.45	-13.88
-0.5552	0.056495	-0.053139	63495.45	-14.22
-0.5584	0.056679	-0.053858	63498.45	-14.30
-0.5688	0.057338	-0.053891	63501.45	-14.57
-0.5688	0.057248	-0.053501	63504.45	-14.57
-0.5798	0.057186	-0.053731	63507.45	-14.86
-0.5847	0.056866	-0.054124	63510.45	-14.98
-0.6005	0.057345	-0.053973	63513.45	-15.40
-0.6033	0.057250	-0.054072	63516.45	-15.47
-0.6164	0.056935	-0.054175	63519.45	-15.81
-0.6208	0.057115	-0.054262	63522.45	-15.92
-0.6323	0.057188	-0.054484	63525.45	-16.22
-0.6372	0.057132	-0.054378	63528.45	-16.35
-0.6438	0.057083	-0.054337	63531.45	-16.52
-0.6520	0.056868	-0.054853	63534.45	-16.73
-0.6667	0.056772	-0.054912	63537.45	-17.12
-0.6842	0.057056	-0.054386	63540.45	-17.57
-0.7039	0.057018	-0.054204	63543.45	-18.09
-0.7050	0.057249	-0.054715	63546.45	-18.11
-0.7198	0.057334	-0.054669	63549.45	-18.50
-0.7253	0.057276	-0.054681	63552.45	-18.64
-0.7307	0.057377	-0.054679	63555.45	-18.79
-0.7466	0.057832	-0.054377	63558.45	-19.20
-0.7542	0.057466	-0.054132	63561.45	-19.40
-0.7646	0.057948	-0.054176	63564.45	-19.67
-0.7674	0.058005	-0.054466	63567.45	-19.74
-0.7789	0.057694	-0.054491	63570.45	-20.04
-0.7892	0.057585	-0.054481	63573.45	-20.31
-0.7991	0.057407	-0.054862	63576.45	-20.57
-0.8166	0.058054	-0.054474	63579.45	-21.03
-0.8193	0.057579	-0.054535	63582.45	-21.10
-0.8308	0.057581	-0.054702	63585.45	-21.40
-0.8346	0.057418	-0.054591	63588.45	-21.50
-0.8527	0.057414	-0.054677	63591.45	-21.98
-0.8680	0.057844	-0.054391	63594.45	-22.38
-0.8740	0.058056	-0.054458	63597.45	-22.54
-0.8757	0.058069	-0.054645	63600.45	-22.58
-0.8965	0.058086	-0.054566	63603.45	-23.13
-0.8981	0.057953	-0.054076	63606.45	-23.17
-0.9052	0.057881	-0.054402	63609.45	-23.36
-0.9129	0.058014	-0.054458	63612.45	-23.56
-0.9205	0.058201	-0.054075	63615.45	-23.76
-0.9249	0.058001	-0.054077	63618.45	-23.88
-0.9391	0.058263	-0.054442	63621.45	-24.25
-0.9555	0.058032	-0.054213	63624.45	-24.68
-0.9588	0.057927	-0.054615	63627.45	-24.77
-0.9654	0.058023	-0.054709	63630.45	-24.94
-0.9730	0.057913	-0.054379	63633.45	-25.14
-0.9769	0.057905	-0.054525	63636.45	-25.25
-0.9916	0.058124	-0.054407	63639.45	-25.64
-0.9927	0.058036	-0.054523	63642.45	-25.66
-1.0069	0.058102	-0.054510	63645.45	-26.04
-1.0195	0.058150	-0.054634	63648.45	-26.37
-1.0239	0.058054	-0.054404	63651.45	-26.49
-1.0277	0.058109	-0.054420	63654.45	-26.59
-1.0414	0.058125	-0.054764	63657.45	-26.95
-1.0436	0.057953	-0.054444	63660.45	-27.01
-1.0573	0.058209	-0.054002	63663.45	-27.37
-1.0600	0.058056	-0.054472	63666.45	-27.45
-1.0633	0.058177	-0.054357	63669.45	-27.53
-1.0802	0.058031	-0.054327	63672.45	-27.98
-1.0879	0.058007	-0.054658	63675.45	-28.19
-1.0934	0.057709	-0.054799	63678.45	-28.33
-1.1026	0.058590	-0.053806	63681.45	-28.58
-1.1065	0.058152	-0.054319	63684.45	-28.68
-1.1081	0.058383	-0.054292	63687.45	-28.72
-1.1136	0.058294	-0.054083	63690.45	-28.87
-1.1218	0.058377	-0.053995	63693.45	-29.09
-1.1267	0.058560	-0.054126	63696.45	-29.22
-1.1420	0.058345	-0.053755	63699.45	-29.63
-1.1442	0.058427	-0.053672	63702.45	-29.68
-1.1519	0.057974	-0.054286	63705.45	-29.89
-1.1639	0.058154	-0.054099	63708.45	-30.21
-1.1727	0.058238	-0.054210	63711.45	-30.44
-1.1732	0.058309	-0.053971	63714.45	-30.46
-1.1754	0.058530	-0.053463	63717.45	-30.51
-1.1770	0.058190	-0.054178	63720.45	-30.56
-1.1852	0.058122	-0.054173	63723.45	-30.78
-1.1973	0.058199	-0.054163	63726.45	-31.10
-1.2044	0.058026	-0.054053	63729.45	-31.29
-1.2126	0.057841	-0.054299	63732.45	-31.51
-1.2142	0.057998	-0.054025	63735.45	-31.55
-1.2219	0.057835	-0.054262	63738.45	-31.76
-1.2388	0.058232	-0.053779	63741.45	-32.21
-1.2399	0.058170	-0.053836	63744.45	-32.24
-1.2498	0.058140	-0.053602	63747.45	-32.50
-1.2459	0.058344	-0.053459	63750.45	-32.40
-1.2492	0.058696	-0.053290	63753.45	-32.49
-1.2476	0.058917	-0.053143	63756.45	-32.44
-1.2405	0.058717	-0.052738	63759.45	-32.25
-1.2367	0.059143	-0.052863	63762.45	-32.15
-1.2334	0.059356	-0.052857	63765.45	-32.06
-1.2274	0.059250	-0.052849	63768.45	-31.90
-1.2219	0.059475	-0.052281	63771.45	-31.76
-1.2186	0.059546	-0.052344	63774.45	-31.67
-1.2153	0.059683	-0.052185	63777.45	-31.58
-1.2077	0.060005	-0.052223	63780.45	-31.38
-1.2044	0.059856	-0.052093	63783.45	-31.29
-1.1967	0.060144	-0.052035	63786.45	-31.08
-1.1940	0.060170	-0.051902	63789.45	-31.01
-1.1858	0.060437	-0.051883	63792.45	-30.79
-1.1803	0.060497	-0.051784	63795.45	-30.65
-1.1743	0.060424	-0.052006	63798.45	-30.49
-1.1661	0.060524	-0.051758	63801.45	-30.27
-1.1601	0.060634	-0.051711	63804.45	-30.11
-1.1541	0.060522	-0.051750	63807.45	-29.95
-1.1464	0.060428	-0.052055	63810.45	-29.74
-1.1398	0.060670	-0.051412	63813.45	-29.57
-1.1333	0.061059	-0.051573	63816.45	-29.39
-1.1262	0.060655	-0.051676	63819.45	-29.20
-1.1180	0.060880	-0.051635	63822.45	-28.98
-1.1109	0.060754	-0.051758	63825.45	-28.80
-1.1059	0.060806	-0.051671	63828.45	-28.66
-1.0983	0.060614	-0.051871	63831.45	-28.46
-1.0923	0.060816	-0.051871	63834.45	-28.30
-1.0857	0.060711	-0.051779	63837.45	-28.13
-1.0797	0.060562	-0.051940	63840.45	-27.97
-1.0687	0.060677	-0.051838	63843.45	-27.68
-1.0655	0.060788	-0.051775	63846.45	-27.59
-1.0578	0.060844	-0.051900	63849.45	-27.39
-1.0501	0.060790	-0.051900	63852.45	-27.18
-1.0441	0.060907	-0.051659	63855.45	-27.02
-1.0365	0.061040	-0.051711	63858.45	-26.82
-1.0288	0.061078	-0.051463	63861.45	-26.62
-1.0222	0.060953	-0.051802	63864.45	-26.45
-1.0168	0.060738	-0.052054	63867.45	-26.30
-1.0113	0.060844	-0.052050	63870.45	-26.16
-1.0042	0.060793	-0.051948	63873.45	-25.97
-0.9982	0.060850	-0.052127	63876.45	-25.81
-0.9900	0.060794	-0.052123	63879.45	-25.59
-0.9872	0.060855	-0.052060	63882.45	-25.52
-0.9785	0.060950	-0.052054	63885.45	-25.29
-0.9752	0.060841	-0.052130	63888.45	-25.20
-0.9681	0.060839	-0.052176	63891.45	-25.01
-0.9615	0.060979	-0.052117	63894.45	-24.84
-0.9555	0.061113	-0.051944	63897.45	-24.68
-0.9501	0.061061	-0.051844	63900.45	-24.54
-0.9457	0.060927	-0.051966	63903.45	-24.42
-0.9408	0.061035	-0.051814	63906.45	-24.29
-0.9320	0.061037	-0.052076	63909.45	-24.06
-0.9265	0.061004	-0.051912	63912.45	-23.92
-0.9227	0.061147	-0.052087	63915.45	-23.82
-0.9172	0.061010	-0.052017	63918.45	-23.67
-0.9085	0.061485	-0.051615	63921.45	-23.44
-0.9030	0.061240	-0.052042	63924.45	-23.30
-0.9014	0.061102	-0.052117	63927.45	-23.26
-0.8970	0.061208	-0.051996	63930.45	-23.14
-0.8899	0.061269	-0.052064	63933.45	-22.95
-0.8828	0.061238	-0.052049	63936.45	-22.77
-0.8784	0.061317	-0.052045	63939.45	-22.65
-0.8762	0.061305	-0.052032	63942.45	-22.60
-0.8675	0.061316	-0.052136	63945.45	-22.37
-0.8614	0.061127	-0.052093	63948.45	-22.21
-0.8587	0.061325	-0.052114	63951.45	-22.14
-0.8538	0.061278	-0.052040	63954.45	-22.01
-0.8489	0.061318	-0.052045	63957.45	-21.88
-0.8439	0.061258	-0.052156	63960.45	-21.75
-0.8385	0.061311	-0.052199	63963.45	-21.60
-0.8346	0.061186	-0.052164	63966.45	-21.50
-0.8281	0.061284	-0.051986	63969.45	-21.33
-0.8248	0.061394	-0.052144	63972.45	-21.25
-0.8193	0.061333	-0.052035	63975.45	-21.10
-0.8144	0.061416	-0.052059	63978.45	-20.97
-0.8117	0.061277	-0.052209	63981.45	-20.90
-0.8062	0.061460	-0.052160	63984.45	-20.76
-0.8007	0.061338	-0.052126	63987.45	-20.62
-0.7985	0.061400	-0.051964	63990.45	-20.56
-0.7920	0.061664	-0.052180	63993.45	-20.39
-0.7882	0.061534	-0.052143	63996.45	-20.29
-0.7849	0.061390	-0.052113	63999.45	-20.20
-0.7789	0.061554	-0.052141	64002.45	-20.04
-0.7761	0.061521	-0.052204	64005.45	-19.97
-0.7712	0.061506	-0.052144	64008.45	-19.84
-0.7685	0.061478	-0.052100	64011.45	-19.77
-0.7630	0.061495	-0.052166	64014.45	-19.63
-0.7608	0.061603	-0.052072	64017.45	-19.57
-0.7531	0.061716	-0.051940	64020.45	-19.37
-0.7510	0.061669	-0.052122	64023.45	-19.31
-0.7466	0.061568	-0.051998	64026.45	-19.20
-0.7422	0.061579	-0.052183	64029.45	-19.09
-0.7395	0.061515	-0.052002	64032.45	-19.01
-0.7351	0.061628	-0.052096	64035.45	-18.90
-0.7318	0.061506	-0.052075	64038.45	-18.81
-0.7269	0.061615	-0.051995	64041.45	-18.69
-0.7253	0.061737	-0.052061	64044.45	-18.64
-0.7209	0.061737	-0.052127	64047.45	-18.53
-0.7192	0.061786	-0.052115	64050.45	-18.49
-0.7143	0.061604	-0.052059	64053.45	-18.36
-0.7094	0.061736	-0.052190	64056.45	-18.23
-0.7067	0.061776	-0.052079	64059.45	-18.16
-0.7056	0.061744	-0.052140	64062.45	-18.13
-0.6995	0.061736	-0.051974	64065.45	-17.97
-0.6979	0.061887	-0.052122	64068.45	-17.93
-0.6941	0.061769	-0.052128	64071.45	-17.83
-0.6892	0.061852	-0.052064	64074.45	-17.70
-0.6875	0.061735	-0.052208	64077.45	-17.66
-0.6853	0.061674	-0.052198	64080.45	-17.60
-0.6831	0.061718	-0.052142	64083.45	-17.54
-0.6782	0.061798	-0.052140	64086.45	-17.42
-0.6760	0.061694	-0.052196	64089.45	-17.36
-0.6738	0.061875	-0.052077	64092.45	-17.30
-0.6695	0.061864	-0.052246	64095.45	-17.19
-0.6656	0.061838	-0.052272	64098.45	-17.09
-0.6618	0.061914	-0.051899	64101.45	-16.99
-0.6607	0.061759	-0.052206	64104.45	-16.96
-0.6558	0.061843	-0.052075	64107.45	-16.83
-0.6536	0.061806	-0.051996	64110.45	-16.77
-0.6498	0.061879	-0.052051	64113.45	-16.68
-0.6481	0.061956	-0.052091	64116.45	-16.63
-0.6438	0.061924	-0.052023	64119.45	-16.52
-0.6438	0.061880	-0.052052	64122.45	-16.52
-0.6399	0.061918	-0.052063	64125.45	-16.42
-0.6361	0.062036	-0.052055	64128.45	-16.32
-0.6356	0.061885	-0.052038	64131.45	-16.31
-0.6301	0.061959	-0.052093	64134.45	-16.16
-0.6295	0.061868	-0.052089	64137.45	-16.15
-0.6257	0.061906	-0.052118	64140.45	-16.05
-0.6246	0.061960	-0.051971	64143.45	-16.02
-0.6192	0.061901	-0.052091	64146.45	-15.88
-0.6181	0.062026	-0.052098	64149.45	-15.85
-0.6153	0.061939	-0.052185	64152.45	-15.78
-0.6131	0.061916	-0.052171	64155.45	-15.72
-0.6093	0.061847	-0.052070	64158.45	-15.62
-0.6066	0.062124	-0.052306	64161.45	-15.55
-0.6044	0.061894	-0.052281	64164.45	-15.49
-0.6022	0.061726	-0.052281	64167.45	-15.44
-0.5989	0.061926	-0.052036	64170.45	-15.35
-0.5984	0.061880	-0.052260	64173.45	-15.34
-0.5967	0.061801	-0.052307	64176.45	-15.30
-0.5907	0.062009	-0.052041	64179.45	-15.14
-0.5891	0.062098	-0.052180	64182.45	-15.10
-0.5863	0.061992	-0.052195	64185.45	-15.03
-0.5858	0.061989	-0.052206	64188.45	-15.01
-0.5820	0.061875	-0.052197	64191.45	-14.91
-0.5803	0.061789	-0.052325	64194.45	-14.87
-0.5787	0.061852	-0.052313	64197.45	-14.83
-0.5748	0.061861	-0.052242	64200.45	-14.73
-0.5705	0.061993	-0.052329	64203.45	-14.61
-0.5705	0.061922	-0.052130	64206.45	-14.61
-0.5672	0.061899	-0.052255	64209.45	-14.53
-0.5666	0.061862	-0.052122	64212.45	-14.52
-0.5623	0.061877	-0.052193	64215.45	-14.40
-0.5612	0.061949	-0.052197	64218.45	-14.37
-0.5584	0.061845	-0.052174	64221.45	-14.30
-0.5552	0.062050	-0.052120	64224.45	-14.22
-0.5530	0.062332	-0.052100	64227.45	-14.16
-0.5508	0.061922	-0.052157	64230.45	-14.10
-0.5491	0.061934	-0.052169	64233.45	-14.06
-0.5470	0.061871	-0.051943	64236.45	-14.00
-0.5437	0.061660	-0.052190	64239.45	-13.92
-0.5426	0.061943	-0.052125	64242.45	-13.89
-0.5387	0.061898	-0.052135	64245.45	-13.79
-0.5366	0.062044	-0.052198	64248.45	-13.74
-0.5349	0.062258	-0.052078	64251.45	-13.69
-0.5289	0.062240	-0.051901	64254.45	-13.54
-0.5245	0.062377	-0.051839	64257.45	-13.42
-0.5240	0.062594	-0.051908	64260.45	-13.41
-0.5196	0.062383	-0.051831	64263.45	-13.30
-0.5141	0.062304	-0.051935	64266.45	-13.15
-0.5114	0.062390	-0.051897	64269.45	-13.08
-0.5081	0.062468	-0.051745	64272.45	-13.00
-0.5059	0.062451	-0.051811	64275.45	-12.94
-0.5021	0.062565	-0.051694	64278.45	-12.84
-0.4977	0.060831	-0.053454	64281.45	-12.73
-0.4950	0.060699	-0.053703	64284.45	-12.66
-0.4895	0.060639	-0.053606	64287.45	-12.52
-0.4873	0.061955	-0.052574	64290.45	-12.46
-0.4830	0.061292	-0.053341	64293.45	-12.35
-0.4753	0.062644	-0.051523	64296.45	-12.15
-0.4682	0.062716	-0.051529	64299.45	-11.97
-0.4611	0.062920	-0.051408	64302.45	-11.78
-0.4529	0.063032	-0.051411	64305.45	-11.57
-0.4463	0.062962	-0.051373	64308.45	-11.40
-0.4392	0.062911	-0.053099	64311.45	-11.22
-0.4310	0.063064	-0.051371	64314.45	-11.01
-0.4212	0.063145	-0.051454	64317.45	-10.75
-0.4168	0.062990	-0.051315	64320.45	-10.64
-0.4086	0.062886	-0.051520	64323.45	-10.43
-0.4042	0.063113	-0.051358	64326.45	-10.31
-0.3960	0.063017	-0.051408	64329.45	-10.10
-0.3916	0.062996	-0.051424	64332.45	-9.99
-0.3856	0.062949	-0.051360	64335.45	-9.84
-0.3796	0.062894	-0.051344	64338.45	-9.68
-0.3725	0.062990	-0.051381	64341.45	-9.50
-0.3676	0.062758	-0.051554	64344.45	-9.37
-0.3637	0.062861	-0.051572	64347.45	-9.27
-0.3561	0.062808	-0.051415	64350.45	-9.07
-0.3484	0.062849	-0.051548	64353.45	-8.88
-0.3413	0.062933	-0.051528	64356.45	-8.70
-0.3347	0.062910	-0.051392	64359.45	-8.53
-0.3265	0.062836	-0.051448	64362.45	-8.32
-0.3189	0.062810	-0.051491	64365.45	-8.12
-0.3118	0.063130	-0.051382	64368.45	-7.94
-0.3041	0.063057	-0.050998	64371.45	-7.74
-0.2970	0.063236	-0.051149	64374.45	-7.56
-0.2915	0.063060	-0.051066	64377.45	-7.42
-0.2844	0.063132	-0.051086	64380.45	-7.23
-0.2762	0.063133	-0.050897	64383.45	-7.02
-0.2686	0.063197	-0.051021	64386.45	-6.83
-0.2658	0.063177	-0.051009	64389.45	-6.76
-0.2587	0.063190	-0.050975	64392.45	-6.58
-0.2532	0.063190	-0.050941	64395.45	-6.44
-0.2456	0.063064	-0.050932	64398.45	-6.24
-0.2412	0.063336	-0.052739	64401.45	-6.13
-0.2374	0.062947	-0.051229	64404.45	-6.03
-0.2319	0.062855	-0.051153	64407.45	-5.89
-0.2248	0.062784	-0.051048	64410.45	-5.71
-0.2188	0.062710	-0.051005	64413.45	-5.55
-0.2144	0.062193	-0.051649	64416.45	-5.44
-0.2040	0.061327	-0.052476	64419.45	-5.18
-0.1974	0.061344	-0.052476	64422.45	-5.01
-0.1920	0.061518	-0.052347	64425.45	-4.87
-0.1827	0.061258	-0.050740	64428.45	-4.63
-0.1756	0.062869	-0.050548	64431.45	-4.45
-0.1707	0.063161	-0.050449	64434.45	-4.33
-0.1624	0.062880	-0.050192	64437.45	-4.12
-0.1575	0.063058	-0.049987	64440.45	-3.99
-0.1521	0.063206	-0.050091	64443.45	-3.85
-0.1466	0.062843	-0.050241	64446.45	-3.71
-0.1422	0.062909	-0.050165	64449.45	-3.60
-0.1362	0.062698	-0.050172	64452.45	-3.45
-0.1318	0.062599	-0.050136	64455.45	-3.34
-0.1263	0.062577	-0.049960	64458.45	-3.20
-0.1225	0.060988	-0.051803	64461.45	-3.10
-0.1187	0.060746	-0.051791	64464.45	-3.00
-0.1138	0.060746	-0.051638	64467.45	-2.88
-0.1088	0.060615	-0.051698	64470.45	-2.75
-0.1045	0.060737	-0.051396	64473.45	-2.64
-0.0974	0.060714	-0.051360	64476.45	-2.46
-0.0924	0.060944	-0.051218	64479.45	-2.34
-0.0902	0.061028	-0.051329	64482.45	-2.28
-0.0815	0.060869	-0.051170	64485.45	-2.06
-0.0777	0.060832	-0.050397	64488.45	-1.96
-0.0744	0.062371	-0.049316	64491.45	-1.88
-0.0673	0.062659	-0.049333	64494.45	-1.70
-0.0613	0.062576	-0.049162	64497.45	-1.55
-0.0602	0.062737	-0.049127	64500.45	-1.52
-0.0558	0.062373	-0.049150	64503.45	-1.41
-0.0498	0.062471	-0.048989	64506.45	-1.26
-0.0481	0.062723	-0.049204	64509.45	-1.21
-0.0421	0.062685	-0.048849	64512.45	-1.06
-0.0410	0.062825	-0.048968	64515.45	-1.03
-0.0350	0.062596	-0.048835	64518.45	-0.88
-0.0295	0.062386	-0.048696	64521.45	-0.74
-0.0301	0.062684	-0.048470	64524.45	-0.76
-0.0257	0.062232	-0.048891	64527.45	-0.65
-0.0224	0.061089	-0.049944	64530.45	-0.57
-0.0170	0.062013	-0.048819	64533.45	-0.43
-0.0109	0.061972	-0.048611	64536.45	-0.28
-0.0104	0.062064	-0.048453	64539.45	-0.26
-0.0033	0.062366	-0.048201	64542.45	-0.08
-0.0005	0.062321	-0.048260	64545.45	-0.01
0.0071	0.062201	-0.048210	64548.45	0.18
0.0093	0.062622	-0.048163	64551.45	0.23
0.0120	0.062450	-0.048173	64554.45	0.30
0.0219	0.062582	-0.048117	64557.45	0.55
0.0213	0.062518	-0.048312	64560.45	0.54
0.0268	0.062541	-0.048685	64563.45	0.67
0.0257	0.062907	-0.048800	64566.45	0.64
0.0334	0.063377	-0.048667	64569.45	0.84
0.0372	0.062955	-0.048477	64572.45	0.93
0.0399	0.063062	-0.048441	64575.45	1.00
0.0465	0.062873	-0.048062	64578.45	1.17
0.0520	0.062656	-0.049427	64581.45	1.30
0.0569	0.060278	-0.049393	64584.45	1.43
0.0607	0.060062	-0.049160	64587.45	1.52
0.0662	0.061703	-0.047110	64590.45	1.66
0.0678	0.061018	-0.047440	64593.45	1.70
0.0738	0.061567	-0.046731	64596.45	1.85
0.0815	0.061428	-0.046561	64599.45	2.04
0.0864	0.061443	-0.046132	64602.45	2.17
0.0952	0.061562	-0.046286	64605.45	2.39
0.1028	0.061510	-0.046278	64608.45	2.58
0.1072	0.061652	-0.045899	64611.45	2.69
0.1160	0.061200	-0.045803	64614.45	2.91
0.1187	0.061156	-0.045502	64617.45	2.98
0.1214	0.060942	-0.045051	64620.45	3.05
0.1302	0.060587	-0.045122	64623.45	3.27
0.1346	0.060233	-0.044948	64626.45	3.38
0.1400	0.059977	-0.044705	64629.45	3.51
0.1460	0.059660	-0.044383	64632.45	3.66
0.1499	0.059257	-0.044139	64635.45	3.76
0.1531	0.058903	-0.043979	64638.45	3.84
0.1608	0.056862	-0.045387	64641.45	4.03
0.1685	0.056507	-0.045492	64644.45	4.23
0.1701	0.056455	-0.045257	64647.45	4.27
0.1772	0.056354	-0.044323	64650.45	4.45
0.1816	0.056988	-0.045128	64653.45	4.56
0.1903	0.057884	-0.043205	64656.45	4.78
0.1964	0.057559	-0.043146	64659.45	4.93
0.2029	0.057729	-0.042665	64662.45	5.09
0.2122	0.057322	-0.042458	64665.45	5.32
0.2204	0.055828	-0.043290	64668.45	5.53
0.2248	0.055081	-0.042730	64671.45	5.64
0.2314	0.054682	-0.043376	64674.45	5.80
0.2368	0.056406	-0.040968	64677.45	5.94
0.2505	0.056133	-0.040549	64680.45	6.28
0.2560	0.055764	-0.040710	64683.45	6.42
0.2647	0.055164	-0.040567	64686.45	6.64
0.2686	0.055389	-0.040210	64689.45	6.74
0.2779	0.054956	-0.040164	64692.45	6.97
0.2850	0.054818	-0.039991	64695.45	7.15
0.2932	0.054793	-0.039796	64698.45	7.35
0.2992	0.052747	-0.041727	64701.45	7.51
0.3057	0.052586	-0.041515	64704.45	7.67
0.3118	0.052440	-0.041393	64707.45	7.82
0.3161	0.052388	-0.041307	64710.45	7.93
0.3249	0.052014	-0.041331	64713.45	8.15
0.3375	0.052364	-0.040932	64716.45	8.47
0.3473	0.052111	-0.040997	64719.45	8.71
0.3561	0.052085	-0.040913	64722.45	8.93
0.3643	0.052051	-0.040737	64725.45	9.14
0.3747	0.052038	-0.038924	64728.45	9.40
0.3867	0.053641	-0.038738	64731.45	9.70
0.3971	0.053114	-0.039251	64734.45	9.96
0.4037	0.053836	-0.038387	64737.45	10.12
0.4179	0.053092	-0.038404	64740.45	10.48
0.4239	0.053607	-0.038262	64743.45	10.63
0.4348	0.053457	-0.038255	64746.45	10.90
0.4419	0.053690	-0.038381	64749.45	11.08
0.4496	0.053517	-0.038126	64752.45	11.27
0.4573	0.053492	-0.038141	64755.45	11.47
0.4666	0.053452	-0.038357	64758.45	11.70
0.4769	0.053367	-0.039864	64761.45	11.96
0.4819	0.051603	-0.039969	64764.45	12.08
0.4912	0.051453	-0.040159	64767.45	12.31
0.5021	0.051683	-0.038355	64770.45	12.59
0.5098	0.051483	-0.039888	64773.45	12.78
0.5207	0.051657	-0.039919	64776.45	13.05
0.5316	0.051645	-0.039891	64779.45	13.33
0.5404	0.051532	-0.039740	64782.45	13.54
0.5480	0.051561	-0.039936	64785.45	13.74
0.5639	0.051953	-0.038132	64788.45	14.13
0.5727	0.053185	-0.038257	64791.45	14.35
0.5809	0.053361	-0.038213	64794.45	14.56
0.5940	0.052042	-0.039703	64797.45	14.88
0.5995	0.053519	-0.037963	64800.45	15.02
0.6104	0.053340	-0.037893	64803.45	15.29
0.6235	0.053287	-0.038021	64806.45	15.62
0.6268	0.053395	-0.037948	64809.45	15.70
0.6356	0.053424	-0.038008	64812.45	15.92
0.6432	0.053262	-0.038238	64815.45	16.11
0.6563	0.053336	-0.037928	64818.45	16.44
0.6596	0.053798	-0.037368	64821.45	16.52
0.6673	0.051624	-0.039716	64824.45	16.71
0.6771	0.051657	-0.039036	64827.45	16.96
0.6881	0.052133	-0.039509	64830.45	17.23
0.6908	0.052130	-0.039338	64833.45	17.30
0.7017	0.051901	-0.039332	64836.45	17.57
0.7160	0.051560	-0.039418	64839.45	17.93
0.7258	0.053203	-0.038476	64842.45	18.17
0.7291	0.054610	-0.036901	64845.45	18.25
0.7460	0.053902	-0.037303	64848.45	18.68
0.7559	0.054469	-0.036855	64851.45	18.92
0.7630	0.054163	-0.036843	64854.45	19.10
0.7756	0.054712	-0.037098	64857.45	19.41
0.7860	0.054697	-0.036819	64860.45	19.67
0.7947	0.054860	-0.036885	64863.45	19.89
0.8046	0.054767	-0.036820	64866.45	20.13
0.8166	0.054791	-0.036836	64869.45	20.43
0.8248	0.054784	-0.036634	64872.45	20.64
0.8275	0.054880	-0.036942	64875.45	20.70
0.8401	0.054891	-0.036936	64878.45	21.02
0.8505	0.054729	-0.037813	64881.45	21.27
0.8543	0.052614	-0.039067	64884.45	21.37
0.8582	0.052748	-0.039054	64887.45	21.47
0.8696	0.052504	-0.039113	64890.45	21.75
0.8751	0.052744	-0.038827	64893.45	21.89
0.8866	0.054178	-0.036587	64896.45	22.17
0.8959	0.054678	-0.036682	64899.45	22.40
0.9079	0.055037	-0.036697	64902.45	22.70
0.9172	0.055015	-0.036693	64905.45	22.93
0.9282	0.053689	-0.036937	64908.45	23.20
0.9358	0.052664	-0.038804	64911.45	23.39
0.9435	0.054676	-0.036802	64914.45	23.58
0.9566	0.055073	-0.036765	64917.45	23.91
0.9654	0.055010	-0.036737	64920.45	24.13
0.9714	0.055222	-0.038568	64923.45	24.27
0.9845	0.055120	-0.036688	64926.45	24.60
0.9944	0.055112	-0.036998	64929.45	24.84
1.0031	0.055281	-0.036686	64932.45	25.06
1.0069	0.055189	-0.036590	64935.45	25.16
1.0162	0.055416	-0.036610	64938.45	25.39
1.0250	0.055170	-0.036511	64941.45	25.60
1.0305	0.053839	-0.039185	64944.45	25.74
1.0365	0.052504	-0.039143	64947.45	25.89
1.0397	0.052684	-0.038885	64950.45	25.97
1.0496	0.052792	-0.039306	64953.45	26.21
1.0562	0.052856	-0.038247	64956.45	26.37
1.0638	0.052880	-0.039052	64959.45	26.56
1.0764	0.053497	-0.036869	64962.45	26.87
1.0873	0.055373	-0.036736	64965.45	27.14
1.0950	0.055255	-0.036454	64968.45	27.33
1.1065	0.055604	-0.036181	64971.45	27.62
1.1169	0.055389	-0.036467	64974.45	27.87
1.1256	0.055508	-0.036641	64977.45	28.09
1.1344	0.055383	-0.036898	64980.45	28.31
1.1475	0.054966	-0.036575	64983.45	28.63
1.1568	0.055341	-0.036719	64986.45	28.86
1.1628	0.055329	-0.036673	64989.45	29.01
1.1787	0.055313	-0.036866	64992.45	29.40
1.1825	0.055080	-0.036910	64995.45	29.49
1.1907	0.055398	-0.036641	64998.45	29.70
1.1951	0.053465	-0.038863	65001.45	29.80
1.2022	0.053257	-0.039000	65004.45	29.98
1.2082	0.052927	-0.038972	65007.45	30.13
1.2131	0.053295	-0.039018	65010.45	30.25
1.2219	0.053187	-0.039249	65013.45	30.46
1.2290	0.052923	-0.038863	65016.45	30.64
1.2372	0.053306	-0.038756	65019.45	30.84
1.2492	0.053301	-0.039332	65022.45	31.14
1.2585	0.053132	-0.038604	65025.45	31.37
1.2651	0.053344	-0.038688	65028.45	31.53
1.2782	0.053288	-0.039317	65031.45	31.85
1.2848	0.053540	-0.038719	65034.45	32.01
1.2946	0.053834	-0.038576	65037.45	32.26
1.3006	0.055686	-0.036599	65040.45	32.40
1.3105	0.055592	-0.036630	65043.45	32.65
1.3198	0.055771	-0.036555	65046.45	32.87
1.3285	0.055828	-0.038726	65049.45	33.09
1.3389	0.054968	-0.036589	65052.45	33.34
1.3439	0.055540	-0.036575	65055.45	33.47
1.3526	0.055687	-0.036728	65058.45	33.68
1.3581	0.055822	-0.036896	65061.45	33.82
1.3630	0.055147	-0.039011	65064.45	33.94
1.3696	0.053273	-0.038915	65067.45	34.10
1.3789	0.053149	-0.038903	65070.45	34.33
1.3865	0.053553	-0.039208	65073.45	34.51
1.3947	0.053316	-0.038919	65076.45	34.71
1.4013	0.053210	-0.039249	65079.45	34.88
1.4078	0.053490	-0.038816	65082.45	35.04
1.4144	0.053700	-0.038841	65085.45	35.20
1.4275	0.053433	-0.038981	65088.45	35.52
1.4357	0.053327	-0.038996	65091.45	35.72
1.4429	0.053646	-0.038758	65094.45	35.90
1.4516	0.055975	-0.038680	65097.45	36.11
1.4614	0.054739	-0.038742	65100.45	36.35
1.4675	0.055008	-0.039006	65103.45	36.50
1.4800	0.054922	-0.039071	65106.45	36.81
1.4926	0.055571	-0.037005	65109.45	37.11
1.4986	0.056046	-0.037820	65112.45	37.26
1.5063	0.055585	-0.037038	65115.45	37.45
1.5140	0.054903	-0.037027	65118.45	37.64
1.5156	0.056300	-0.037426	65121.45	37.68
1.5249	0.053415	-0.039265	65124.45	37.90
1.5298	0.053720	-0.039167	65127.45	38.03
1.5419	0.053187	-0.039104	65130.45	38.32
1.5468	0.053551	-0.039298	65133.45	38.44
1.5528	0.053698	-0.039287	65136.45	38.59
1.5604	0.053740	-0.039116	65139.45	38.77
1.5648	0.053895	-0.038993	65142.45	38.88
1.5779	0.053750	-0.039026	65145.45	39.20
1.5872	0.055612	-0.036787	65148.45	39.43
