n Δx [mm] Δy [mm] φ [deg] R [mm] Δz [nm]
1 0,2233 0,0000 0,00 0,2233 -207,84
2 0,2838 -0,0033 0,67 0,2838 -172,55
3 0,2013 0,0000 0,00 0,2013 -176,47
4 0,2145 -0,0022 0,59 0,2145 -196,08
5 0,1232 0,0000 0,00 0,1232 23,53
6 0,2178 0,0011 -0,29 0,2178 -164,71
7 0,1144 0,0000 0,00 0,1144 172,55
8 0,0792 0,0011 -0,80 0,0792 -172,55
9 0,1408 -0,0011 0,45 0,1408 462,75
10 0,1903 0,0022 -0,66 0,1903 -149,02
11 0,1661 0,0011 -0,38 0,1661 -19,61
12 0,2860 0,0000 0,00 0,2860 -90,20
13 0,1089 0,0000 0,00 0,1089 125,49
14 0,2277 0,0000 0,00 0,2277 23,53
15 0,0583 0,0000 0,00 0,0583 -223,53
16 0,1628 0,0044 -1,55 0,1629 419,61
17 0,1562 -0,0022 0,81 0,1562 -450,98
18 0,1342 0,0022 -0,94 0,1342 15,69
19 0,2585 -0,0022 0,49 0,2585 -152,94
20 -0,0011 0,1661 -90,38 0,1661 109,80
21 0,0000 0,1562 -90,00 0,1562 -235,29
22 0,0033 0,1947 -89,03 0,1947 125,49
23 -0,0044 0,0759 -93,32 0,0760 27,45
24 -0,0011 0,0902 -90,70 0,0902 54,90
25 0,0011 0,1430 -89,56 0,1430 -86,27
26 -0,0066 0,1375 -92,75 0,1376 -258,82
27 0,0000 0,1232 -90,00 0,1232 -3,92
28 0,0033 0,2398 -89,21 0,2398 109,80
29 -0,0011 0,2815 -90,22 0,2815 -70,59
30 -0,0011 0,1474 -90,43 0,1474 47,06
31 0,0066 0,1298 -87,09 0,1299 196,08
