n Δx [mm] Δy [mm] φ [deg] R [mm] Δz [nm]
1 0,10975 0,00000 0,00 0,10975 -31,37
2 0,05901 0,00000 0,00 0,05901 -43,14
3 0,18882 -0,00590 1,79 0,18892 50,98
4 0,05901 0,00000 0,00 0,05901 31,37
5 0,04013 0,00118 -1,68 0,04014 -407,84
6 0,12274 -0,00354 1,65 0,12279 188,24
7 0,11919 0,00118 -0,57 0,11920 -250,98
8 0,25609 0,00000 0,00 0,25609 94,12
9 0,08261 0,00118 -0,82 0,08262 -27,45
10 0,13572 0,00000 0,00 0,13572 -27,45
11 0,06609 0,00000 0,00 0,06609 62,75
12 0,23485 -0,00118 0,29 0,23485 43,14
13 0,29386 0,00236 -0,46 0,29387 -141,18
14 0,12746 -0,00590 2,65 0,12759 -180,39
15 0,09323 0,00000 0,00 0,09323 -129,41
16 0,12628 -0,00236 1,07 0,12630 -62,75
17 0,09323 -0,00118 0,73 0,09324 121,57
18 0,10621 -0,00118 0,64 0,10622 -27,45
19 0,22895 0,00118 -0,30 0,22895 23,53
20 0,00354 0,15342 -88,68 0,15346 -168,63
21 0,00236 0,20299 -89,33 0,20300 11,76
22 -0,00118 0,32926 -90,21 0,32926 -184,31
23 0,00118 0,11447 -89,41 0,11448 -54,90
24 0,00236 0,41541 -89,67 0,41542 70,59
25 0,00590 0,16168 -87,91 0,16179 -133,33
26 0,00000 0,14988 -90,00 0,14988 7,84
27 -0,00236 0,12156 -91,11 0,12158 -54,90
