1.0321	0.008152	0.004027	63604.06	25.78
1.0294	0.008211	0.004079	63607.06	25.71
1.0305	0.008181	0.004313	63610.06	25.74
1.0299	0.008313	0.004211	63613.06	25.72
1.0272	0.008360	0.004060	63616.06	25.66
1.0288	0.008363	0.004159	63619.06	25.70
1.0294	0.008226	0.004107	63622.06	25.71
1.0272	0.008297	0.004437	63625.06	25.66
1.0277	0.008373	0.004168	63628.06	25.67
1.0250	0.008217	0.004114	63631.06	25.60
1.0266	0.008301	0.004216	63634.06	25.64
1.0266	0.008338	0.004269	63637.06	25.64
1.0250	0.008389	0.004288	63640.06	25.60
1.0233	0.008357	0.004203	63643.06	25.56
1.0217	0.008379	0.004269	63646.06	25.52
1.0228	0.008346	0.004283	63649.06	25.55
1.0228	0.008286	0.004157	63652.06	25.55
1.0239	0.008359	0.004307	63655.06	25.58
1.0228	0.008366	0.004222	63658.06	25.55
1.0212	0.008354	0.004271	63661.06	25.51
1.0190	0.008421	0.004281	63664.06	25.45
1.0222	0.008312	0.004230	63667.06	25.53
1.0206	0.008542	0.004359	63670.06	25.49
1.0184	0.008416	0.004207	63673.06	25.44
1.0179	0.008273	0.004124	63676.06	25.43
1.0179	0.008291	0.004062	63679.06	25.43
1.0173	0.008287	0.004098	63682.06	25.41
1.0179	0.008324	0.004203	63685.06	25.43
1.0173	0.008264	0.004077	63688.06	25.41
1.0168	0.008311	0.004162	63691.06	25.40
1.0162	0.008309	0.004222	63694.06	25.39
1.0157	0.008264	0.004169	63697.06	25.37
1.0135	0.008324	0.004246	63700.06	25.32
1.0146	0.008244	0.004135	63703.06	25.34
1.0135	0.008303	0.004221	63706.06	25.32
1.0140	0.008356	0.004240	63709.06	25.33
1.0135	0.008237	0.004172	63712.06	25.32
1.0124	0.008276	0.004267	63715.06	25.29
1.0140	0.008301	0.004202	63718.06	25.33
1.0124	0.008234	0.004265	63721.06	25.29
1.0129	0.008407	0.004242	63724.06	25.30
1.0119	0.008400	0.004235	63727.06	25.28
1.0129	0.008387	0.004196	63730.06	25.30
1.0124	0.008427	0.004250	63733.06	25.29
1.0108	0.008244	0.004284	63736.06	25.25
1.0119	0.008340	0.004239	63739.06	25.28
1.0102	0.008349	0.004271	63742.06	25.24
1.0108	0.008297	0.004289	63745.06	25.25
1.0108	0.008377	0.004264	63748.06	25.25
1.0102	0.008427	0.004350	63751.06	25.24
1.0097	0.008451	0.004228	63754.06	25.22
1.0097	0.008304	0.004284	63757.06	25.22
1.0086	0.008330	0.004243	63760.06	25.20
1.0080	0.008326	0.004284	63763.06	25.18
1.0097	0.008444	0.004288	63766.06	25.22
1.0080	0.008470	0.004321	63769.06	25.18
1.0091	0.008358	0.004269	63772.06	25.21
1.0069	0.008436	0.004284	63775.06	25.16
1.0091	0.008385	0.004391	63778.06	25.21
1.0080	0.008345	0.004291	63781.06	25.18
1.0069	0.008364	0.004280	63784.06	25.16
1.0064	0.008491	0.004275	63787.06	25.14
1.0069	0.008422	0.004464	63790.06	25.16
1.0047	0.008462	0.004291	63793.06	25.10
1.0058	0.008455	0.004191	63796.06	25.13
1.0053	0.008398	0.004327	63799.06	25.11
1.0058	0.008367	0.004334	63802.06	25.13
1.0037	0.008369	0.004481	63805.06	25.07
1.0042	0.008435	0.004238	63808.06	25.09
1.0042	0.008405	0.004262	63811.06	25.09
1.0047	0.008337	0.004343	63814.06	25.10
1.0037	0.008414	0.004342	63817.06	25.07
1.0031	0.008470	0.004307	63820.06	25.06
1.0047	0.008518	0.004297	63823.06	25.10
1.0037	0.008441	0.004415	63826.06	25.07
1.0026	0.008494	0.004330	63829.06	25.05
1.0026	0.008338	0.004126	63832.06	25.05
1.0020	0.008219	0.004321	63835.06	25.03
1.0037	0.008249	0.004214	63838.06	25.07
1.0009	0.008439	0.004322	63841.06	25.01
1.0020	0.008436	0.004427	63844.06	25.03
1.0020	0.008455	0.004248	63847.06	25.03
1.0004	0.008425	0.004390	63850.06	24.99
1.0009	0.008526	0.004308	63853.06	25.01
1.0009	0.008376	0.004296	63856.06	25.01
0.9998	0.008467	0.004371	63859.06	24.98
0.9998	0.008453	0.004384	63862.06	24.98
1.0015	0.008478	0.004384	63865.06	25.02
0.9993	0.008416	0.004441	63868.06	24.97
0.9993	0.008522	0.004372	63871.06	24.97
0.9993	0.008391	0.004360	63874.06	24.97
0.9993	0.008503	0.004300	63877.06	24.97
1.0004	0.008481	0.004270	63880.06	24.99
0.9987	0.008441	0.004397	63883.06	24.95
0.9987	0.008491	0.004249	63886.06	24.95
0.9965	0.008341	0.004252	63889.06	24.90
0.9976	0.008514	0.004305	63892.06	24.93
0.9971	0.008527	0.004385	63895.06	24.91
0.9971	0.008373	0.004197	63898.06	24.91
0.9949	0.008282	0.004352	63901.06	24.86
0.9960	0.008215	0.004275	63904.06	24.88
0.9976	0.008399	0.004354	63907.06	24.93
0.9971	0.008338	0.004209	63910.06	24.91
0.9960	0.008318	0.004217	63913.06	24.88
0.9971	0.008352	0.004248	63916.06	24.91
0.9971	0.008318	0.004252	63919.06	24.91
0.9965	0.008375	0.004287	63922.06	24.90
0.9955	0.008390	0.004260	63925.06	24.87
0.9954	0.008336	0.004261	63928.06	24.87
0.9949	0.008358	0.004295	63931.06	24.86
0.9960	0.008343	0.004341	63934.06	24.88
0.9922	0.008407	0.004331	63937.06	24.79
0.9933	0.008437	0.004255	63940.06	24.82
0.9954	0.008434	0.004332	63943.06	24.87
0.9944	0.008369	0.004157	63946.06	24.84
0.9933	0.008383	0.004248	63949.06	24.82
0.9938	0.008518	0.004340	63952.06	24.83
0.9944	0.008370	0.004358	63955.06	24.84
0.9933	0.008486	0.004389	63958.06	24.82
0.9922	0.008403	0.004275	63961.06	24.79
0.9927	0.008393	0.004297	63964.06	24.80
0.9927	0.008412	0.004271	63967.06	24.80
0.9933	0.008340	0.004220	63970.06	24.82
0.9911	0.008326	0.004178	63973.06	24.76
0.9938	0.008345	0.004277	63976.06	24.83
0.9905	0.008451	0.004248	63979.06	24.75
0.9905	0.008381	0.004336	63982.06	24.75
0.9916	0.008416	0.004291	63985.06	24.78
0.9916	0.008400	0.004373	63988.06	24.78
0.9911	0.008311	0.004278	63991.06	24.76
0.9927	0.008477	0.004301	63994.06	24.80
0.9911	0.008420	0.004186	63997.06	24.76
0.9922	0.008344	0.004265	64000.06	24.79
0.9911	0.008306	0.004208	64003.06	24.76
0.9900	0.008389	0.004304	64006.06	24.74
0.9900	0.008379	0.004175	64009.06	24.74
0.9900	0.008378	0.004261	64012.06	24.74
0.9911	0.008286	0.004276	64015.06	24.76
0.9889	0.008344	0.004309	64018.06	24.71
0.9894	0.008340	0.004281	64021.06	24.72
0.9872	0.008377	0.004228	64024.06	24.67
0.9872	0.008290	0.004229	64027.06	24.67
0.9883	0.008310	0.004122	64030.06	24.69
0.9883	0.008304	0.004187	64033.06	24.69
0.9905	0.008352	0.004310	64036.06	24.75
0.9900	0.008263	0.004209	64039.06	24.74
0.9894	0.008315	0.004175	64042.06	24.72
0.9883	0.008382	0.004234	64045.06	24.69
0.9900	0.008445	0.004278	64048.06	24.74
0.9894	0.008400	0.004233	64051.06	24.72
0.9889	0.008351	0.004208	64054.06	24.71
0.9883	0.008288	0.004255	64057.06	24.69
0.9900	0.008596	0.004483	64060.06	24.74
0.9861	0.008449	0.004374	64063.06	24.64
0.9883	0.008460	0.004341	64066.06	24.69
0.9889	0.008644	0.004337	64069.06	24.71
0.9878	0.008463	0.004307	64072.06	24.68
0.9878	0.008295	0.004323	64075.06	24.68
0.9889	0.008411	0.004287	64078.06	24.71
0.9878	0.008306	0.004324	64081.06	24.68
0.9900	0.008323	0.004362	64084.06	24.74
0.9867	0.008556	0.004206	64087.06	24.65
0.9872	0.008366	0.004463	64090.06	24.67
0.9856	0.008455	0.004457	64093.06	24.63
0.9867	0.008546	0.004660	64096.06	24.65
0.9872	0.008436	0.004278	64099.06	24.67
0.9894	0.008433	0.004290	64102.06	24.72
0.9867	0.008529	0.004288	64105.06	24.65
0.9872	0.008380	0.004430	64108.06	24.67
0.9867	0.008528	0.004414	64111.06	24.65
0.9878	0.008423	0.004279	64114.06	24.68
0.9878	0.008452	0.004282	64117.06	24.68
0.9878	0.008284	0.004391	64120.06	24.68
0.9856	0.008606	0.004476	64123.06	24.63
0.9861	0.008410	0.004340	64126.06	24.64
0.9829	0.008478	0.004286	64129.06	24.56
0.9851	0.008506	0.004308	64132.06	24.61
0.9845	0.008419	0.004308	64135.06	24.60
0.9851	0.008312	0.004359	64138.06	24.61
0.9840	0.008262	0.004308	64141.06	24.59
0.9845	0.008341	0.004236	64144.06	24.60
0.9845	0.008453	0.004237	64147.06	24.60
0.9840	0.008300	0.004289	64150.06	24.59
0.9840	0.008387	0.004287	64153.06	24.59
0.9851	0.008376	0.004378	64156.06	24.61
0.9840	0.008350	0.004239	64159.06	24.59
0.9834	0.008408	0.004302	64162.06	24.57
0.9840	0.008316	0.004262	64165.06	24.59
0.9829	0.008470	0.004322	64168.06	24.56
0.9834	0.008432	0.004372	64171.06	24.57
0.9840	0.008520	0.004465	64174.06	24.59
0.9829	0.008378	0.004302	64177.06	24.56
0.9818	0.008416	0.004159	64180.06	24.53
0.9818	0.008397	0.004240	64183.06	24.53
0.9834	0.008303	0.004242	64186.06	24.57
0.9812	0.008352	0.004229	64189.06	24.52
0.9823	0.008278	0.004206	64192.06	24.55
0.9818	0.008450	0.004322	64195.06	24.53
0.9829	0.008292	0.004346	64198.06	24.56
0.9829	0.008531	0.004495	64201.06	24.56
0.9823	0.008420	0.004302	64204.06	24.55
0.9823	0.008443	0.004235	64207.06	24.55
0.9834	0.008390	0.004263	64210.06	24.57
0.9834	0.008244	0.004295	64213.06	24.57
0.9829	0.008326	0.004251	64216.06	24.56
0.9840	0.008393	0.004344	64219.06	24.59
0.9823	0.008335	0.004176	64222.06	24.55
0.9834	0.008368	0.004254	64225.06	24.57
0.9823	0.008281	0.004342	64228.06	24.55
0.9818	0.008317	0.004273	64231.06	24.53
0.9823	0.008487	0.004416	64234.06	24.55
0.9812	0.008514	0.004349	64237.06	24.52
0.9818	0.008499	0.004441	64240.06	24.53
0.9823	0.008570	0.004364	64243.06	24.55
0.9834	0.008502	0.004363	64246.06	24.57
0.9818	0.008546	0.004467	64249.06	24.53
0.9834	0.008491	0.004393	64252.06	24.57
0.9823	0.008584	0.004355	64255.06	24.55
0.9845	0.008542	0.004358	64258.06	24.60
0.9851	0.008351	0.004467	64261.06	24.61
0.9829	0.008360	0.004385	64264.06	24.56
0.9829	0.008444	0.004473	64267.06	24.56
0.9818	0.008499	0.004281	64270.06	24.53
0.9840	0.008319	0.004278	64273.06	24.59
0.9851	0.008359	0.004283	64276.06	24.61
0.9834	0.008349	0.004229	64279.06	24.57
0.9851	0.008394	0.004233	64282.06	24.61
0.9845	0.008365	0.004208	64285.06	24.60
0.9829	0.008342	0.004240	64288.06	24.56
0.9845	0.008372	0.004247	64291.06	24.60
0.9851	0.008309	0.004226	64294.06	24.61
0.9845	0.008359	0.004263	64297.06	24.60
0.9845	0.008339	0.004278	64300.06	24.60
0.9851	0.008381	0.004207	64303.06	24.61
0.9845	0.008349	0.004281	64306.06	24.60
0.9834	0.008351	0.004295	64309.06	24.57
0.9851	0.008309	0.004293	64312.06	24.61
0.9856	0.008318	0.004220	64315.06	24.63
0.9851	0.008383	0.004238	64318.06	24.61
0.9840	0.008435	0.004356	64321.06	24.59
0.9845	0.008405	0.004289	64324.06	24.60
0.9856	0.008433	0.004264	64327.06	24.63
0.9856	0.008402	0.004219	64330.06	24.63
0.9867	0.008309	0.004290	64333.06	24.65
0.9861	0.008365	0.004345	64336.06	24.64
0.9856	0.008419	0.004352	64339.06	24.63
0.9856	0.008416	0.004311	64342.06	24.63
0.9867	0.008445	0.004265	64345.06	24.65
0.9851	0.008467	0.004286	64348.06	24.61
0.9867	0.008445	0.004302	64351.06	24.65
0.9861	0.008256	0.004143	64354.06	24.64
0.9867	0.008345	0.004270	64357.06	24.65
0.9856	0.008288	0.004233	64360.06	24.63
0.9872	0.008447	0.004193	64363.06	24.67
0.9894	0.008324	0.004282	64366.06	24.72
0.9867	0.008353	0.004290	64369.06	24.65
0.9867	0.008378	0.004373	64372.06	24.65
0.9878	0.008341	0.004338	64375.06	24.68
0.9883	0.008444	0.004377	64378.06	24.69
0.9883	0.008471	0.004344	64381.06	24.69
0.9878	0.008267	0.004215	64384.06	24.68
0.9883	0.008313	0.004292	64387.06	24.69
0.9883	0.008406	0.004320	64390.06	24.69
0.9900	0.008397	0.004330	64393.06	24.74
0.9905	0.008381	0.004225	64396.06	24.75
0.9894	0.008364	0.004282	64399.06	24.72
0.9900	0.008341	0.004341	64402.06	24.74
0.9883	0.008448	0.004293	64405.06	24.69
0.9900	0.008260	0.004250	64408.06	24.74
0.9905	0.008386	0.004226	64411.06	24.75
0.9900	0.008370	0.004314	64414.06	24.74
0.9900	0.008459	0.004214	64417.06	24.74
0.9889	0.008353	0.004290	64420.06	24.71
0.9905	0.008600	0.004368	64423.06	24.75
0.9894	0.008449	0.004443	64426.06	24.72
0.9911	0.008319	0.004308	64429.06	24.76
0.9916	0.008397	0.004334	64432.06	24.78
0.9900	0.008583	0.004433	64435.06	24.74
0.9922	0.008524	0.004522	64438.06	24.79
0.9927	0.008410	0.004268	64441.06	24.80
0.9900	0.008352	0.004305	64444.06	24.74
0.9922	0.008345	0.004276	64447.06	24.79
0.9911	0.008346	0.004251	64450.06	24.76
0.9922	0.008165	0.004251	64453.06	24.79
0.9922	0.008322	0.004263	64456.06	24.79
0.9916	0.008386	0.004264	64459.06	24.78
0.9916	0.008333	0.004306	64462.06	24.78
0.9900	0.008211	0.004203	64465.06	24.74
0.9922	0.008349	0.004237	64468.06	24.79
0.9911	0.008314	0.004288	64471.06	24.76
0.9916	0.008272	0.004271	64474.06	24.78
0.9916	0.008281	0.004277	64477.06	24.78
0.9922	0.008389	0.004338	64480.06	24.79
0.9927	0.008341	0.004228	64483.06	24.80
0.9933	0.008365	0.004313	64486.06	24.82
0.9911	0.008381	0.004358	64489.06	24.76
0.9927	0.008402	0.004210	64492.06	24.80
0.9944	0.008278	0.004291	64495.06	24.84
0.9933	0.008278	0.004325	64498.06	24.82
0.9927	0.008368	0.004290	64501.06	24.80
0.9922	0.008377	0.004487	64504.06	24.79
0.9938	0.008481	0.004482	64507.06	24.83
0.9922	0.008480	0.004401	64510.06	24.79
0.9944	0.008448	0.004444	64513.06	24.84
0.9949	0.008529	0.004363	64516.06	24.86
0.9944	0.008453	0.004410	64519.06	24.84
0.9927	0.008435	0.004360	64522.06	24.80
0.9933	0.008403	0.004291	64525.06	24.82
0.9933	0.008353	0.004294	64528.06	24.82
0.9905	0.008408	0.004303	64531.06	24.75
0.9911	0.008360	0.004321	64534.06	24.76
0.9905	0.008341	0.004345	64537.06	24.75
0.9894	0.008273	0.004210	64540.06	24.72
0.9900	0.008329	0.004222	64543.06	24.74
0.9894	0.008381	0.004224	64546.06	24.72
0.9900	0.008329	0.004292	64549.06	24.74
0.9894	0.008445	0.004241	64552.06	24.72
0.9894	0.008396	0.004357	64555.06	24.72
0.9878	0.008348	0.004368	64558.06	24.68
0.9889	0.008406	0.004293	64561.06	24.71
0.9867	0.008408	0.004304	64564.06	24.65
0.9883	0.008304	0.004445	64567.06	24.69
0.9856	0.008339	0.004292	64570.06	24.63
0.9861	0.008422	0.004351	64573.06	24.64
0.9889	0.008390	0.004300	64576.06	24.71
0.9856	0.008345	0.004248	64579.06	24.63
0.9856	0.008217	0.004333	64582.06	24.63
0.9851	0.008306	0.004257	64585.06	24.61
0.9851	0.008437	0.004357	64588.06	24.61
0.9851	0.008316	0.004327	64591.06	24.61
0.9867	0.008342	0.004337	64594.06	24.65
0.9851	0.008447	0.004327	64597.06	24.61
0.9845	0.008494	0.004303	64600.06	24.60
0.9856	0.008335	0.004261	64603.06	24.63
0.9851	0.008331	0.004352	64606.06	24.61
0.9845	0.008380	0.004378	64609.06	24.60
0.9840	0.008385	0.004275	64612.06	24.59
0.9845	0.008315	0.004213	64615.06	24.60
0.9840	0.008429	0.004292	64618.06	24.59
0.9823	0.008359	0.004323	64621.06	24.55
0.9834	0.008277	0.004302	64624.06	24.57
0.9829	0.008286	0.004256	64627.06	24.56
0.9834	0.008335	0.004239	64630.06	24.57
0.9829	0.008404	0.004317	64633.06	24.56
0.9823	0.008304	0.004288	64636.06	24.55
0.9823	0.008363	0.004270	64639.06	24.55
0.9834	0.008310	0.004274	64642.06	24.57
0.9818	0.008321	0.004269	64645.06	24.53
0.9807	0.008271	0.004284	64648.06	24.50
0.9823	0.008363	0.004333	64651.06	24.55
0.9818	0.008283	0.004236	64654.06	24.53
0.9823	0.008281	0.004298	64657.06	24.55
0.9818	0.008360	0.004180	64660.06	24.53
0.9807	0.008282	0.004119	64663.06	24.50
0.9823	0.008251	0.004165	64666.06	24.55
0.9823	0.008406	0.004284	64669.06	24.55
0.9801	0.008419	0.004364	64672.06	24.49
0.9818	0.008403	0.004417	64675.06	24.53
0.9818	0.008368	0.004330	64678.06	24.53
0.9829	0.008358	0.004246	64681.06	24.56
0.9823	0.008443	0.004387	64684.06	24.55
0.9812	0.008404	0.004379	64687.06	24.52
0.9807	0.008287	0.004311	64690.06	24.50
0.9812	0.008273	0.004229	64693.06	24.52
0.9807	0.008468	0.004314	64696.06	24.50
0.9801	0.008437	0.004216	64699.06	24.49
0.9818	0.008439	0.004340	64702.06	24.53
0.9818	0.008404	0.004127	64705.06	24.53
0.9812	0.008246	0.004348	64708.06	24.52
0.9834	0.008437	0.004242	64711.06	24.57
0.9823	0.008326	0.004170	64714.06	24.55
0.9829	0.008371	0.004274	64717.06	24.56
0.9818	0.008297	0.004338	64720.06	24.53
0.9823	0.008269	0.004205	64723.06	24.55
0.9818	0.008264	0.004193	64726.06	24.53
0.9818	0.008314	0.004230	64729.06	24.53
0.9834	0.008312	0.004273	64732.06	24.57
0.9834	0.008276	0.004238	64735.06	24.57
0.9823	0.008406	0.004224	64738.06	24.55
0.9818	0.008417	0.004262	64741.06	24.53
0.9829	0.008316	0.004356	64744.06	24.56
0.9834	0.008353	0.004320	64747.06	24.57
0.9823	0.008380	0.004266	64750.06	24.55
0.9834	0.008338	0.004356	64753.06	24.57
0.9829	0.008345	0.004264	64756.06	24.56
0.9829	0.008402	0.004322	64759.06	24.56
0.9823	0.008387	0.004293	64762.06	24.55
0.9840	0.008354	0.004266	64765.06	24.59
0.9829	0.008370	0.004268	64768.06	24.56
0.9823	0.008350	0.004281	64771.06	24.55
0.9840	0.008351	0.004265	64774.06	24.59
0.9823	0.008367	0.004246	64777.06	24.55
0.9845	0.008360	0.004281	64780.06	24.60
0.9834	0.008376	0.004233	64783.06	24.57
0.9829	0.008386	0.004323	64786.06	24.56
0.9851	0.008412	0.004315	64789.06	24.61
0.9834	0.008327	0.004280	64792.06	24.57
0.9834	0.008298	0.004252	64795.06	24.57
0.9851	0.008348	0.004261	64798.06	24.61
0.9823	0.008396	0.004277	64801.06	24.55
0.9840	0.008308	0.004236	64804.06	24.59
0.9851	0.008354	0.004202	64807.06	24.61
0.9851	0.008339	0.004280	64810.06	24.61
0.9840	0.008389	0.004322	64813.06	24.59
0.9867	0.008340	0.004329	64816.06	24.65
0.9856	0.008494	0.004361	64819.06	24.63
0.9840	0.008561	0.004266	64822.06	24.59
0.9851	0.008364	0.004293	64825.06	24.61
0.9845	0.008403	0.004359	64828.06	24.60
0.9845	0.008254	0.004253	64831.06	24.60
0.9851	0.008328	0.004210	64834.06	24.61
0.9845	0.008386	0.004203	64837.06	24.60
0.9856	0.008450	0.004201	64840.06	24.63
0.9845	0.008437	0.004300	64843.06	24.60
0.9856	0.008274	0.004333	64846.06	24.63
0.9851	0.008437	0.004373	64849.06	24.61
0.9851	0.008284	0.004283	64852.06	24.61
0.9851	0.008344	0.004291	64855.06	24.61
0.9862	0.008407	0.004354	64858.06	24.64
0.9856	0.008321	0.004423	64861.06	24.63
0.9861	0.008317	0.004292	64864.06	24.64
0.9867	0.008323	0.004262	64867.06	24.65
0.9856	0.008433	0.004381	64870.06	24.63
0.9861	0.008319	0.004545	64873.06	24.64
0.9872	0.008308	0.004402	64876.06	24.67
0.9851	0.008429	0.004268	64879.06	24.61
0.9867	0.008381	0.004292	64882.06	24.65
0.9867	0.008375	0.004210	64885.06	24.65
0.9878	0.008387	0.004302	64888.06	24.68
0.9872	0.008371	0.004254	64891.06	24.67
0.9872	0.008358	0.004275	64894.06	24.67
0.9872	0.008316	0.004232	64897.06	24.67
0.9878	0.008274	0.004336	64900.06	24.68
0.9883	0.008218	0.004294	64903.06	24.69
0.9883	0.008400	0.004286	64906.06	24.69
0.9878	0.008418	0.004188	64909.06	24.68
0.9872	0.008301	0.004240	64912.06	24.67
0.9878	0.008345	0.004300	64915.06	24.68
0.9867	0.008297	0.004382	64918.06	24.65
0.9889	0.008420	0.004418	64921.06	24.71
0.9894	0.008438	0.004450	64924.06	24.72
0.9883	0.008689	0.004420	64927.06	24.69
0.9883	0.008558	0.004494	64930.06	24.69
0.9911	0.008445	0.004489	64933.06	24.76
0.9900	0.008501	0.004458	64936.06	24.74
0.9900	0.008506	0.004332	64939.06	24.74
0.9900	0.008554	0.004486	64942.06	24.74
0.9889	0.008529	0.004382	64945.06	24.71
0.9894	0.008399	0.004261	64948.06	24.72
0.9872	0.008329	0.004334	64951.06	24.67
0.9867	0.008526	0.004276	64954.06	24.65
0.9867	0.008430	0.004322	64957.06	24.65
0.9878	0.008368	0.004349	64960.06	24.68
0.9856	0.008404	0.004357	64963.06	24.63
0.9851	0.008412	0.004314	64966.06	24.61
0.9840	0.008423	0.004279	64969.06	24.59
0.9840	0.008397	0.004281	64972.06	24.59
0.9834	0.008363	0.004396	64975.06	24.57
0.9840	0.008324	0.004308	64978.06	24.59
0.9829	0.008408	0.004236	64981.06	24.56
0.9818	0.008339	0.004345	64984.06	24.53
0.9823	0.008343	0.004396	64987.06	24.55
0.9829	0.008385	0.004281	64990.06	24.56
0.9823	0.008348	0.004189	64993.06	24.55
0.9812	0.008253	0.004181	64996.06	24.52
0.9818	0.008209	0.004256	64999.06	24.53
0.9812	0.008371	0.004277	65002.06	24.52
0.9812	0.008258	0.004169	65005.06	24.52
0.9790	0.008246	0.004240	65008.06	24.46
0.9790	0.008322	0.004191	65011.06	24.46
0.9790	0.008254	0.004264	65014.06	24.46
0.9807	0.008274	0.004133	65017.06	24.50
0.9796	0.008281	0.004271	65020.06	24.48
0.9785	0.008363	0.004195	65023.06	24.45
0.9785	0.008356	0.004198	65026.06	24.45
0.9779	0.008335	0.004161	65029.06	24.44
0.9769	0.008244	0.004296	65032.06	24.41
0.9779	0.008444	0.004217	65035.06	24.44
0.9779	0.008298	0.004279	65038.06	24.44
0.9785	0.008395	0.004242	65041.06	24.45
0.9774	0.008238	0.004181	65044.06	24.42
0.9779	0.008283	0.004228	65047.06	24.44
0.9763	0.008274	0.004329	65050.06	24.40
0.9774	0.008192	0.004263	65053.06	24.42
0.9769	0.008302	0.004255	65056.06	24.41
0.9774	0.008316	0.004228	65059.06	24.42
0.9785	0.008346	0.004254	65062.06	24.45
0.9779	0.008294	0.004317	65065.06	24.44
0.9758	0.008294	0.004308	65068.06	24.38
0.9758	0.008270	0.004230	65071.06	24.38
0.9752	0.008247	0.004203	65074.06	24.37
0.9763	0.008298	0.004259	65077.06	24.40
0.9752	0.008325	0.004308	65080.06	24.37
0.9752	0.008481	0.004287	65083.06	24.37
0.9763	0.008338	0.004199	65086.06	24.40
0.9758	0.008261	0.004153	65089.06	24.38
0.9758	0.008303	0.004237	65092.06	24.38
0.9774	0.008236	0.004261	65095.06	24.42
0.9752	0.008312	0.004276	65098.06	24.37
0.9779	0.008237	0.004290	65101.06	24.44
0.9769	0.008370	0.004260	65104.06	24.41
0.9747	0.008243	0.004274	65107.06	24.36
0.9774	0.008338	0.004205	65110.06	24.42
0.9747	0.008305	0.004179	65113.06	24.36
0.9758	0.008404	0.004237	65116.06	24.38
0.9758	0.008366	0.004229	65119.06	24.38
0.9758	0.008310	0.004171	65122.06	24.38
0.9779	0.008308	0.004216	65125.06	24.44
0.9752	0.008155	0.004197	65128.06	24.37
0.9752	0.008271	0.004158	65131.06	24.37
0.9758	0.008381	0.004297	65134.06	24.38
0.9758	0.008218	0.004290	65137.06	24.38
0.9763	0.008336	0.004303	65140.06	24.40
0.9747	0.008237	0.004377	65143.06	24.36
0.9758	0.008323	0.004252	65146.06	24.38
0.9763	0.008306	0.004165	65149.06	24.40
0.9774	0.008265	0.004121	65152.06	24.42
0.9769	0.008288	0.004286	65155.06	24.41
0.9763	0.008301	0.004281	65158.06	24.40
0.9769	0.008232	0.004248	65161.06	24.41
0.9774	0.008376	0.004271	65164.06	24.42
0.9763	0.008312	0.004256	65167.06	24.40
0.9774	0.008292	0.004303	65170.06	24.42
0.9779	0.008340	0.004289	65173.06	24.44
0.9769	0.008294	0.004180	65176.06	24.41
0.9779	0.008298	0.004185	65179.06	24.44
0.9769	0.008304	0.004280	65182.06	24.41
0.9774	0.008298	0.004306	65185.06	24.42
0.9774	0.008299	0.004298	65188.06	24.42
0.9785	0.008325	0.004210	65191.06	24.45
0.9779	0.008257	0.004242	65194.06	24.44
0.9785	0.008249	0.004290	65197.06	24.45
0.9779	0.008279	0.004526	65200.06	24.44
0.9779	0.008568	0.004229	65203.06	24.44
0.9785	0.008371	0.004249	65206.06	24.45
0.9779	0.008404	0.004269	65209.06	24.44
0.9779	0.008368	0.004304	65212.06	24.44
0.9790	0.008322	0.004216	65215.06	24.46
0.9801	0.008258	0.004359	65218.06	24.49
0.9790	0.008282	0.004336	65221.06	24.46
0.9796	0.008389	0.004368	65224.06	24.48
0.9785	0.008432	0.004345	65227.06	24.45
0.9785	0.008284	0.004256	65230.06	24.45
0.9796	0.008327	0.004290	65233.06	24.48
0.9785	0.008365	0.004260	65236.06	24.45
0.9796	0.008292	0.004230	65239.06	24.48
0.9812	0.008303	0.004214	65242.06	24.52
0.9790	0.008369	0.004271	65245.06	24.46
0.9807	0.008337	0.004321	65248.06	24.50
0.9818	0.008419	0.004239	65251.06	24.53
0.9807	0.008357	0.004210	65254.06	24.51
0.9812	0.008354	0.004292	65257.06	24.52
0.9801	0.008306	0.004220	65260.06	24.49
0.9818	0.008435	0.004404	65263.06	24.53
0.9812	0.008381	0.004340	65266.06	24.52
0.9812	0.008382	0.004364	65269.06	24.52
0.9812	0.008215	0.004344	65272.06	24.52
0.9818	0.008417	0.004303	65275.06	24.53
0.9829	0.008328	0.004341	65278.06	24.56
0.9834	0.008389	0.004250	65281.06	24.57
0.9823	0.008296	0.004298	65284.06	24.55
0.9829	0.008324	0.004323	65287.06	24.56
0.9834	0.008465	0.004376	65290.06	24.57
0.9823	0.008333	0.004274	65293.06	24.55
0.9801	0.008364	0.004268	65296.06	24.49
0.9829	0.008368	0.004264	65299.06	24.56
0.9823	0.008318	0.004182	65302.06	24.55
0.9823	0.008267	0.004195	65305.06	24.55
0.9829	0.008295	0.004413	65308.06	24.56
0.9840	0.008203	0.004166	65311.06	24.59
0.9829	0.008205	0.004178	65314.06	24.56
0.9818	0.008314	0.004346	65317.06	24.53
0.9834	0.008283	0.004322	65320.06	24.57
0.9829	0.008191	0.004230	65323.06	24.56
0.9840	0.008267	0.004209	65326.06	24.59
0.9845	0.008410	0.004155	65329.06	24.60
0.9834	0.008332	0.004219	65332.06	24.57
0.9823	0.008303	0.004203	65335.06	24.55
0.9829	0.008244	0.004170	65338.06	24.56
0.9840	0.008244	0.004111	65341.06	24.59
0.9845	0.008228	0.004154	65344.06	24.60
0.9840	0.008143	0.004180	65347.06	24.59
0.9834	0.008315	0.004173	65350.06	24.57
0.9840	0.008263	0.004199	65353.06	24.59
0.9845	0.008355	0.004271	65356.06	24.60
0.9856	0.008283	0.004249	65359.06	24.63
0.9862	0.008346	0.004176	65362.06	24.64
0.9867	0.008345	0.004248	65365.06	24.65
0.9851	0.008364	0.004366	65368.06	24.61
0.9861	0.008219	0.004226	65371.06	24.64
0.9862	0.008346	0.004381	65374.06	24.64
0.9872	0.008251	0.004349	65377.06	24.67
0.9889	0.008377	0.004370	65380.06	24.71
0.9889	0.008395	0.004249	65383.06	24.71
0.9872	0.008359	0.004417	65386.06	24.67
0.9878	0.008337	0.004349	65389.06	24.68
0.9856	0.008478	0.004349	65392.06	24.63
0.9856	0.008376	0.004320	65395.06	24.63
0.9856	0.008453	0.004393	65398.06	24.63
0.9823	0.008407	0.004437	65401.06	24.55
0.9834	0.008426	0.004369	65404.06	24.57
0.9840	0.008504	0.004403	65407.06	24.59
0.9834	0.008331	0.004290	65410.06	24.57
0.9829	0.008355	0.004345	65413.06	24.56
0.9829	0.008371	0.004269	65416.06	24.56
0.9812	0.008242	0.004287	65419.06	24.52
0.9812	0.008356	0.004332	65422.06	24.52
0.9818	0.008335	0.004277	65425.06	24.53
0.9807	0.008226	0.004322	65428.06	24.50
0.9801	0.008359	0.004213	65431.06	24.49
0.9801	0.008322	0.004359	65434.06	24.49
0.9807	0.008288	0.004247	65437.06	24.50
0.9790	0.008206	0.004183	65440.06	24.46
0.9790	0.008272	0.004334	65443.06	24.46
0.9807	0.008241	0.004333	65446.06	24.50
0.9796	0.008368	0.004257	65449.06	24.48
0.9779	0.008339	0.004330	65452.06	24.44
0.9769	0.008201	0.004200	65455.06	24.41
0.9774	0.008387	0.004320	65458.06	24.42
0.9785	0.008294	0.004146	65461.06	24.45
0.9790	0.008286	0.004303	65464.06	24.46
0.9785	0.008365	0.004325	65467.06	24.45
0.9769	0.008380	0.004338	65470.06	24.41
0.9769	0.008283	0.004343	65473.06	24.41
0.9774	0.008333	0.004255	65476.06	24.42
0.9769	0.008324	0.004178	65479.06	24.41
0.9774	0.008319	0.004158	65482.06	24.42
0.9779	0.008184	0.004188	65485.06	24.44
0.9774	0.008300	0.004210	65488.06	24.42
0.9774	0.008314	0.004158	65491.06	24.42
0.9763	0.008260	0.004243	65494.06	24.40
0.9769	0.008255	0.004237	65497.06	24.41
0.9763	0.008148	0.004233	65500.06	24.40
0.9752	0.008235	0.004252	65503.06	24.37
0.9752	0.008300	0.004251	65506.06	24.37
0.9769	0.008275	0.004131	65509.06	24.41
0.9763	0.008283	0.004294	65512.06	24.40
0.9774	0.008224	0.004183	65515.06	24.42
0.9763	0.008220	0.004333	65518.06	24.40
0.9769	0.008271	0.004240	65521.06	24.41
0.9763	0.008327	0.004306	65524.06	24.40
0.9758	0.008322	0.004182	65527.06	24.38
0.9763	0.008247	0.004300	65530.06	24.40
0.9763	0.008368	0.004327	65533.06	24.40
0.9774	0.008317	0.004370	65536.06	24.42
0.9774	0.008461	0.004358	65539.06	24.42
0.9752	0.008328	0.004342	65542.06	24.37
0.9774	0.008377	0.004328	65545.06	24.42
0.9758	0.008403	0.004335	65548.06	24.38
0.9758	0.008416	0.004251	65551.06	24.38
0.9758	0.008358	0.004372	65554.06	24.38
0.9758	0.008319	0.004322	65557.06	24.38
0.9758	0.008382	0.004309	65560.06	24.38
0.9763	0.008301	0.004313	65563.06	24.40
0.9747	0.008370	0.004322	65566.06	24.36
0.9752	0.008426	0.004284	65569.06	24.37
0.9752	0.008394	0.004347	65572.06	24.37
0.9747	0.008372	0.004362	65575.06	24.36
0.9752	0.008311	0.004395	65578.06	24.37
0.9758	0.008482	0.004289	65581.06	24.38
0.9763	0.008412	0.004333	65584.06	24.40
0.9758	0.008481	0.004358	65587.06	24.38
0.9779	0.008267	0.004256	65590.06	24.44
0.9774	0.008277	0.004271	65593.06	24.42
0.9758	0.008341	0.004112	65596.06	24.38
0.9769	0.008329	0.004219	65599.06	24.41
0.9769	0.008300	0.004356	65602.06	24.41
0.9779	0.008273	0.004240	65605.06	24.44
0.9769	0.008360	0.004308	65608.06	24.41
0.9785	0.008405	0.004336	65611.06	24.45
0.9785	0.008351	0.004328	65614.06	24.45
0.9769	0.008326	0.004371	65617.06	24.41
0.9785	0.008340	0.004303	65620.06	24.45
0.9785	0.008416	0.004376	65623.06	24.45
0.9779	0.008397	0.004289	65626.06	24.44
0.9796	0.008395	0.004200	65629.06	24.48
0.9796	0.008317	0.004313	65632.06	24.48
0.9790	0.008360	0.004316	65635.06	24.46
0.9801	0.008222	0.004304	65638.06	24.49
0.9785	0.008314	0.004229	65641.06	24.45
0.9785	0.008219	0.004201	65644.06	24.45
0.9796	0.008437	0.004230	65647.06	24.48
0.9796	0.008454	0.004295	65650.06	24.48
0.9790	0.008343	0.004374	65653.06	24.46
0.9801	0.008315	0.004333	65656.06	24.49
0.9801	0.008348	0.004331	65659.06	24.49
0.9812	0.008358	0.004382	65662.06	24.52
0.9801	0.008386	0.004372	65665.06	24.49
0.9812	0.008406	0.004524	65668.06	24.52
0.9818	0.008390	0.004397	65671.06	24.53
0.9801	0.008434	0.004468	65674.06	24.49
0.9812	0.008542	0.004433	65677.06	24.52
0.9812	0.008574	0.004418	65680.06	24.52
0.9812	0.008474	0.004423	65683.06	24.52
0.9812	0.008474	0.004498	65686.06	24.52
0.9812	0.008574	0.004471	65689.06	24.52
0.9823	0.008529	0.004455	65692.06	24.55
0.9812	0.008524	0.004430	65695.06	24.52
0.9823	0.008417	0.004485	65698.06	24.55
0.9812	0.008422	0.004343	65701.06	24.52
0.9840	0.008481	0.004445	65704.06	24.59
0.9829	0.008435	0.004402	65707.06	24.56
0.9823	0.008504	0.004560	65710.06	24.55
0.9823	0.008553	0.004446	65713.06	24.55
0.9823	0.008568	0.004531	65716.06	24.55
0.9823	0.008431	0.004399	65719.06	24.55
0.9829	0.008506	0.004487	65722.06	24.56
0.9840	0.008457	0.004423	65725.06	24.59
0.9818	0.008447	0.004462	65728.06	24.53
0.9834	0.008423	0.004327	65731.06	24.57
0.9823	0.008471	0.004348	65734.06	24.55
0.9840	0.008524	0.004523	65737.06	24.59
0.9834	0.008445	0.004425	65740.06	24.57
0.9834	0.008471	0.004485	65743.06	24.57
0.9834	0.008492	0.004417	65746.06	24.57
0.9851	0.008460	0.004464	65749.06	24.61
0.9834	0.008452	0.004387	65752.06	24.57
0.9829	0.008412	0.004527	65755.06	24.56
0.9845	0.008433	0.004455	65758.06	24.60
0.9834	0.008513	0.004427	65761.06	24.57
0.9840	0.008513	0.004429	65764.06	24.59
0.9834	0.008545	0.004620	65767.06	24.57
0.9823	0.008545	0.004523	65770.06	24.55
0.9851	0.008460	0.004452	65773.06	24.61
0.9840	0.008707	0.004464	65776.06	24.59
0.9834	0.008453	0.004409	65779.06	24.57
0.9845	0.008640	0.004478	65782.06	24.60
0.9851	0.008620	0.004481	65785.06	24.61
0.9840	0.008548	0.004541	65788.06	24.59
0.9851	0.008465	0.004433	65791.06	24.61
0.9823	0.008527	0.004400	65794.06	24.55
0.9851	0.008533	0.004509	65797.06	24.61
0.9845	0.008644	0.004573	65800.06	24.60
0.9845	0.008494	0.004519	65803.06	24.60
0.9867	0.008535	0.004507	65806.06	24.65
0.9867	0.008504	0.004476	65809.06	24.65
0.9878	0.008499	0.004377	65812.06	24.68
0.9900	0.008502	0.004476	65815.06	24.74
0.9900	0.008560	0.004485	65818.06	24.74
0.9911	0.008490	0.004449	65821.06	24.76
0.9872	0.008526	0.004564	65824.06	24.67
0.9872	0.008521	0.004443	65827.06	24.67
0.9878	0.008403	0.004396	65830.06	24.68
0.9845	0.008447	0.004381	65833.06	24.60
0.9851	0.008396	0.004301	65836.06	24.61
0.9834	0.008387	0.004382	65839.06	24.57
0.9845	0.008463	0.004389	65842.06	24.60
0.9856	0.008362	0.004383	65845.06	24.63
0.9851	0.008400	0.004490	65848.06	24.61
0.9818	0.008463	0.004451	65851.06	24.53
0.9840	0.008447	0.004438	65854.06	24.59
0.9823	0.008497	0.004391	65857.06	24.55
0.9823	0.008441	0.004493	65860.06	24.55
0.9812	0.008403	0.004468	65863.06	24.52
0.9818	0.008474	0.004416	65866.06	24.53
0.9807	0.008336	0.004412	65869.06	24.51
0.9801	0.008354	0.004360	65872.06	24.49
0.9807	0.008468	0.004371	65875.06	24.51
0.9790	0.008353	0.004327	65878.06	24.46
0.9812	0.008424	0.004358	65881.06	24.52
0.9790	0.008328	0.004481	65884.06	24.46
0.9807	0.008342	0.004416	65887.06	24.50
0.9774	0.008398	0.004298	65890.06	24.42
0.9785	0.008294	0.004357	65893.06	24.45
0.9785	0.008394	0.004352	65896.06	24.45
0.9785	0.008352	0.004296	65899.06	24.45
0.9774	0.008295	0.004422	65902.06	24.42
0.9790	0.008399	0.004417	65905.06	24.46
0.9779	0.008402	0.004489	65908.06	24.44
0.9779	0.008416	0.004305	65911.06	24.44
0.9774	0.008393	0.004449	65914.06	24.42
0.9769	0.008438	0.004414	65917.06	24.41
0.9763	0.008465	0.004292	65920.06	24.40
0.9774	0.008440	0.004431	65923.06	24.42
0.9758	0.008335	0.004276	65926.06	24.38
0.9758	0.008573	0.004455	65929.06	24.38
0.9769	0.008323	0.004442	65932.06	24.41
0.9752	0.008421	0.004364	65935.06	24.37
0.9763	0.008448	0.004470	65938.06	24.40
0.9758	0.008501	0.004432	65941.06	24.38
0.9769	0.008411	0.004518	65944.06	24.41
0.9752	0.008414	0.004419	65947.06	24.37
0.9763	0.008406	0.004360	65950.06	24.40
0.9752	0.008494	0.004297	65953.06	24.37
0.9769	0.008430	0.004351	65956.06	24.41
0.9758	0.008360	0.004351	65959.06	24.38
0.9774	0.008385	0.004329	65962.06	24.42
0.9752	0.008286	0.004202	65965.06	24.37
0.9763	0.008272	0.004392	65968.06	24.40
0.9752	0.008306	0.004266	65971.06	24.37
0.9741	0.008338	0.004349	65974.06	24.34
0.9758	0.008409	0.004270	65977.06	24.38
0.9758	0.008204	0.004345	65980.06	24.38
0.9763	0.008356	0.004363	65983.06	24.40
0.9752	0.008437	0.004240	65986.06	24.37
0.9752	0.008378	0.004243	65989.06	24.37
0.9752	0.008308	0.004357	65992.06	24.37
0.9741	0.008261	0.004318	65995.06	24.34
0.9741	0.008402	0.004265	65998.06	24.34
0.9747	0.008273	0.004345	66001.06	24.36
0.9758	0.008324	0.004298	66004.06	24.38
0.9747	0.008270	0.004286	66007.06	24.36
0.9758	0.008305	0.004292	66010.06	24.38
0.9741	0.008333	0.004369	66013.06	24.34
0.9747	0.008344	0.004386	66016.06	24.36
0.9747	0.008335	0.004377	66019.06	24.36
0.9769	0.008366	0.004419	66022.06	24.41
0.9741	0.008473	0.004332	66025.06	24.34
0.9779	0.008527	0.004702	66028.06	24.44
0.9747	0.008316	0.004474	66031.06	24.36
0.9758	0.008466	0.004420	66034.06	24.38
0.9763	0.008300	0.004352	66037.06	24.40
0.9758	0.008341	0.004345	66040.06	24.38
0.9763	0.008343	0.004458	66043.06	24.40
0.9758	0.008372	0.004388	66046.06	24.38
0.9758	0.008364	0.004377	66049.06	24.38
0.9769	0.008450	0.004433	66052.06	24.41
0.9769	0.008414	0.004378	66055.06	24.41
0.9769	0.008340	0.004405	66058.06	24.41
0.9774	0.008385	0.004530	66061.06	24.42
0.9747	0.008493	0.004405	66064.06	24.36
0.9779	0.008404	0.004427	66067.06	24.44
0.9779	0.008500	0.004445	66070.06	24.44
0.9785	0.008522	0.004495	66073.06	24.45
0.9790	0.008365	0.004391	66076.06	24.46
0.9785	0.008488	0.004392	66079.06	24.45
0.9779	0.008595	0.004452	66082.06	24.44
0.9774	0.008532	0.004504	66085.06	24.42
0.9779	0.008504	0.004479	66088.06	24.44
0.9763	0.008545	0.004390	66091.06	24.40
0.9785	0.008466	0.004453	66094.06	24.45
0.9785	0.008391	0.004477	66097.06	24.45
0.9774	0.008532	0.004379	66100.06	24.42
0.9763	0.008491	0.004454	66103.06	24.40
0.9785	0.008488	0.004378	66106.06	24.45
0.9785	0.008466	0.004425	66109.06	24.45
0.9785	0.008413	0.004379	66112.06	24.45
0.9785	0.008544	0.004292	66115.06	24.45
0.9790	0.008447	0.004424	66118.06	24.46
0.9796	0.008452	0.004479	66121.06	24.48
0.9801	0.008478	0.004516	66124.06	24.49
0.9801	0.008434	0.004509	66127.06	24.49
0.9790	0.008488	0.004417	66130.06	24.46
0.9774	0.008379	0.004490	66133.06	24.42
0.9796	0.008408	0.004376	66136.06	24.48
0.9796	0.008379	0.004400	66139.06	24.48
0.9807	0.008445	0.004405	66142.06	24.51
0.9812	0.008349	0.004458	66145.06	24.52
0.9818	0.008468	0.004498	66148.06	24.53
0.9790	0.008424	0.004363	66151.06	24.46
0.9812	0.008474	0.004524	66154.06	24.52
0.9796	0.008434	0.004430	66157.06	24.48
0.9812	0.008473	0.004442	66160.06	24.52
0.9801	0.008502	0.004366	66163.06	24.49
0.9818	0.008470	0.004386	66166.06	24.53
0.9823	0.008480	0.004427	66169.06	24.55
0.9823	0.008480	0.004503	66172.06	24.55
0.9812	0.008435	0.004440	66175.06	24.52
0.9801	0.008429	0.004423	66178.06	24.49
0.9796	0.008507	0.004452	66181.06	24.48
0.9818	0.008406	0.004378	66184.06	24.53
0.9818	0.008448	0.004395	66187.06	24.53
0.9823	0.008372	0.004491	66190.06	24.55
0.9807	0.008432	0.004408	66193.06	24.50
0.9812	0.008364	0.004355	66196.06	24.52
0.9807	0.008494	0.004391	66199.06	24.50
0.9807	0.008345	0.004345	66202.06	24.50
0.9812	0.008468	0.004391	66205.06	24.52
0.9823	0.008455	0.004445	66208.06	24.55
0.9818	0.008411	0.004329	66211.06	24.53
0.9812	0.008435	0.004589	66214.06	24.52
0.9818	0.008450	0.004345	66217.06	24.53
0.9818	0.008553	0.004498	66220.06	24.53
0.9807	0.008594	0.004573	66223.06	24.50
0.9801	0.008474	0.004702	66226.06	24.49
0.9823	0.008572	0.004550	66229.06	24.55
0.9823	0.008561	0.004625	66232.06	24.55
0.9818	0.008691	0.004600	66235.06	24.53
0.9818	0.008592	0.004753	66238.06	24.53
0.9840	0.008585	0.004569	66241.06	24.59
0.9823	0.008579	0.004631	66244.06	24.55
0.9840	0.008671	0.004542	66247.06	24.59
0.9834	0.008557	0.004595	66250.06	24.57
0.9862	0.008609	0.004561	66253.06	24.64
0.9840	0.008558	0.004503	66256.06	24.59
0.9856	0.008665	0.004674	66259.06	24.63
0.9889	0.008506	0.004572	66262.06	24.71
0.9861	0.008609	0.004530	66265.06	24.64
0.9856	0.008440	0.004465	66268.06	24.63
0.9845	0.008362	0.004354	66271.06	24.60
0.9834	0.008371	0.004455	66274.06	24.57
0.9829	0.008453	0.004447	66277.06	24.56
0.9812	0.008479	0.004522	66280.06	24.52
0.9818	0.008393	0.004518	66283.06	24.53
0.9807	0.008407	0.004378	66286.06	24.50
0.9801	0.008464	0.004473	66289.06	24.49
0.9801	0.008435	0.004340	66292.06	24.49
0.9790	0.008394	0.004323	66295.06	24.46
0.9801	0.008393	0.004359	66298.06	24.49
0.9779	0.008365	0.004321	66301.06	24.44
0.9763	0.008416	0.004344	66304.06	24.40
0.9785	0.008360	0.004424	66307.06	24.45
0.9785	0.008368	0.004349	66310.06	24.45
0.9752	0.008339	0.004410	66313.06	24.37
0.9769	0.008260	0.004335	66316.06	24.41
0.9758	0.008341	0.004349	66319.06	24.38
0.9758	0.008399	0.004351	66322.06	24.38
0.9763	0.008383	0.004340	66325.06	24.40
0.9752	0.008337	0.004319	66328.06	24.37
0.9747	0.008422	0.004318	66331.06	24.36
0.9747	0.008335	0.004412	66334.06	24.36
0.9752	0.008324	0.004423	66337.06	24.37
0.9741	0.008419	0.004429	66340.06	24.34
0.9736	0.008338	0.004374	66343.06	24.33
0.9736	0.008452	0.004437	66346.06	24.33
0.9747	0.008458	0.004489	66349.06	24.36
0.9725	0.008399	0.004393	66352.06	24.30
0.9741	0.008468	0.004469	66355.06	24.34
0.9730	0.008446	0.004440	66358.06	24.32
0.9730	0.008393	0.004442	66361.06	24.32
0.9741	0.008502	0.004420	66364.06	24.34
0.9730	0.008514	0.004487	66367.06	24.32
0.9708	0.008422	0.004370	66370.06	24.26
0.9725	0.008385	0.004335	66373.06	24.30
0.9736	0.008424	0.004386	66376.06	24.33
0.9730	0.008329	0.004408	66379.06	24.32
0.9719	0.008335	0.004425	66382.06	24.29
0.9714	0.008489	0.004342	66385.06	24.27
0.9708	0.008474	0.004390	66388.06	24.26
0.9714	0.008272	0.004410	66391.06	24.27
0.9725	0.008376	0.004462	66394.06	24.30
0.9725	0.008366	0.004325	66397.06	24.30
0.9725	0.008419	0.004511	66400.06	24.30
0.9725	0.008452	0.004350	66403.06	24.30
0.9725	0.008490	0.004351	66406.06	24.30
0.9719	0.008433	0.004385	66409.06	24.29
0.9725	0.008525	0.004359	66412.06	24.30
0.9714	0.008310	0.004249	66415.06	24.27
0.9714	0.008357	0.004314	66418.06	24.27
0.9730	0.008448	0.004292	66421.06	24.32
0.9703	0.008389	0.004425	66424.06	24.25
0.9714	0.008463	0.004355	66427.06	24.27
0.9719	0.008370	0.004340	66430.06	24.29
0.9708	0.008339	0.004357	66433.06	24.26
0.9697	0.008430	0.004366	66436.06	24.23
0.9708	0.008495	0.004431	66439.06	24.26
0.9719	0.008410	0.004400	66442.06	24.29
0.9719	0.008304	0.004265	66445.06	24.29
0.9697	0.008291	0.004156	66448.06	24.23
0.9708	0.008309	0.004300	66451.06	24.26
0.9719	0.008300	0.004294	66454.06	24.29
0.9703	0.008262	0.004237	66457.06	24.25
0.9703	0.008262	0.004470	66460.06	24.25
0.9703	0.008371	0.004305	66463.06	24.25
0.9708	0.008500	0.004431	66466.06	24.26
0.9714	0.008379	0.004412	66469.06	24.27
0.9714	0.008254	0.004156	66472.06	24.27
0.9719	0.008521	0.004376	66475.06	24.29
0.9725	0.008352	0.004400	66478.06	24.30
0.9714	0.008416	0.004415	66481.06	24.27
0.9730	0.008485	0.004349	66484.06	24.32
0.9725	0.008353	0.004307	66487.06	24.30
0.9708	0.008475	0.004416	66490.06	24.26
0.9697	0.008418	0.004406	66493.06	24.23
0.9708	0.008387	0.004383	66496.06	24.26
0.9719	0.008449	0.004419	66499.06	24.29
0.9725	0.008305	0.004452	66502.06	24.30
