n Δx [mm] Δy [mm] φ [deg] R [mm] Δz [nm]
1 0,10583 0,00000 0,00 0,10583 168,63
2 0,02907 -0,00116 2,29 0,02910 -98,04
3 0,02791 0,00116 -2,39 0,02794 105,88
4 0,05815 0,00000 0,00 0,05815 262,75
5 0,09071 0,00000 0,00 0,09071 -701,96
6 0,08257 0,00000 0,00 0,08257 -200,00
7 0,03256 0,00116 -2,05 0,03258 447,06
8 0,04419 0,00000 0,00 0,04419 211,76
9 0,05001 0,00116 -1,33 0,05002 82,35
10 0,08025 -0,00116 0,83 0,08025 172,55
11 0,08141 0,00000 0,00 0,08141 3,92
12 0,08141 -0,00116 0,82 0,08142 129,41
13 0,10467 0,00000 0,00 0,10467 -109,80
14 0,05117 0,00000 0,00 0,05117 105,88
15 0,06048 0,00000 0,00 0,06048 -43,14
16 0,06048 0,00000 0,00 0,06048 62,75
17 0,06629 0,00116 -1,01 0,06630 -15,69
18 0,06164 0,00000 0,00 0,06164 -50,98
19 0,03838 0,00349 -5,19 0,03854 -70,59
20 0,04303 0,00116 -1,55 0,04305 -258,82
21 0,04536 -0,00116 1,47 0,04537 94,12
22 0,08722 0,00000 0,00 0,08722 -11,76
23 0,00116 0,13374 -89,50 0,13375 -129,41
24 0,00581 0,08374 -86,03 0,08394 74,51
25 0,00349 0,07792 -87,44 0,07800 215,69
26 0,00116 0,02210 -86,99 0,02213 31,37
27 -0,00116 0,03373 -91,97 0,03375 -43,14
28 0,00116 0,06396 -88,96 0,06398 15,69
29 0,00698 0,06745 -84,09 0,06781 -160,78
30 0,00000 0,05466 -90,00 0,05466 -27,45
31 0,00581 0,09188 -86,38 0,09206 -31,37
32 0,00698 0,06978 -84,29 0,07013 -50,98
33 0,00581 0,07094 -85,31 0,07118 184,31
34 0,00000 0,09653 -90,00 0,09653 23,53
35 0,00000 0,05233 -90,00 0,05233 -172,55
36 -0,00116 0,07211 -90,92 0,07211 39,22
