n Δx [mm] Δy [mm] φ [deg] R [mm] Δz [nm]
1 0,10351 0,00000 0,00 0,10351 -117,65
2 0,08606 -0,00116 0,77 0,08607 184,31
3 0,09304 0,00116 -0,72 0,09305 278,43
4 0,06978 0,00000 0,00 0,06978 0,00
5 0,05350 0,00000 0,00 0,05350 -588,24
6 0,08025 -0,00581 4,14 0,08046 -384,31
7 0,12328 -0,00116 0,54 0,12328 223,53
8 0,06164 -0,00349 3,24 0,06174 274,51
9 0,11281 -0,00349 1,77 0,11286 121,57
10 0,05466 0,00116 -1,22 0,05467 129,41
11 0,09304 -0,00116 0,72 0,09305 -145,10
12 0,05699 0,00349 -3,50 0,05709 -58,82
13 0,06629 0,00233 -2,01 0,06633 78,43
14 0,09071 -0,00349 2,20 0,09078 -39,22
15 0,04419 0,00000 0,00 0,04419 35,29
16 0,03373 0,00116 -1,97 0,03375 -188,24
17 0,05117 -0,00116 1,30 0,05118 207,84
18 0,10351 -0,00116 0,64 0,10351 192,16
19 0,05931 -0,00116 1,12 0,05932 133,33
20 0,05466 0,00116 -1,22 0,05467 -129,41
21 0,06396 0,00000 0,00 0,06396 82,35
22 0,06513 0,00116 -1,02 0,06514 -243,14
23 0,06978 -0,00233 1,91 0,06982 223,53
24 0,03722 0,00000 0,00 0,03722 -86,27
25 0,06978 -0,00349 2,86 0,06987 15,69
26 0,04885 -0,00233 2,73 0,04890 454,90
27 0,00000 -0,04652 90,00 0,04652 101,96
28 0,00000 -0,03373 90,00 0,03373 -192,16
29 0,00000 -0,03722 90,00 0,03722 -70,59
30 0,00000 -0,07908 90,00 0,07908 -47,06
31 0,00000 -0,05117 90,00 0,05117 -78,43
32 0,00116 -0,05815 88,85 0,05816 11,76
33 -0,00116 -0,07676 90,87 0,07677 345,10
34 -0,00116 -0,09071 90,73 0,09072 -82,35
35 0,00000 -0,04885 90,00 0,04885 11,76
36 0,00116 -0,06862 89,03 0,06863 -309,80
37 -0,00233 -0,06862 91,94 0,06866 62,75
38 -0,00581 -0,06396 95,19 0,06423 -70,59
39 -0,00465 -0,08722 93,05 0,08735 35,29
40 0,00000 -0,03256 90,00 0,03256 -113,73
41 0,00116 -0,16631 89,60 0,16631 313,73
42 0,00233 -0,07094 88,12 0,07098 -62,75
43 0,00000 -0,08955 90,00 0,08955 -19,61
44 0,00000 -0,04303 90,00 0,04303 -47,06
45 0,00000 -0,08839 90,00 0,08839 458,82
46 0,00000 -0,09885 90,00 0,09885 -19,61
47 0,00000 -0,06862 90,00 0,06862 0,00
48 0,00000 -0,12211 90,00 0,12211 254,90
49 -0,00349 -0,08839 92,26 0,08846 -537,25
50 -0,00116 -0,06396 91,04 0,06398 0,00
51 0,00000 -0,05815 90,00 0,05815 15,69
52 -0,00233 -0,05001 92,66 0,05006 -341,18
53 0,00000 -0,03140 90,00 0,03140 203,92
54 -0,00233 -0,07908 91,68 0,07912 -62,75
55 0,00000 -0,05117 90,00 0,05117 0,00
56 0,00000 -0,06978 90,00 0,06978 -105,88
57 -0,00233 -0,12677 91,05 0,12679 231,37
58 -0,00349 -0,05350 93,73 0,05361 47,06
59 0,00000 -0,05350 90,00 0,05350 149,02
60 0,00000 -0,03256 90,00 0,03256 235,29
