n Δx [mm] Δy [mm] φ [deg] R [mm] Δz [nm]
1 0,17162 0,00232 -0,77 0,17164 164,71
2 0,08813 -0,00116 0,75 0,08814 113,73
3 0,08233 0,00000 0,00 0,08233 -47,06
4 0,08465 0,00348 -2,35 0,08472 98,04
5 0,16002 -0,00116 0,42 0,16003 7,84
6 0,00464 -0,16350 88,38 0,16357 -15,69
7 0,00348 -0,10436 88,09 0,10442 -27,45
8 -0,00116 -0,18090 90,37 0,18090 31,37
9 0,00348 -0,11364 88,25 0,11369 117,65
10 -0,00116 -0,03131 92,12 0,03133 -27,45
11 -0,00116 -0,11828 90,56 0,11828 -31,37
12 -0,00116 -0,14495 90,46 0,14495 54,90
13 -0,00116 -0,05334 91,25 0,05335 19,61
14 0,00580 -0,14959 87,78 0,14970 -43,14
15 0,00348 -0,12060 88,35 0,12065 -184,31
16 -0,00812 -0,20525 92,26 0,20541 50,98
17 -0,13335 0,00116 -179,50 0,13336 -39,22
18 -0,13799 0,00000 180,00 0,13799 -168,63
19 -0,10436 0,00348 -178,09 0,10442 35,29
20 -0,05450 0,00348 -176,35 0,05461 31,37
21 -0,05798 -0,00580 174,29 0,05827 62,75
22 -0,17278 0,00000 180,00 0,17278 141,18
23 -0,20641 0,01739 -175,18 0,20714 15,69
24 -0,00232 -0,18090 90,73 0,18091 62,75
25 -0,08465 0,00000 180,00 0,08465 -94,12
26 0,02087 -0,31773 86,24 0,31842 -50,98
27 -0,09161 0,00464 -177,10 0,09173 39,22
28 -0,17394 -0,05798 161,57 0,18335 82,35
29 0,00580 0,09393 -86,47 0,09411 86,27
30 -0,13683 -0,07190 152,28 0,15457 431,37
31 -0,13103 -0,00464 177,97 0,13112 188,24
32 -0,00116 0,20873 -90,32 0,20873 39,22
