n Δx [mm] Δy [mm] φ [deg] R [mm] Δz [nm]
1 0,44992 -0,00464 0,59 0,44995 337,25
2 -0,01507 -0,59951 91,44 0,59970 521,57
3 0,00812 -0,45224 88,97 0,45232 101,96
4 0,29222 0,01739 -3,41 0,29274 -196,08
5 0,01160 0,39542 -88,32 0,39559 -482,35
6 0,13335 -0,01392 5,96 0,13408 541,18
7 -0,00812 -0,52066 90,89 0,52072 384,31
8 0,24352 0,00464 -1,09 0,24356 3,92
9 -0,00580 -0,30150 91,10 0,30155 -658,82
10 0,08001 0,00232 -1,66 0,08005 207,84
11 0,00000 -0,27714 90,00 0,27714 -215,69
12 -0,12408 0,00232 -178,93 0,12410 -262,75
13 0,00116 -0,17278 89,62 0,17278 0,00
14 -0,13335 0,00928 -176,02 0,13368 372,55
15 -0,00464 -0,13335 91,99 0,13343 152,94
16 0,00116 -0,21453 89,69 0,21453 11,76
17 -0,11828 -0,00348 178,32 0,11833 184,31
