n Δx [mm] Δy [mm] φ [deg] R [mm] Δz [nm]
1 -0,24584 0,00000 180,00 0,24584 -223,53
2 -0,00464 0,25395 -91,05 0,25399 101,96
3 -0,25627 -0,00464 178,96 0,25631 223,53
4 0,08697 0,31425 -74,53 0,32606 -388,24
5 -0,13567 0,07885 -149,83 0,15692 -305,88
6 0,09161 0,17626 -62,54 0,19864 309,80
7 0,03479 -0,11480 73,14 0,11996 266,67
8 0,23424 0,06494 -15,49 0,24307 278,43
9 0,01739 -0,17162 84,21 0,17250 -654,90
10 -0,15887 -0,02087 172,51 0,16023 278,43
11 0,00348 0,32933 -89,39 0,32934 -137,25
12 0,30150 0,04406 -8,32 0,30470 266,67
13 0,04175 -0,12408 71,40 0,13091 854,90
14 0,21337 0,02899 -7,74 0,21533 90,20
15 -0,00232 -0,16814 90,79 0,16816 23,53
16 0,12640 -0,01276 5,76 0,12704 211,76
17 -0,13451 0,24004 -119,27 0,27516 -647,06
18 0,28178 0,07885 -15,63 0,29261 172,55
19 0,01044 -0,10784 84,47 0,10835 -62,75
20 0,18206 0,04522 -13,95 0,18759 184,31
21 -0,00116 -0,16582 90,40 0,16583 160,78
22 0,16582 0,01739 -5,99 0,16673 -352,94
