n Δx [mm] Δy [mm] φ [deg] R [mm] Δz [nm]
1 0,00000 0,17046 -90,00 0,17046 -403,92
2 0,14031 -0,00464 1,89 0,14039 184,31
3 0,02435 0,16466 -81,59 0,16645 -82,35
4 0,09161 -0,00812 5,06 0,09197 -243,14
5 0,05914 0,34440 -80,26 0,34944 435,29
6 0,31541 -0,05334 9,60 0,31989 243,14
7 0,01276 0,23772 -86,93 0,23806 -3,92
8 0,20641 -0,01507 4,18 0,20696 -35,29
9 -0,00464 0,17046 -91,56 0,17052 -203,92
10 0,19829 -0,06610 18,43 0,20902 43,14
11 -0,09741 -0,00348 177,95 0,09747 -811,76
12 -0,00696 0,19017 -92,10 0,19030 639,22
13 -0,34556 -0,04059 173,30 0,34794 19,61
14 0,00348 0,29454 -89,32 0,29456 623,53
15 -0,20641 -0,02551 172,95 0,20798 850,98
16 -0,07305 0,44877 -99,25 0,45467 101,96
17 0,09045 0,00000 0,00 0,09045 -50,98
18 -0,02667 0,09277 -106,04 0,09653 -239,22
19 -0,33281 -0,01971 176,61 0,33339 -23,53
20 -0,00464 0,23424 -91,13 0,23429 15,69
