n Δx [mm] Δy [mm] φ [deg] R [mm] Δz [nm]
1 -0,44529 0,03595 -175,38 0,44673 -321,57
2 -0,00348 0,43137 -90,46 0,43139 -223,53
3 -0,22380 0,02667 -173,20 0,22539 -517,65
4 0,04754 0,34208 -82,09 0,34537 -113,73
5 -0,17394 0,06494 -159,53 0,18567 -498,04
6 0,08813 0,28642 -72,90 0,29967 192,16
7 -0,33744 0,03015 -174,89 0,33879 -3,92
8 -0,05334 0,79780 -93,83 0,79959 -50,98
9 0,12640 -0,02319 10,40 0,12851 776,47
10 0,07190 0,40470 -79,93 0,41104 364,71
11 -0,22612 0,09277 -157,69 0,24441 411,76
12 -0,01507 0,64242 -91,34 0,64260 -7,84
13 0,26787 -0,04638 9,82 0,27185 86,27
14 0,19597 0,66213 -73,51 0,69052 -768,63
15 -0,14263 0,04406 -162,83 0,14928 47,06
16 0,12060 0,46152 -75,36 0,47702 50,98
