n Δx [mm] Δy [mm] φ [deg] R [mm] Δz [nm]
1 0,1244 -0,0115 5,29 0,1250 454,90
2 0,1820 -0,0092 2,90 0,1823 3,92
3 0,2581 0,0000 0,00 0,2581 39,22
4 0,2857 -0,0207 4,15 0,2865 607,84
5 0,3203 0,0207 -3,70 0,3210 -294,12
6 0,1682 0,0000 0,00 0,1682 -521,57
7 0,1406 0,0023 -0,94 0,1406 -3,92
8 0,1659 0,0000 0,00 0,1659 -235,29
9 0,1567 0,0046 -1,68 0,1568 -11,76
10 0,8134 -0,0184 1,30 0,8136 47,06
11 0,1198 0,0000 0,00 0,1198 521,57
12 0,3503 -0,0023 0,38 0,3503 43,14
13 0,5530 0,0000 0,00 0,5530 254,90
14 0,3295 -0,0115 2,00 0,3297 129,41
15 0,0046 -0,3318 89,20 0,3319 -74,51
16 -0,0092 -0,3825 91,38 0,3826 156,86
17 -0,0184 -0,2857 93,69 0,2863 223,53
18 -0,0092 -0,1636 93,22 0,1639 188,24
19 -0,0023 -0,3042 90,43 0,3042 423,53
20 -0,0092 -0,7558 90,70 0,7559 -74,51
21 -0,5738 0,0000 180,00 0,5738 3,92
22 0,0069 0,6590 -89,40 0,6591 0,00
23 0,8918 -0,0046 0,30 0,8918 454,90
24 -0,0484 -0,3341 98,24 0,3376 -725,49
25 0,5715 -0,0576 5,76 0,5744 290,20
26 -0,8411 0,0760 -174,83 0,8445 -3,92
27 0,0461 0,4194 -83,73 0,4219 3,92
28 -0,4516 0,0438 -174,46 0,4538 611,76
29 -0,1982 0,0346 -170,11 0,2012 364,71
30 -0,3088 -0,0069 178,72 0,3089 301,96
31 -0,3433 -0,0207 176,54 0,3440 -439,22
32 -0,1152 0,0092 -175,43 0,1156 -176,47
33 0,0046 0,1751 -88,49 0,1752 -682,35
34 0,4309 0,0092 -1,23 0,4310 -400,00
35 -0,0207 0,2581 -94,59 0,2589 -788,24
36 -0,3111 0,0000 180,00 0,3111 -90,20
37 0,0046 0,2143 -88,77 0,2144 454,90
38 0,2673 -0,0576 12,16 0,2734 196,08
39 -0,0576 0,2397 -103,52 0,2465 -101,96
40 0,3019 0,0046 -0,87 0,3019 58,82
41 0,3710 -0,0046 0,71 0,3710 168,63
42 0,1774 -0,0023 0,74 0,1774 686,27
43 0,0760 0,0000 0,00 0,0760 690,20
44 0,1567 0,0023 -0,84 0,1567 -478,43
45 -0,2327 0,0000 180,00 0,2327 50,98
