n Δx [mm] Δy [mm] φ [deg] R [mm] Δz [µm]
1 0,6567 0,0069 -0,60 0,6568 -0,1843
2 0,0737 0,6890 -83,89 0,6929 -0,6275
3 -0,5830 0,0991 -170,35 0,5914 -0,2078
4 0,0830 0,4540 -79,64 0,4615 0,0196
5 0,0023 0,3295 -89,60 0,3295 -0,0118
6 0,3572 -0,1037 16,19 0,3719 0,1804
7 0,3249 -0,0830 14,32 0,3353 0,0392
8 -0,0069 0,3871 -91,02 0,3872 0,0824
9 0,0000 0,2719 -90,00 0,2719 -0,0196
10 0,3756 -0,0899 13,46 0,3862 0,6000
11 0,0668 0,1544 -66,60 0,1682 -0,5137
12 -0,0737 0,0000 180,00 0,0737 -0,3765
13 0,0069 -0,2420 88,36 0,2421 -0,6471
14 -0,1267 0,0161 -172,75 0,1278 0,3529
15 -0,2996 0,0253 -175,16 0,3006 -0,7373
16 -0,0023 0,2973 -90,44 0,2973 0,1569
17 -0,4586 0,0760 -170,58 0,4648 0,3961
18 -0,0115 0,2489 -92,65 0,2491 -0,0039
19 -0,7743 0,0023 -179,83 0,7743 0,6667
20 -0,0023 0,6314 -90,21 0,6314 -0,1020
21 -0,4516 0,0092 -178,83 0,4517 0,0000
22 0,0369 0,3088 -83,19 0,3110 0,3922
23 -0,2443 0,0161 -176,22 0,2448 -0,2118
24 0,0161 0,2973 -86,89 0,2977 -0,3686
25 -0,0115 0,1820 -93,62 0,1824 -0,0784
26 0,3065 0,0115 -2,15 0,3067 0,0000
27 -0,0092 -0,1820 92,90 0,1823 -0,3137
28 -0,1751 0,0046 -178,49 0,1752 -0,7725
29 0,3065 -0,6037 63,09 0,6771 0,7020
30 0,2350 -0,0230 5,60 0,2362 0,2275
31 -0,0138 -0,1936 94,09 0,1941 0,1490
32 0,6245 -0,0737 6,73 0,6288 0,4745
33 -0,6683 0,0069 -179,41 0,6683 0,3843
34 0,0461 0,5093 -84,83 0,5113 -0,5333
35 -0,2420 0,0000 180,00 0,2420 -0,5373
36 -0,2051 0,0000 180,00 0,2051 -0,6078
37 -0,2051 -0,0092 177,43 0,2053 0,0000
38 -0,2903 -0,0023 179,55 0,2904 -0,0863
39 -0,0830 0,0000 180,00 0,0830 -0,4706
40 0,1890 -0,0184 5,57 0,1899 -0,0627
41 0,1936 0,0000 0,00 0,1936 -0,2627
42 0,3203 0,0046 -0,82 0,3203 0,6039
43 1,0001 -0,0046 0,26 1,0001 0,7804
44 -0,6913 -0,0230 178,09 0,6917 -0,2510
45 -0,5507 0,0046 -179,52 0,5508 -0,0157
46 -0,1728 0,0161 -174,67 0,1736 -0,3451
47 -0,4586 0,0576 -172,84 0,4622 -0,3412
48 0,2051 0,3940 -62,50 0,4442 0,1608
49 -0,2558 0,0046 -178,97 0,2558 -0,3686
50 0,0000 0,2304 -90,00 0,2304 0,2000
51 -0,0253 0,8872 -91,64 0,8875 0,3765
