n Δx [mm] Δy [mm] φ [deg] R [mm] Δz [nm]
1 0,31541 -0,01392 2,53 0,31572 66,67
2 0,52646 -0,01739 1,89 0,52675 -149,02
3 0,12988 0,00348 -1,53 0,12992 -19,61
4 0,30150 0,01276 -2,42 0,30177 50,98
5 0,34208 -0,00928 1,55 0,34221 282,35
6 0,20641 -0,00116 0,32 0,20641 -19,61
7 0,09857 0,00116 -0,67 0,09857 -98,04
8 0,00348 -0,21569 89,08 0,21571 -43,14
9 0,00696 -0,42557 89,06 0,42563 -47,06
10 0,02667 -0,30034 84,93 0,30152 125,49
11 -0,01044 -0,38035 91,57 0,38049 -137,25
12 -0,02899 -0,20525 98,04 0,20729 152,94
