n Δx [mm] Δy [mm] φ [deg] R [mm] Δz [nm]
1 0,8941 -0,0253 1,62 0,8944 -419,61
2 0,0207 1,2651 -89,06 1,2652 113,73
3 0,7351 0,0000 0,00 0,7351 31,37
4 0,0438 0,9863 -87,46 0,9872 -905,88
5 -0,8134 0,0346 -177,57 0,8142 -70,59
6 0,0023 1,2144 -89,89 1,2144 -23,53
7 0,5277 0,0023 -0,25 0,5277 23,53
8 0,6729 0,0115 -0,98 0,6730 -415,69
9 -0,0346 0,8134 -92,43 0,8142 70,59
10 0,0023 0,3641 -89,64 0,3641 109,80
11 -0,3088 0,0000 180,00 0,3088 211,76
12 0,3526 -0,0323 5,23 0,3540 43,14
13 0,3203 -0,0023 0,41 0,3203 760,78
14 -0,2489 0,0277 -173,66 0,2504 149,02
15 0,0138 0,2880 -87,25 0,2884 415,69
16 -0,2443 -0,0161 176,22 0,2448 -247,06
17 0,0000 0,2811 -90,00 0,2811 203,92
18 -0,2558 0,0161 -176,39 0,2563 156,86
19 0,0576 0,2973 -79,03 0,3028 -682,35
