Datos generados por TERE.BAS el 06-11-2007
 t[min] T[§C] V[§C/min]
   0.00 -.003264 -79.57 -250.9
   0.01 -.003276 -79.87 -457.2
   0.02 -.003288 -80.17 -618.6
   0.03 -.003301 -80.47 -735.0
   0.04 -.003313 -80.76 -806.2
   0.06 -.003325 -81.06 -832.0
   0.07 -.003337 -81.36 -812.3
   0.08 -.003348 -81.63 -746.7
   0.09 -.003360 -81.92 -635.3
   0.10 -.003372 -82.20 -477.8
   0.11 -.003384 -82.49 -274.0
   0.12 -.003395 -82.77  -23.9
   0.13 -.003407 -83.05  -23.7
   0.14 -.003418 -83.33  -23.5
   0.16 -.003429 -83.60  -23.3
   0.17 -.003440 -83.86  -23.1
   0.18 -.003451 -84.13  -22.9
   0.19 -.003462 -84.39  -22.7
   0.20 -.003473 -84.66  -22.6
   0.21 -.003483 -84.92  -22.3
   0.22 -.003494 -85.19  -22.2
   0.23 -.003505 -85.44  -22.0
   0.24 -.003515 -85.70  -21.8
   0.26 -.003525 -85.95  -21.6
   0.27 -.003536 -86.21  -21.5
   0.28 -.003546 -86.46  -21.4
   0.29 -.003556 -86.70  -21.2
   0.30 -.003566 -86.95  -21.0
   0.31 -.003576 -87.19  -20.9
   0.32 -.003587 -87.44  -20.7
   0.33 -.003596 -87.67  -20.5
   0.34 -.003606 -87.92  -20.3
   0.36 -.003616 -88.16  -20.2
   0.37 -.003626 -88.39  -20.1
   0.38 -.003635 -88.62  -19.9
   0.39 -.003645 -88.86  -19.8
   0.40 -.003654 -89.09  -19.7
   0.41 -.003664 -89.32  -19.5
   0.42 -.003674 -89.56  -19.4
   0.43 -.003682 -89.78  -19.3
   0.44 -.003692 -90.00  -19.1
   0.45 -.003701 -90.22  -19.0
   0.47 -.003710 -90.45  -18.8
   0.48 -.003718 -90.66  -18.7
   0.49 -.003728 -90.88  -18.5
   0.50 -.003736 -91.09  -18.4
   0.51 -.003745 -91.31  -18.2
   0.52 -.003754 -91.52  -18.1
   0.53 -.003763 -91.73  -17.9
   0.54 -.003771 -91.94  -17.8
   0.55 -.003780 -92.15  -17.7
   0.57 -.003788 -92.35  -17.5
   0.58 -.003797 -92.56  -17.4
   0.59 -.003805 -92.76  -17.3
   0.60 -.003813 -92.96  -17.2
   0.61 -.003821 -93.14  -17.0
   0.62 -.003828 -93.34  -16.8
   0.63 -.003837 -93.54  -16.6
   0.64 -.003844 -93.72  -16.4
   0.65 -.003852 -93.91  -16.2
   0.67 -.003859 -94.09  -16.0
   0.68 -.003867 -94.28  -15.8
   0.69 -.003875 -94.46  -15.7
   0.70 -.003882 -94.64  -15.5
   0.71 -.003889 -94.82  -15.4
   0.72 -.003897 -95.00  -15.2
   0.73 -.003904 -95.18  -15.1
   0.74 -.003911 -95.36  -15.0
   0.75 -.003918 -95.53  -14.9
   0.77 -.003926 -95.71  -14.8
   0.78 -.003933 -95.88  -14.7
   0.79 -.003940 -96.06  -14.6
   0.80 -.003947 -96.23  -14.6
   0.81 -.003954 -96.39  -14.4
   0.82 -.003961 -96.56  -14.3
   0.83 -.003968 -96.74  -14.3
   0.84 -.003975 -96.91  -14.2
   0.85 -.003982 -97.07  -14.1
   0.87 -.003989 -97.24  -14.0
   0.88 -.003995 -97.40  -13.9
   0.89 -.004002 -97.56  -13.8
   0.90 -.004008 -97.72  -13.7
   0.91 -.004015 -97.89  -13.7
   0.92 -.004022 -98.05  -13.6
   0.93 -.004028 -98.20  -13.5
   0.94 -.004035 -98.36  -13.4
   0.95 -.004041 -98.51  -13.2
   0.97 -.004047 -98.67  -13.1
   0.98 -.004053 -98.82  -13.0
   0.99 -.004060 -98.97  -12.9
   1.00 -.004066 -99.12  -12.8
   1.01 -.004072 -99.27  -12.7
   1.02 -.004078 -99.42  -12.6
   1.03 -.004084 -99.56  -12.5
   1.04 -.004090 -99.72  -12.4
   1.05 -.004096 -99.86  -12.3
   1.07 -.004102 %-100.00  -12.3
   1.08 -.004108 %-100.16  -12.2
   1.09 -.004114 %-100.30  -12.1
   1.10 -.004120 %-100.44  -12.1
   1.11 -.004126 %-100.58  -12.0
   1.12 -.004131 %-100.72  -12.0
   1.13 -.004137 %-100.85  -11.9
   1.14 -.004143 %-101.00  -11.8
   1.16 -.004148 %-101.13  -11.7
   1.17 -.004154 %-101.28  -11.6
   1.18 -.004159 %-101.40  -11.5
   1.19 -.004165 %-101.54  -11.4
   1.20 -.004170 %-101.67  -11.3
   1.21 -.004175 %-101.79  -11.2
   1.22 -.004181 %-101.92  -11.0
   1.23 -.004186 %-102.06  -11.0
   1.24 -.004192 %-102.19  -10.9
   1.25 -.004196 %-102.30  -10.8
   1.27 -.004202 %-102.43  -10.7
   1.28 -.004207 %-102.56  -10.6
   1.29 -.004212 %-102.69  -10.6
   1.30 -.004217 %-102.82  -10.5
   1.31 -.004222 %-102.93  -10.5
   1.32 -.004227 %-103.06  -10.4
   1.33 -.004232 %-103.18  -10.4
   1.34 -.004237 %-103.30  -10.2
   1.36 -.004242 %-103.41  -10.1
   1.37 -.004247 %-103.54  -10.1
   1.38 -.004252 %-103.66  -10.0
   1.39 -.004256 %-103.77   -9.9
   1.40 -.004262 %-103.90   -9.9
   1.41 -.004266 %-104.01   -9.8
   1.42 -.004271 %-104.13   -9.8
   1.43 -.004276 %-104.25   -9.8
   1.45 -.004280 %-104.35   -9.7
   1.46 -.004285 %-104.46   -9.6
   1.47 -.004290 %-104.58   -9.6
   1.48 -.004295 %-104.70   -9.6
   1.49 -.004299 %-104.81   -9.5
   1.50 -.004304 %-104.92   -9.4
   1.51 -.004308 %-105.02   -9.3
   1.52 -.004312 %-105.13   -9.2
   1.54 -.004316 %-105.23   -9.1
   1.55 -.004321 %-105.33   -9.0
   1.56 -.004324 %-105.43   -8.9
   1.57 -.004329 %-105.55   -8.8
   1.58 -.004334 %-105.65   -8.7
   1.59 -.004337 %-105.75   -8.6
   1.60 -.004342 %-105.84   -8.5
   1.61 -.004346 %-105.94   -8.5
   1.62 -.004350 %-106.05   -8.4
   1.64 -.004353 %-106.13   -8.4
   1.65 -.004358 %-106.24   -8.3
   1.66 -.004361 %-106.33   -8.2
   1.67 -.004366 %-106.43   -8.2
   1.68 -.004370 %-106.54   -8.1
   1.69 -.004373 %-106.62   -8.0
   1.70 -.004378 %-106.73   -8.0
   1.71 -.004381 %-106.81   -8.0
   1.73 -.004385 %-106.91   -7.9
   1.74 -.004389 %-107.00   -7.9
   1.75 -.004393 %-107.09   -7.9
   1.76 -.004397 %-107.19   -7.8
   1.77 -.004400 %-107.27   -7.7
   1.78 -.004404 %-107.37   -7.7
   1.79 -.004407 %-107.45   -7.6
   1.80 -.004411 %-107.55   -7.5
   1.82 -.004415 %-107.64   -7.5
   1.83 -.004419 %-107.72   -7.4
   1.84 -.004422 %-107.81   -7.4
   1.85 -.004426 %-107.89   -7.4
   1.86 -.004429 %-107.97   -7.3
   1.87 -.004433 %-108.07   -7.2
   1.88 -.004436 %-108.16   -7.2
   1.89 -.004440 %-108.24   -7.2
   1.90 -.004443 %-108.32   -7.1
   1.92 -.004447 %-108.41   -7.1
   1.93 -.004450 %-108.49   -7.1
   1.94 -.004454 %-108.58   -7.0
   1.95 -.004457 %-108.65   -7.0
   1.96 -.004460 %-108.74   -7.0
   1.97 -.004464 %-108.82   -6.9
   1.98 -.004467 %-108.91   -6.9
   1.99 -.004470 %-108.98   -6.8
   2.01 -.004474 %-109.07   -6.8
   2.02 -.004477 %-109.15   -6.8
   2.03 -.004481 %-109.23   -6.8
   2.04 -.004484 %-109.31   -6.7
   2.05 -.004487 %-109.39   -6.7
   2.06 -.004490 %-109.46   -6.7
   2.07 -.004493 %-109.54   -6.6
   2.08 -.004496 %-109.62   -6.6
   2.10 -.004499 %-109.69   -6.5
   2.11 -.004503 %-109.77   -6.4
   2.12 -.004505 %-109.84   -6.4
   2.13 -.004508 %-109.91   -6.3
   2.14 -.004512 %-109.99   -6.2
   2.15 -.004514 %-110.06   -6.2
   2.16 -.004517 %-110.13   -6.1
   2.17 -.004521 %-110.21   -6.1
   2.19 -.004523 %-110.27   -6.1
   2.20 -.004526 %-110.34   -6.0
   2.21 -.004529 %-110.40   -5.9
   2.22 -.004532 %-110.48   -5.9
   2.23 -.004534 %-110.55   -5.8
   2.24 -.004537 %-110.62   -5.8
   2.25 -.004540 %-110.68   -5.7
   2.26 -.004543 %-110.75   -5.6
   2.27 -.004545 %-110.82   -5.6
   2.29 -.004548 %-110.88   -5.5
   2.30 -.004551 %-110.95   -5.5
   2.31 -.004553 %-111.01   -5.5
   2.32 -.004556 %-111.08   -5.5
   2.33 -.004558 %-111.13   -5.5
   2.34 -.004561 %-111.20   -5.4
   2.35 -.004564 %-111.28   -5.4
   2.36 -.004567 %-111.34   -5.4
   2.38 -.004570 %-111.41   -5.4
   2.39 -.004574 %-111.51   -5.5
   2.40 -.004576 %-111.55   -5.5
   2.41 -.004578 %-111.60   -5.5
   2.42 -.004579 %-111.64   -5.4
   2.43 -.004581 %-111.69   -5.3
   2.44 -.004584 %-111.75   -5.1
   2.45 -.004586 %-111.80   -5.0
   2.47 -.004588 %-111.85   -4.8
   2.48 -.004590 %-111.91   -4.6
   2.49 -.004592 %-111.96   -4.4
   2.50 -.004594 %-112.00   -4.2
   2.51 -.004596 %-112.05   -4.1
   2.52 -.004599 %-112.11   -4.2
   2.53 -.004600 %-112.15   -4.2
   2.54 -.004602 %-112.20   -4.2
   2.55 -.004604 %-112.25   -4.2
   2.57 -.004607 %-112.31   -4.1
   2.58 -.004608 %-112.35   -4.1
   2.59 -.004611 %-112.41   -4.1
   2.60 -.004613 %-112.46   -4.1
   2.61 -.004615 %-112.50   -4.1
   2.62 -.004617 %-112.55   -4.1
   2.63 -.004618 %-112.59   -4.0
   2.64 -.004620 %-112.64   -4.0
   2.66 -.004623 %-112.70   -4.0
   2.67 -.004624 %-112.74   -4.0
   2.68 -.004626 %-112.78   -3.9
   2.69 -.004628 %-112.82   -3.9
   2.70 -.004630 %-112.88   -3.9
   2.71 -.004632 %-112.92   -3.8
   2.72 -.004634 %-112.97   -3.8
   2.73 -.004636 %-113.02   -3.8
   2.75 -.004637 %-113.05   -3.8
   2.76 -.004639 %-113.10   -3.8
   2.77 -.004641 %-113.15   -3.8
   2.78 -.004643 %-113.18   -3.7
   2.79 -.004645 %-113.23   -3.7
   2.80 -.004646 %-113.27   -3.7
   2.81 -.004648 %-113.32   -3.6
   2.82 -.004650 %-113.37   -3.6
   2.84 -.004652 %-113.41   -3.6
   2.85 -.004654 %-113.46   -3.6
   2.86 -.004656 %-113.50   -3.6
   2.87 -.004658 %-113.55   -3.7
   2.88 -.004660 %-113.60   -3.7
   2.89 -.004661 %-113.64   -3.7
   2.90 -.004663 %-113.68   -3.7
   2.91 -.004665 %-113.73   -3.7
   2.92 -.004667 %-113.77   -3.7
   2.94 -.004668 %-113.81   -3.7
   2.95 -.004670 %-113.86   -3.7
   2.96 -.004672 %-113.90   -3.6
   2.97 -.004674 %-113.95   -3.6
   2.98 -.004676 %-113.99   -3.6
   2.99 -.004677 %-114.03   -3.6
   3.00 -.004679 %-114.06   -3.5
   3.01 -.004681 %-114.11   -3.5
   3.03 -.004682 %-114.15   -3.5
   3.04 -.004684 %-114.19   -3.4
   3.05 -.004686 %-114.23   -3.4
   3.06 -.004687 %-114.27   -3.4
   3.07 -.004689 %-114.31   -3.4
   3.08 -.004690 %-114.35   -3.4
   3.09 -.004692 %-114.39   -3.3
   3.11 -.004694 %-114.43   -3.3
   3.12 -.004695 %-114.47   -3.3
   3.13 -.004696 %-114.50   -3.2
   3.14 -.004698 %-114.54   -3.2
   3.15 -.004699 %-114.57   -3.2
   3.16 -.004701 %-114.61   -3.1
   3.17 -.004703 %-114.65   -3.1
   3.18 -.004704 %-114.67   -3.0
   3.19 -.004705 %-114.70   -2.9
   3.21 -.004707 %-114.76   -2.9
   3.22 -.004708 %-114.78   -2.9
   3.23 -.004710 %-114.82   -2.9
   3.24 -.004711 %-114.86   -2.9
   3.25 -.004713 %-114.89   -2.9
   3.26 -.004713 %-114.91   -2.8
   3.27 -.004715 %-114.96   -2.9
   3.28 -.004717 %-114.99   -2.8
   3.30 -.004718 %-115.02   -2.8
   3.31 -.004720 %-115.06   -2.9
   3.32 -.004721 %-115.09   -2.8
   3.33 -.004722 %-115.12   -2.8
   3.34 -.004724 %-115.16   -2.8
   3.35 -.004725 %-115.19   -2.8
   3.36 -.004727 %-115.23   -2.8
   3.37 -.004728 %-115.26   -2.8
   3.39 -.004729 %-115.29   -2.8
   3.40 -.004731 %-115.33   -2.8
   3.41 -.004732 %-115.36   -2.8
   3.42 -.004733 %-115.39   -2.8
   3.43 -.004734 %-115.41   -2.7
   3.44 -.004736 %-115.46   -2.7
   3.45 -.004737 %-115.49   -2.7
   3.46 -.004738 %-115.51   -2.6
   3.47 -.004740 %-115.55   -2.6
   3.49 -.004740 %-115.57   -2.5
   3.50 -.004741 %-115.59   -2.5
   3.51 -.004743 %-115.62   -2.4
   3.52 -.004744 %-115.65   -2.4
   3.53 -.004745 %-115.67   -2.3
   3.54 -.004746 %-115.70   -2.3
   3.55 -.004747 %-115.73   -2.3
   3.56 -.004748 %-115.75   -2.2
   3.58 -.004749 %-115.78   -2.2
   3.59 -.004750 %-115.81   -2.2
   3.60 -.004751 %-115.84   -2.2
   3.61 -.004752 %-115.86   -2.2
   3.62 -.004753 %-115.89   -2.2
   3.63 -.004754 %-115.91   -2.2
   3.64 -.004756 %-115.94   -2.2
   3.65 -.004757 %-115.98   -2.2
   3.67 -.004758 %-116.00   -2.2
   3.68 -.004760 %-116.04   -2.3
   3.69 -.004761 %-116.06   -2.3
   3.70 -.004761 %-116.08   -2.3
   3.71 -.004762 %-116.10   -2.3
   3.72 -.004764 %-116.13   -2.3
   3.73 -.004765 %-116.17   -2.3
   3.74 -.004766 %-116.18   -2.2
   3.76 -.004767 %-116.20   -2.2
   3.77 -.004768 %-116.24   -2.2
   3.78 -.004769 %-116.26   -2.1
   3.79 -.004771 %-116.30   -2.1
   3.80 -.004771 %-116.32   -2.1
   3.81 -.004773 %-116.35   -2.2
   3.82 -.004774 %-116.39   -2.3
   3.83 -.004684 %-114.19    4.7
   3.84 -.002121 -51.72  207.6
   3.86 -.004197 %-102.33  213.8
   3.87 -.004422 %-107.80  194.7
   3.88 -.004233 %-103.19  185.2
   3.89 -.003687 -89.89  210.2
   3.90 -.002466 -60.12  313.8
   3.91 -.003100 -75.57  336.5
   3.92 -.002915 -71.06  349.9
   3.94 -.002769 -67.52  348.4
   3.95 -.002626 -64.02  329.9
   3.96 -.002463 -60.06  293.8
   3.97 -.002303 -56.16  245.8
   3.98 -.002080 -50.70  414.6
   3.99 -.001833 -44.69  413.2
   4.00 -.001590 -38.76  377.0
   4.01 -.001142 -27.83  352.9
   4.03 -.002018 -49.19  267.8
   4.04 -.001878 -45.78  281.0
   4.05 -.001744 -42.52  238.8
   4.06 -.001614 -39.35  204.3
   4.07 -.001483 -36.17  175.0
   4.08 -.001359 -33.13  150.2
   4.09 -.001245 -30.35  131.4
   4.10 -.001138 -27.75  118.1
   4.11 -.001044 -25.46  116.2
   4.13 -.000970 -23.66  127.9
   4.14 -.000903 -22.03  154.8
   4.15 -.000762 -18.59  223.6
   4.16 -.000601 -14.65  220.0
   4.17 -.000590 -14.38  210.1
   4.18 -.000483 -11.78  202.6
   4.19 -.000371  -9.04  197.9
   4.20 -.000245  -5.97  197.3
   4.22 -.000114  -2.78  200.8
   4.23 0.000027   0.65  208.2
   4.24 0.000166   4.05  218.1
   4.25 0.000353   8.61  232.7
   4.26 0.000454  11.08  242.3
   4.27 0.000551  13.45  245.5
   4.28 0.000652  15.91  249.0
   4.29 0.000741  18.07  254.1
   4.37 0.001308  31.90  285.2
   4.38 0.001403  34.20  306.6
   4.39 0.001369  33.38  309.3
   4.40 0.001444  35.20  304.9
   4.41 0.001537  37.48  295.9
   4.42 0.001617  39.42  282.7
   4.43 0.001659  40.46  263.3
   4.45 0.001732  42.23  245.6
   4.46 0.001803  43.97  223.3
   4.47 0.001870  45.59  196.0
   4.48 0.001938  47.25  164.7
   4.49 0.002004  48.88  128.7
   4.50 0.002070  50.47  131.5
   4.51 0.002138  52.14  137.6
   4.52 0.002204  53.76  135.4
   4.54 0.002731  66.60  168.8
   4.55 0.003065  74.73  218.3
   4.56 0.003120  76.09  258.0
   4.57 0.003172  77.36  284.6
   4.58 0.003223  78.60  300.5
   4.59 0.003272  79.79  305.8
   4.60 0.003319  80.95  300.2
   4.61 0.003371  82.21  284.6
   4.62 0.003420  83.41  258.7
   4.64 0.003466  84.53  222.5
   4.65 0.003510  85.60  176.3
   4.66 0.003552  86.63  120.3
   4.67 0.003594  87.66   96.4
   4.68 0.003638  88.72   94.3
   4.69 0.003681  89.78   92.4
   4.70 0.003724  90.81   90.7
   4.71 0.003764  91.80   89.1
   4.73 0.003800  92.67   87.0
   4.74 0.003838  93.61   84.9
   4.75 0.003878  94.58   83.3
   4.76 0.003917  95.53   82.0
   4.77 0.003956  96.49   81.0
   4.78 0.003992  97.36   79.8
   4.79 0.004028  98.24   78.6
   4.80 0.004062  99.07   77.1
   4.82 0.004096  99.89   75.6
   4.83 0.004128 100.68   74.2
   4.84 0.004161 101.47   72.8
   4.85 0.004193 102.25   71.5
   4.86 0.004224 103.02   69.8
   4.87 0.004256 103.79   68.2
   4.88 0.004285 104.50   66.5
   4.89 0.004313 105.19   64.9
   4.91 0.004342 105.89   63.6
   4.92 0.004368 106.54   62.1
   4.93 0.004394 107.16   60.6
   4.94 0.004421 107.82   59.2
   4.95 0.004449 108.50   58.0
   4.96 0.004474 109.10   56.6
   4.97 0.004497 109.67   55.2
   4.98 0.004523 110.30   53.9
   5.00 0.004523 110.31   51.0
   5.01 0.004550 110.96   48.8
   5.02 0.004575 111.58   47.1
   5.03 0.004600 112.18   45.7
   5.04 0.004622 112.71   44.7
   5.05 0.004643 113.23   43.8
   5.06 0.004664 113.75   43.0
   5.07 0.004684 114.23   42.5
   5.09 0.004704 114.73   42.3
   5.10 0.004721 115.15   42.2
   5.11 0.004742 115.64   42.2
   5.12 0.004763 116.16   42.8
   5.13 0.004781 116.61   41.5
   5.14 0.004800 117.06   40.5
   5.15 0.004819 117.52   39.7
   5.16 0.004836 117.95   39.0
   5.17 0.004854 118.38   38.4
   5.19 0.004872 118.81   37.9
   5.20 0.004888 119.22   37.4
   5.21 0.004905 119.63   36.8
   5.22 0.004921 120.03   36.2
   5.23 0.004938 120.44   35.5
   5.24 0.004954 120.81   34.7
   5.25 0.004969 121.18   34.1
   5.26 0.004985 121.57   33.5
   5.28 0.005000 121.94   32.9
   5.29 0.005014 122.29   32.3
   5.30 0.005028 122.62   31.7
   5.31 0.005041 122.94   31.0
   5.32 0.004975 121.32   24.1
   5.33 0.004988 121.66   18.4
   5.34 0.005003 122.01   14.0
   5.35 0.005017 122.36   10.7
   5.37 0.005030 122.69    8.7
   5.38 0.005044 123.02    7.8
   5.39 0.005058 123.37    8.2
   5.40 0.005072 123.69    9.7
   5.41 0.005085 124.01   12.5
   5.42 0.005096 124.28   16.1
   5.43 0.005107 124.55   20.8
   5.44 0.005116 124.78   26.3
   5.45 0.005128 125.06   25.5
   5.47 0.005139 125.34   24.7
   5.48 0.005150 125.61   24.0
   5.49 0.005161 125.86   23.4
   5.50 0.005171 126.12   22.7
   5.51 0.005182 126.39   22.2
   5.52 0.005192 126.62   21.8
   5.53 0.005201 126.85   21.4
   5.54 0.005207 127.00   20.9
   5.56 0.005216 127.22   20.4
   5.57 0.005225 127.43   19.8
   5.58 0.005234 127.66   19.2
   5.59 0.005243 127.87   18.6
   5.60 0.005251 128.06   18.0
   5.61 0.005259 128.27   17.6
   5.62 0.005268 128.47   17.2
   5.63 0.005275 128.65   16.9
   5.65 0.005284 128.87   16.8
   5.66 0.005291 129.05   16.7
   5.67 0.005300 129.25   16.7
   5.68 0.005307 129.44   16.5
   5.69 0.005314 129.61   16.3
   5.70 0.005319 129.72   15.7
   5.71 0.005325 129.87   15.3
   5.72 0.005333 130.07   14.9
   5.74 0.005341 130.27   14.6
   5.75 0.005346 130.38   14.2
   5.76 0.005342 130.29   13.1
   5.77 0.005341 130.26   11.5
   5.78 0.005341 130.27    9.8
   5.79 0.005349 130.46    8.6
   5.80 0.005364 130.84    8.5
   5.81 0.005371 131.00    8.7
   5.82 0.005381 131.24    9.4
   5.84 0.005388 131.41   10.1
   5.85 0.005390 131.47   10.6
   5.86 0.005394 131.55   11.2
   5.87 0.005400 131.69   12.2
   5.88 0.005405 131.82   13.1
   5.89 0.005412 132.00   13.4
   5.90 0.005418 132.15   13.2
   5.91 0.005423 132.27   12.2
   5.93 0.005428 132.39   11.2
   5.94 0.005433 132.51   10.9
   5.95 0.005438 132.62   10.5
   5.96 0.005443 132.75   10.6
   5.97 0.005447 132.86   10.7
   5.98 0.005451 132.95   10.5
   5.99 0.005455 133.04   10.1
   6.01 0.005458 133.13    9.6
   6.02 0.005463 133.24    9.1
   6.03 0.005468 133.37    8.9
   6.04 0.005471 133.43    8.7
   6.05 0.005474 133.51    8.4
   6.06 0.005471 133.43    7.6
   6.07 0.005476 133.57    7.1
   6.08 0.005480 133.65    6.6
   6.09 0.005483 133.74    6.3
   6.11 0.005488 133.84    6.2
   6.12 0.005492 133.94    6.2
   6.13 0.005495 134.02    6.2
   6.14 0.005498 134.08    6.1
   6.15 0.005500 134.14    6.1
   6.16 0.005502 134.18    6.2
   6.17 0.005506 134.28    6.4
   6.18 0.005509 134.35    6.6
   6.20 0.005511 134.41    6.2
   6.21 0.005514 134.49    6.0
   6.22 0.005518 134.59    6.0
   6.23 0.005522 134.68    5.9
   6.24 0.005524 134.73    5.9
   6.25 0.005526 134.78    5.9
   6.26 0.005527 134.80    5.8
   6.27 0.005529 134.85    5.7
   6.29 0.005532 134.92    5.5
   6.30 0.005535 134.99    5.2
   6.31 0.005537 135.05    5.1
   6.32 0.005538 135.08    4.8
   6.33 0.005540 135.12    4.5
   6.34 0.005549 135.34    4.8
   6.35 0.005552 135.40    5.2
   6.36 0.005553 135.45    5.5
   6.38 0.005555 135.48    5.7
   6.39 0.005556 135.50    5.7
   6.40 0.005559 135.58    5.7
   6.41 0.005561 135.64    5.6
   6.42 0.005563 135.69    5.4
   6.43 0.005566 135.75    5.3
   6.44 0.005562 135.65    4.6
   6.45 0.005561 135.63    3.6
   6.46 0.005565 135.73    2.8
   6.48 0.005568 135.80    2.7
   6.49 0.005571 135.89    2.8
   6.50 0.005574 135.94    2.9
   6.51 0.005575 135.98    3.0
   6.52 0.005573 135.93    2.8
   6.53 0.005568 135.79    2.2
   6.54 0.005569 135.83    1.8
   6.55 0.005571 135.87    1.6
   6.57 0.005572 135.90    1.6
   6.58 0.005575 135.96    1.4
   6.59 0.005576 136.00    1.0
   6.60 0.005577 136.03    0.9
   6.61 0.005579 136.07    1.0
   6.62 0.005581 136.11    1.4
   6.63 0.005583 136.17    2.0
   6.64 0.005585 136.22    2.9
   6.66 0.005586 136.25    3.4
   6.67 0.005586 136.25    3.4
   6.68 0.005586 136.25    3.1
   6.69 0.005587 136.26    2.8
   6.70 0.005589 136.31    2.6
   6.71 0.005590 136.34    2.4
   6.72 0.005589 136.31    2.1
   6.73 0.005589 136.33    1.8
   6.75 0.005588 136.29    1.3
   6.76 0.005586 136.23    0.7
   6.77 0.005588 136.30    0.4
   6.78 0.005591 136.36    0.5
   6.79 0.005591 136.36    0.6
   6.80 0.005591 136.37    0.6
   6.81 0.005594 136.44    0.8
   6.82 0.005595 136.47    1.0
   6.84 0.005596 136.49    1.3
   6.85 0.005597 136.52    1.8
   6.86 0.005598 136.54    2.1
   6.87 0.005599 136.55    2.3
   6.88 0.005599 136.56    2.4
   6.89 0.005601 136.60    2.2
   6.90 0.005603 136.65    2.1
   6.91 0.005605 136.70    2.3
   6.93 0.005605 136.71    2.3
   6.94 0.005607 136.75    2.3
   6.95 0.005607 136.76    2.3
   6.96 0.005608 136.78    2.3
   6.97 0.005609 136.80    2.3
   6.98 0.005610 136.82    2.3
   6.99 0.005610 136.82    2.1
   7.00 0.005611 136.85    2.0
   7.01 0.005610 136.82    1.7
   7.03 0.005609 136.81    1.3
   7.04 0.005610 136.83    1.0
   7.05 0.005612 136.87    0.9
   7.06 0.005613 136.90    0.9
   7.07 0.005614 136.92    0.9
   7.08 0.005614 136.92    1.0
   7.09 0.005614 136.92    1.0
   7.10 0.005613 136.91    0.9
   7.12 0.005614 136.93    1.0
   7.13 0.005615 136.95    1.0
   7.14 0.005615 136.96    1.1
   7.15 0.005615 136.94    1.0
   7.16 0.005615 136.95    0.8
   7.17 0.005616 136.98    0.6
   7.18 0.005616 136.96    0.5
   7.20 0.005615 136.95    0.4
   7.21 0.005615 136.94    0.3
   7.22 0.005615 136.95    0.3
   7.23 0.005616 136.98    0.3
   7.24 0.005615 136.95    0.1
   7.25 0.005610 136.82   -0.4
   7.26 0.005610 136.81   -0.8
   7.27 0.005609 136.81   -1.1
   7.28 0.005613 136.90   -1.1
   7.30 0.005614 136.93   -0.9
   7.31 0.005614 136.93   -0.6
   7.32 0.005615 136.94   -0.3
   7.33 0.005612 136.88   -0.3
   7.34 0.005609 136.81   -0.4
   7.35 0.005611 136.84   -0.4
   7.36 0.005613 136.90    0.0
   7.37 0.005616 136.97    0.6
   7.39 0.005605 136.71   -0.2
   7.40 0.005563 135.69   -4.1
   7.41 0.005481 133.68  -13.8
   7.42 0.005387 131.38  -28.5
   7.43 0.005262 128.34  -49.6
   7.44 0.005125 125.00  -76.3
   7.45 0.005067 123.58 -100.5
   7.46 0.004992 121.76 -123.1
   7.48 0.004925 120.12 -142.5
   7.49 0.004861 118.55 -157.0
   7.50 0.004785 116.71 -166.8
   7.51 0.004628 112.86 -176.8
   7.52 0.004530 110.48 -181.4
   7.53 0.004433 108.10 -182.3
   7.54 0.004340 105.83 -182.1
   7.55 0.004249 103.62 -181.4
   7.57 0.004164 101.55 -182.7
   7.58 0.004080  99.50 -187.5
   7.59 0.003996  97.46 -189.5
   7.60 0.003909  95.32 -190.0
   7.61 0.003829  93.38 -187.5
   7.62 0.003748  91.41 -181.8
   7.63 0.003665  89.39 -173.7
   7.64 0.003586  87.46 -170.5
   7.66 0.003509  85.57 -167.5
   7.67 0.003430  83.65 -165.1
   7.68 0.003353  81.76 -163.1
   7.69 0.003276  79.88 -161.5
   7.70 0.003200  78.04 -159.7
   7.71 0.003122  76.15 -158.2
   7.72 0.003049  74.34 -156.5
   7.73 0.002973  72.49 -155.4
   7.75 0.002899  70.69 -154.1
   7.76 0.002825  68.90 -152.8
   7.77 0.002754  67.16 -151.6
   7.78 0.002683  65.42 -150.4
   7.79 0.002613  63.71 -148.9
   7.80 0.002544  62.03 -147.4
   7.81 0.002475  60.36 -145.7
   7.82 0.002405  58.65 -144.2
   7.84 0.002337  57.00 -142.6
   7.85 0.002272  55.39 -141.0
   7.86 0.002203  53.73 -139.6
   7.87 0.002139  52.15 -138.1
   7.88 0.002073  50.56 -136.8
   7.89 0.002009  48.99 -135.5
   7.90 0.001944  47.41 -134.2
   7.91 0.001881  45.87 -133.0
   7.92 0.001817  44.31 -131.9
   7.94 0.001755  42.80 -130.7
   7.95 0.001694  41.30 -129.4
   7.96 0.001633  39.83 -128.2
   7.97 0.001574  38.38 -126.9
   7.98 0.001514  36.92 -125.6
   7.99 0.001454  35.46 -124.4
   8.00 0.001394  33.98 -123.3
   8.01 0.001335  32.55 -122.3
   8.03 0.001277  31.14 -121.1
   8.04 0.001220  29.75 -120.1
   8.05 0.001162  28.33 -119.1
   8.06 0.001105  26.95 -118.2
   8.07 0.001050  25.60 -117.3
   8.08 0.000994  24.23 -116.4
   8.09 0.000939  22.89 -115.5
   8.10 0.000884  21.57 -114.4
   8.12 0.000830  20.25 -113.3
   8.13 0.000777  18.94 -112.2
   8.14 0.000724  17.66 -111.1
   8.15 0.000672  16.39 -110.0
   8.16 0.000621  15.14 -108.9
   8.17 0.000570  13.90 -107.6
   8.18 0.000520  12.68 -106.5
   8.19 0.000470  11.47 -105.3
   8.21 0.000422  10.29 -104.0
   8.22 0.000374   9.12 -102.7
   8.23 0.000325   7.92 -101.5
   8.24 0.000277   6.75 -100.4
   8.25 0.000229   5.59  -99.3
   8.26 0.000183   4.46  -98.3
   8.27 0.000136   3.33  -97.3
   8.28 0.000089   2.17  -96.5
   8.30 0.000044   1.07  -95.6
   8.31 -.000001  -0.03  -94.8
   8.32 -.000046  -1.13  -94.0
   8.33 -.000092  -2.23  -93.3
   8.34 -.000136  -3.31  -92.6
   8.35 -.000180  -4.40  -91.8
   8.36 -.000223  -5.45  -91.0
   8.37 -.000266  -6.48  -90.2
   8.39 -.000308  -7.52  -89.4
   8.40 -.000351  -8.55  -88.5
   8.41 -.000391  -9.54  -87.5
   8.42 -.000433 -10.56  -86.7
   8.43 -.000473 -11.54  -85.8
   8.44 -.000514 -12.53  -84.9
   8.45 -.000554 -13.50  -83.9
   8.46 -.000593 -14.45  -83.0
   8.48 -.000632 -15.41  -82.1
   8.49 -.000671 -16.36  -81.3
   8.50 -.000709 -17.29  -80.5
   8.51 -.000747 -18.22  -79.7
   8.52 -.000785 -19.15  -79.0
   8.53 -.000822 -20.04  -78.3
   8.54 -.000860 -20.96  -77.5
   8.55 -.000897 -21.88  -76.9
   8.56 -.000934 -22.78  -76.3
   8.58 -.000971 -23.67  -75.8
   8.59 -.001007 -24.55  -75.2
   8.60 -.001042 -25.41  -74.6
   8.61 -.001078 -26.28  -74.0
   8.62 -.001113 -27.13  -73.4
   8.63 -.001147 -27.96  -72.7
   8.64 -.001181 -28.80  -72.1
   8.65 -.001215 -29.63  -71.4
   8.67 -.001248 -30.44  -70.6
   8.68 -.001282 -31.26  -69.8
   8.69 -.001314 -32.04  -69.1
   8.70 -.001347 -32.84  -68.3
   8.71 -.001378 -33.60  -67.6
   8.72 -.001410 -34.39  -66.9
   8.73 -.001442 -35.16  -66.2
   8.74 -.001472 -35.90  -65.4
   8.76 -.001503 -36.65  -64.7
   8.77 -.001534 -37.39  -64.0
   8.78 -.001564 -38.13  -63.3
   8.79 -.001592 -38.82  -62.6
   8.80 -.001614 -39.35  -61.2
   8.81 -.001629 -39.71  -59.0
   8.82 -.001637 -39.92  -55.5
   8.83 -.001645 -40.10  -50.9
   8.84 -.001653 -40.30  -45.8
   8.86 -.001661 -40.49  -40.2
   8.87 -.001668 -40.66  -34.7
   8.88 -.001676 -40.86  -29.3
   8.89 -.001685 -41.07  -24.5
   8.90 -.001695 -41.32  -20.8
   8.91 -.001705 -41.58  -18.4
   8.92 -.001717 -41.87  -17.5
   8.93 -.001731 -42.20  -17.9
   8.95 -.001745 -42.55  -19.0
   8.96 -.001761 -42.95  -20.6
   8.97 -.001777 -43.32  -22.3
   8.98 -.001795 -43.75  -24.3
   8.99 -.001811 -44.17  -26.3
   9.00 -.001830 -44.61  -28.2
   9.01 -.001848 -45.06  -30.0
   9.02 -.001867 -45.52  -31.7
   9.04 -.001887 -46.00  -33.2
   9.05 -.001906 -46.46  -34.5
   9.06 -.001926 -46.96  -35.6
   9.07 -.001946 -47.44  -36.6
   9.08 -.001966 -47.92  -37.4
   9.09 -.001986 -48.41  -38.1
   9.10 -.002007 -48.94  -38.7
   9.11 -.002028 -49.44  -39.4
   9.12 -.002049 -49.96  -39.9
   9.14 -.002071 -50.48  -40.4
   9.15 -.002092 -50.99  -40.8
   9.16 -.002113 -51.51  -41.2
   9.17 -.002134 -52.03  -41.6
   9.18 -.002155 -52.54  -41.8
   9.19 -.002176 -53.06  -42.1
   9.20 -.002198 -53.58  -42.3
   9.21 -.002218 -54.09  -42.3
   9.23 -.002239 -54.58  -42.2
   9.24 -.002261 -55.11  -42.2
   9.25 -.002281 -55.62  -42.2
   9.26 -.002302 -56.12  -42.1
   9.27 -.002323 -56.63  -42.0
   9.28 -.002344 -57.14  -42.0
   9.29 -.002364 -57.64  -41.9
   9.30 -.002384 -58.13  -41.7
   9.32 -.002405 -58.64  -41.6
   9.33 -.002426 -59.14  -41.5
   9.34 -.002446 -59.64  -41.4
   9.35 -.002466 -60.13  -41.3
   9.36 -.002486 -60.61  -41.0
   9.37 -.002506 -61.10  -40.9
   9.38 -.002526 -61.59  -40.7
   9.39 -.002546 -62.06  -40.5
   9.40 -.002565 -62.53  -40.3
   9.42 -.002584 -63.00  -40.0
   9.43 -.002602 -63.45  -39.7
   9.44 -.002619 -63.86  -39.1
   9.45 -.002637 -64.30  -38.6
   9.46 -.002658 -64.79  -38.3
   9.47 -.002676 -65.25  -37.9
   9.48 -.002695 -65.72  -37.7
   9.49 -.002714 -66.17  -37.5
   9.51 -.002733 -66.63  -37.4
   9.52 -.002752 -67.10  -37.4
   9.53 -.002770 -67.53  -37.4
   9.54 -.002789 -67.99  -37.5
   9.55 -.002807 -68.43  -37.5
   9.56 -.002825 -68.88  -37.5
   9.57 -.002843 -69.31  -37.3
   9.58 -.002860 -69.72  -36.9
   9.60 -.002877 -70.15  -36.6
   9.61 -.002895 -70.58  -36.2
   9.62 -.002912 -71.00  -35.9
   9.63 -.002930 -71.43  -35.7
   9.64 -.002947 -71.84  -35.3
   9.65 -.002963 -72.24  -35.0
   9.66 -.002980 -72.64  -34.7
   9.67 -.002997 -73.07  -34.5
   9.69 -.003014 -73.47  -34.3
   9.70 -.003030 -73.87  -34.1
   9.71 -.003046 -74.26  -33.8
   9.72 -.003062 -74.65  -33.6
   9.73 -.003078 -75.04  -33.3
   9.74 -.003094 -75.44  -33.0
   9.75 -.003110 -75.82  -32.8
   9.76 -.003125 -76.20  -32.6
   9.78 -.003141 -76.58  -32.3
   9.79 -.003156 -76.95  -32.0
   9.80 -.003171 -77.31  -31.7
   9.81 -.003186 -77.68  -31.4
   9.82 -.003201 -78.05  -31.2
   9.83 -.003215 -78.39  -30.8
   9.84 -.003230 -78.74  -30.5
   9.85 -.003244 -79.10  -30.2
   9.87 -.003258 -79.44  -29.8
   9.88 -.003272 -79.78  -29.5
   9.89 -.003287 -80.13  -29.2
   9.90 -.003300 -80.46  -28.9
   9.91 -.003314 -80.81  -28.7
   9.92 -.003328 -81.14  -28.5
   9.93 -.003342 -81.47  -28.2
   9.94 -.003355 -81.80  -28.0
   9.96 -.003369 -82.13  -27.9
   9.97 -.003382 -82.46  -27.7
   9.98 -.003395 -82.78  -27.5
   9.99 -.003408 -83.09  -27.3
  10.00 -.003422 -83.42  -27.1
  10.01 -.003435 -83.74  -26.9
  10.02 -.003448 -84.05  -26.7
  10.03 -.003460 -84.37  -26.5
  10.04 -.003473 -84.67  -26.3
  10.06 -.003486 -84.98  -26.2
  10.07 -.003498 -85.29  -26.0
  10.08 -.003510 -85.58  -25.8
  10.09 -.003523 -85.89  -25.6
  10.10 -.003535 -86.19  -25.4
  10.11 -.003547 -86.47  -25.2
  10.12 -.003560 -86.78  -25.0
  10.13 -.003571 -87.06  -24.8
  10.15 -.003583 -87.35  -24.6
  10.16 -.003595 -87.64  -24.4
  10.17 -.003607 -87.93  -24.2
  10.18 -.003618 -88.20  -24.0
  10.19 -.003629 -88.47  -23.8
  10.20 -.003641 -88.77  -23.6
  10.21 -.003652 -89.04  -23.4
  10.22 -.003663 -89.31  -23.3
  10.24 -.003674 -89.58  -23.1
  10.25 -.003685 -89.85  -22.9
  10.26 -.003697 -90.12  -22.8
  10.27 -.003707 -90.39  -22.6
  10.28 -.003718 -90.65  -22.5
  10.29 -.003729 -90.92  -22.3
  10.30 -.003741 -91.20  -22.3
  10.31 -.003751 -91.44  -22.1
  10.32 -.003762 -91.71  -21.9
  10.34 -.003772 -91.97  -21.8
  10.35 -.003783 -92.22  -21.7
  10.36 -.003793 -92.47  -21.6
  10.37 -.003804 -92.73  -21.5
  10.38 -.003813 -92.97  -21.3
  10.39 -.003823 -93.21  -21.1
  10.40 -.003833 -93.45  -20.9
  10.41 -.003843 -93.69  -20.7
  10.43 -.003853 -93.93  -20.4
  10.44 -.003863 -94.18  -20.3
  10.45 -.003872 -94.41  -20.1
  10.46 -.003882 -94.64  -19.9
  10.47 -.003891 -94.87  -19.7
  10.48 -.003901 -95.11  -19.6
  10.49 -.003910 -95.33  -19.4
  10.50 -.003920 -95.56  -19.3
  10.52 -.003929 -95.79  -19.2
  10.53 -.003938 -96.00  -19.0
  10.54 -.003947 -96.23  -18.9
  10.55 -.003956 -96.45  -18.7
  10.56 -.003965 -96.67  -18.6
  10.57 -.003974 -96.89  -18.5
  10.58 -.003983 -97.11  -18.4
  10.59 -.003992 -97.33  -18.3
  10.61 -.004001 -97.54  -18.2
  10.62 -.004010 -97.76  -18.1
  10.63 -.004018 -97.96  -18.0
  10.64 -.004027 -98.18  -17.9
  10.65 -.004035 -98.38  -17.8
  10.66 -.004044 -98.59  -17.6
  10.67 -.004052 -98.77  -17.4
  10.68 -.004060 -98.97  -17.2
  10.69 -.004068 -99.18  -17.0
  10.71 -.004076 -99.37  -16.8
  10.72 -.004084 -99.57  -16.7
  10.73 -.004092 -99.75  -16.5
  10.74 -.004100 -99.95  -16.3
  10.75 -.004107 %-100.14  -16.2
  10.76 -.004115 %-100.33  -16.0
  10.77 -.004123 %-100.52  -16.0
  10.78 -.004131 %-100.71  -15.9
  10.80 -.004138 %-100.88  -15.7
  10.81 -.004146 %-101.08  -15.6
  10.82 -.004153 %-101.26  -15.5
  10.83 -.004161 %-101.43  -15.4
  10.84 -.004168 %-101.61  -15.3
  10.85 -.004176 %-101.80  -15.2
  10.86 -.004182 %-101.97  -15.1
  10.87 -.004190 %-102.14  -14.9
  10.89 -.004197 %-102.32  -14.8
  10.90 -.004204 %-102.49  -14.7
  10.91 -.004211 %-102.67  -14.6
  10.92 -.004218 %-102.83  -14.5
  10.93 -.004225 %-103.01  -14.4
  10.94 -.004232 %-103.18  -14.3
  10.95 -.004239 %-103.35  -14.3
  10.96 -.004246 %-103.52  -14.2
  10.98 -.004253 %-103.69  -14.1
  10.99 -.004260 %-103.86  -14.1
  11.00 -.004267 %-104.02  -14.0
  11.01 -.004274 %-104.19  -13.9
  11.02 -.004281 %-104.36  -13.9
  11.03 -.004287 %-104.52  -13.9
  11.04 -.004294 %-104.69  -13.8
  11.05 -.004300 %-104.84  -13.7
  11.06 -.004307 %-105.00  -13.6
  11.08 -.004313 %-105.16  -13.5
  11.09 -.004319 %-105.30  -13.3
  11.10 -.004325 %-105.45  -13.2
  11.11 -.004332 %-105.61  -13.0
  11.12 -.004338 %-105.77  -12.9
  11.13 -.004345 %-105.92  -12.8
  11.14 -.004350 %-106.06  -12.7
  11.15 -.004356 %-106.20  -12.5
  11.17 -.004362 %-106.34  -12.4
  11.18 -.004368 %-106.48  -12.3
  11.19 -.004373 %-106.62  -12.1
  11.20 -.004379 %-106.76  -12.0
  11.21 -.004385 %-106.91  -11.9
  11.22 -.004391 %-107.04  -11.8
  11.23 -.004396 %-107.18  -11.6
  11.24 -.004402 %-107.32  -11.6
  11.26 -.004407 %-107.45  -11.5
  11.27 -.004413 %-107.58  -11.4
  11.28 -.004418 %-107.71  -11.3
  11.29 -.004424 %-107.85  -11.3
  11.30 -.004429 %-107.97  -11.2
  11.31 -.004435 %-108.11  -11.1
  11.32 -.004440 %-108.24  -11.0
  11.33 -.004445 %-108.36  -10.9
  11.34 -.004451 %-108.50  -10.8
  11.36 -.004456 %-108.62  -10.7
  11.37 -.004460 %-108.74  -10.6
  11.38 -.004466 %-108.87  -10.6
  11.39 -.004471 %-108.99  -10.5
  11.40 -.004476 %-109.12  -10.5
  11.41 -.004480 %-109.23  -10.4
  11.42 -.004486 %-109.37  -10.3
  11.43 -.004491 %-109.49  -10.2
  11.45 -.004496 %-109.61  -10.2
  11.46 -.004501 %-109.73  -10.2
  11.47 -.004506 %-109.85  -10.1
  11.48 -.004511 %-109.97  -10.1
  11.49 -.004516 %-110.09  -10.0
  11.50 -.004520 %-110.20   -9.9
  11.51 -.004525 %-110.31   -9.9
  11.52 -.004530 %-110.43   -9.8
  11.54 -.004535 %-110.56   -9.7
  11.55 -.004539 %-110.66   -9.6
  11.56 -.004544 %-110.78   -9.6
  11.57 -.004548 %-110.88   -9.5
  11.58 -.004553 %-111.00   -9.5
  11.59 -.004558 %-111.12   -9.4
  11.60 -.004562 %-111.22   -9.4
  11.61 -.004566 %-111.32   -9.3
  11.62 -.004571 %-111.44   -9.2
  11.64 -.004575 %-111.54   -9.1
  11.65 -.004580 %-111.66   -9.1
  11.66 -.004584 %-111.77   -9.0
  11.67 -.004589 %-111.87   -9.0
  11.68 -.004593 %-111.97   -9.0
  11.69 -.004597 %-112.08   -8.9
  11.70 -.004602 %-112.19   -8.8
  11.71 -.004606 %-112.29   -8.8
  11.73 -.004611 %-112.40   -8.8
  11.74 -.004614 %-112.49   -8.7
  11.75 -.004618 %-112.59   -8.6
  11.76 -.004622 %-112.69   -8.5
  11.77 -.004627 %-112.79   -8.4
  11.78 -.004630 %-112.89   -8.4
  11.79 -.004634 %-112.98   -8.3
  11.80 -.004639 %-113.09   -8.2
  11.82 -.004642 %-113.17   -8.1
  11.83 -.004646 %-113.27   -8.0
  11.84 -.004651 %-113.38   -8.0
  11.85 -.004654 %-113.46   -8.0
  11.86 -.004658 %-113.55   -7.9
  11.87 -.004661 %-113.64   -7.8
  11.88 -.004665 %-113.74   -7.8
  11.89 -.004669 %-113.83   -7.7
  11.90 -.004672 %-113.90   -7.6
  11.92 -.004676 %-114.00   -7.6
  11.93 -.004679 %-114.08   -7.4
  11.94 -.004686 %-114.23   -7.6
  11.95 -.004687 %-114.27   -7.5
  11.96 -.004690 %-114.35   -7.4
  11.97 -.004694 %-114.43   -7.3
  11.98 -.004697 %-114.52   -7.3
  11.99 -.004701 %-114.61   -7.2
  12.01 -.004705 %-114.70   -7.1
  12.02 -.004708 %-114.78   -7.1
  12.03 -.004712 %-114.87   -7.1
  12.04 -.004716 %-114.96   -7.0
  12.05 -.004719 %-115.05   -7.0
  12.06 -.004723 %-115.14   -7.0
  12.07 -.004726 %-115.22   -7.1
  12.08 -.004730 %-115.30   -7.2
  12.10 -.004733 %-115.39   -7.2
  12.11 -.004736 %-115.46   -7.1
  12.12 -.004740 %-115.56   -7.0
  12.13 -.004743 %-115.64   -7.0
  12.14 -.004747 %-115.72   -7.0
  12.15 -.004750 %-115.80   -6.9
  12.16 -.004753 %-115.87   -6.8
  12.17 -.004756 %-115.95   -6.7
  12.19 -.004760 %-116.04   -6.7
  12.20 -.004763 %-116.12   -6.7
  12.21 -.004766 %-116.19   -6.7
  12.22 -.004769 %-116.26   -6.6
  12.23 -.004772 %-116.34   -6.5
  12.24 -.004775 %-116.42   -6.4
  12.25 -.004778 %-116.49   -6.4
  12.26 -.004781 %-116.55   -6.3
  12.27 -.004784 %-116.63   -6.2
  12.29 -.004787 %-116.71   -6.2
  12.30 -.004791 %-116.79   -6.1
  12.31 -.004793 %-116.86   -6.1
  12.32 -.004796 %-116.93   -6.1
  12.33 -.004799 %-117.00   -6.1
  12.34 -.004802 %-117.07   -6.0
  12.35 -.004805 %-117.15   -6.0
  12.36 -.004808 %-117.21   -6.0
  12.38 -.004812 %-117.30   -6.0
  12.39 -.004814 %-117.37   -6.0
  12.40 -.004817 %-117.43   -6.0
  12.41 -.004820 %-117.51   -5.9
  12.42 -.004822 %-117.57   -5.9
  12.43 -.004825 %-117.63   -5.8
  12.44 -.004827 %-117.69   -5.7
  12.45 -.004831 %-117.77   -5.7
  12.47 -.004833 %-117.83   -5.6
  12.48 -.004836 %-117.90   -5.5
  12.49 -.004838 %-117.96   -5.5
  12.50 -.004841 %-118.02   -5.4
  12.51 -.004843 %-118.08   -5.3
  12.52 -.004847 %-118.15   -5.3
  12.53 -.004849 %-118.21   -5.3
  12.54 -.004851 %-118.27   -5.3
  12.55 -.004855 %-118.35   -5.3
  12.57 -.004856 %-118.40   -5.3
  12.58 -.004859 %-118.46   -5.2
  12.59 -.004862 %-118.52   -5.2
  12.60 -.004865 %-118.59   -5.2
  12.61 -.004867 %-118.65   -5.1
  12.62 -.004869 %-118.70   -5.1
  12.63 -.004871 %-118.75   -5.0
  12.64 -.004874 %-118.82   -5.0
  12.66 -.004876 %-118.87   -4.9
  12.67 -.004879 %-118.94   -4.9
  12.68 -.004881 %-118.99   -4.8
  12.69 -.004883 %-119.05   -4.9
  12.70 -.004886 %-119.11   -4.8
  12.71 -.004888 %-119.16   -4.8
  12.72 -.004890 %-119.22   -4.7
  12.73 -.004892 %-119.27   -4.7
  12.75 -.004895 %-119.33   -4.7
  12.76 -.004897 %-119.39   -4.7
  12.77 -.004900 %-119.45   -4.7
  12.78 -.004902 %-119.51   -4.7
  12.79 -.004904 %-119.55   -4.6
  12.80 -.004906 %-119.61   -4.6
  12.81 -.004908 %-119.66   -4.6
  12.82 -.004910 %-119.71   -4.6
  12.84 -.004913 %-119.77   -4.5
  12.85 -.004915 %-119.82   -4.5
  12.86 -.004917 %-119.87   -4.4
  12.87 -.004919 %-119.92   -4.4
  12.88 -.004921 %-119.97   -4.3
  12.89 -.004923 %-120.02   -4.3
  12.90 -.004925 %-120.06   -4.2
  12.91 -.004927 %-120.11   -4.2
  12.92 -.004930 %-120.18   -4.2
  12.94 -.004931 %-120.22   -4.2
  12.95 -.004933 %-120.27   -4.1
  12.96 -.004936 %-120.32   -4.1
  12.97 -.004938 %-120.37   -4.1
  12.98 -.004940 %-120.42   -4.1
  12.99 -.004941 %-120.47   -4.1
  13.00 -.004943 %-120.51   -4.1
  13.01 -.004946 %-120.58   -4.1
  13.03 -.004948 %-120.62   -4.1
  13.04 -.004950 %-120.67   -4.1
  13.05 -.004952 %-120.72   -4.0
  13.06 -.004954 %-120.77   -4.1
  13.07 -.004956 %-120.81   -4.1
  13.08 -.004957 %-120.86   -4.0
  13.09 -.004959 %-120.90   -4.0
  13.10 -.004961 %-120.95   -4.0
  13.12 -.004963 %-121.00   -3.9
  13.13 -.004965 %-121.05   -3.9
  13.14 -.004967 %-121.09   -3.8
  13.15 -.004969 %-121.13   -3.8
  13.16 -.004970 %-121.17   -3.7
  13.17 -.004972 %-121.22   -3.7
  13.18 -.004974 %-121.26   -3.7
  13.19 -.004976 %-121.32   -3.7
  13.20 -.004978 %-121.36   -3.7
  13.22 -.004980 %-121.40   -3.7
  13.23 -.004982 %-121.45   -3.7
  13.24 -.004983 %-121.47   -3.6
  13.25 -.004985 %-121.53   -3.6
  13.26 -.004987 %-121.57   -3.6
  13.27 -.004989 %-121.62   -3.6
  13.28 -.004990 %-121.66   -3.6
  13.29 -.004992 %-121.69   -3.5
  13.31 -.004995 %-121.77   -3.6
  13.32 -.004996 %-121.79   -3.6
  13.33 -.004997 %-121.83   -3.6
  13.34 -.004999 %-121.87   -3.5
  13.35 -.005001 %-121.91   -3.5
  13.36 -.005002 %-121.95   -3.5
  13.37 -.005004 %-121.99   -3.4
  13.38 -.005005 %-122.03   -3.4
  13.40 -.005007 %-122.07   -3.3
  13.41 -.005009 %-122.10   -3.3
  13.42 -.005010 %-122.15   -3.3
  13.43 -.005011 %-122.17   -3.1
  13.44 -.005013 %-122.22   -3.2
  13.45 -.005014 %-122.25   -3.1
  13.46 -.005016 %-122.29   -3.1
  13.47 -.005018 %-122.32   -3.1
  13.48 -.005019 %-122.35   -3.0
  13.50 -.005020 %-122.39   -3.0
  13.51 -.005021 %-122.42   -2.9
  13.52 -.005023 %-122.46   -2.9
  13.53 -.005024 %-122.48   -2.9
  13.54 -.005026 %-122.52   -2.8
  13.55 -.005027 %-122.56   -2.8
  13.56 -.005028 %-122.59   -2.8
  13.57 -.005030 %-122.63   -2.8
  13.59 -.005031 %-122.65   -2.7
  13.60 -.005032 %-122.68   -2.7
  13.61 -.005034 %-122.73   -2.8
  13.62 -.005035 %-122.75   -2.7
  13.63 -.005037 %-122.80   -2.8
  13.64 -.005038 %-122.82   -2.7
  13.65 -.005039 %-122.85   -2.7
  13.66 -.005041 %-122.89   -2.7
  13.68 -.005042 %-122.92   -2.7
  13.69 -.005043 %-122.94   -2.7
  13.70 -.005044 %-122.98   -2.7
  13.71 -.005046 %-123.02   -2.7
  13.72 -.005047 %-123.04   -2.6
  13.73 -.005049 %-123.08   -2.6
  13.74 -.005050 %-123.11   -2.6
  13.75 -.005051 %-123.13   -2.6
  13.77 -.005053 %-123.18   -2.6
  13.78 -.005054 %-123.20   -2.6
  13.79 -.005055 %-123.23   -2.6
  13.80 -.005056 %-123.26   -2.5
  13.81 -.005057 %-123.28   -2.5
  13.82 -.005058 %-123.32   -2.5
  13.83 -.005059 %-123.34   -2.4
  13.84 -.005060 %-123.37   -2.4
  13.86 -.005062 %-123.40   -2.4
  13.87 -.005063 %-123.43   -2.4
  13.88 -.005064 %-123.47   -2.4
  13.89 -.005066 %-123.50   -2.4
  13.90 -.005067 %-123.53   -2.5
  13.91 -.005068 %-123.55   -2.5
  13.92 -.005069 %-123.59   -2.5
