Datos generados por TERE.BAS el 06-11-2007
 t[min] T[§C] V[§C/min]
   0.00 0.004324 105.45  332.6
   0.01 0.004328 105.56  605.0
   0.02 0.004333 105.66  817.3
   0.03 0.004337 105.77  969.3
   0.04 0.004339 105.83 1060.8
   0.06 0.004342 105.90 1091.9
   0.07 0.004347 106.01 1062.6
   0.08 0.004349 106.07  972.6
   0.09 0.004350 106.08  821.9
   0.10 0.004353 106.16  610.6
   0.11 0.004355 106.22  338.7
   0.12 0.004357 106.27    6.0
   0.13 0.004361 106.36    5.6
   0.14 0.004364 106.43    5.4
   0.15 0.004369 106.54    5.4
   0.17 0.004372 106.63    5.6
   0.18 0.004375 106.69    5.7
   0.19 0.004376 106.72    5.7
   0.20 0.004380 106.82    5.9
   0.21 0.004385 106.94    6.3
   0.22 0.004389 107.05    6.5
   0.23 0.004393 107.14    6.8
   0.24 0.004394 107.17    6.9
   0.25 0.004399 107.29    6.9
   0.27 0.004404 107.39    7.0
   0.28 0.004406 107.46    7.0
   0.29 0.004408 107.51    7.0
   0.30 0.004412 107.60    7.1
   0.31 0.004417 107.71    7.2
   0.32 0.004418 107.75    6.8
   0.33 0.004422 107.84    6.6
   0.34 0.004424 107.90    6.4
   0.35 0.004428 107.99    6.4
   0.37 0.004433 108.11    6.6
   0.38 0.004436 108.19    6.5
   0.39 0.004439 108.26    6.6
   0.40 0.004443 108.37    6.8
   0.41 0.004447 108.45    6.9
   0.42 0.004450 108.53    6.9
   0.43 0.004453 108.61    7.0
   0.44 0.004456 108.68    7.1
   0.45 0.004458 108.71    6.9
   0.47 0.004460 108.76    6.6
   0.48 0.004464 108.87    6.3
   0.49 0.004469 108.98    6.2
   0.50 0.004471 109.04    6.2
   0.51 0.004472 109.05    5.9
   0.52 0.004474 109.12    5.7
   0.53 0.004478 109.21    5.6
   0.54 0.004482 109.31    5.7
   0.55 0.004485 109.39    5.8
   0.57 0.004488 109.46    5.9
   0.58 0.004492 109.55    6.1
   0.59 0.004495 109.62    6.2
   0.60 0.004493 109.58    5.8
   0.61 0.004495 109.62    5.4
   0.62 0.004498 109.70    5.3
   0.63 0.004504 109.85    5.5
   0.64 0.004505 109.87    5.3
   0.65 0.004507 109.93    5.0
   0.67 0.004510 109.99    4.9
   0.68 0.004511 110.02    4.7
   0.69 0.004513 110.08    4.6
   0.70 0.004516 110.13    4.6
   0.71 0.004517 110.16    4.6
   0.72 0.004520 110.22    4.7
   0.73 0.004522 110.29    4.6
   0.74 0.004527 110.39    4.5
   0.75 0.004530 110.47    4.5
   0.77 0.004533 110.54    4.8
   0.78 0.004535 110.61    5.1
   0.79 0.004536 110.61    5.1
   0.80 0.004537 110.66    5.1
   0.81 0.004538 110.68    5.0
   0.82 0.004541 110.75    4.8
   0.83 0.004544 110.83    4.8
   0.84 0.004547 110.90    4.6
   0.85 0.004551 110.98    4.6
   0.87 0.004554 111.07    4.6
   0.88 0.004556 111.12    4.7
   0.89 0.004557 111.13    4.8
   0.90 0.004559 111.20    4.9
   0.91 0.004561 111.24    5.0
   0.92 0.004564 111.32    5.1
   0.93 0.004566 111.35    5.0
   0.94 0.004567 111.39    4.7
   0.95 0.004570 111.47    4.5
   0.97 0.004574 111.56    4.5
   0.98 0.004578 111.65    4.6
   0.99 0.004581 111.73    4.8
   1.00 0.004583 111.77    5.1
   1.01 0.004584 111.79    5.2
   1.02 0.004587 111.87    5.2
   1.03 0.004590 111.94    5.3
   1.04 0.004594 112.03    5.4
   1.06 0.004596 112.08    5.5
   1.07 0.004597 112.11    5.4
   1.08 0.004600 112.19    5.2
   1.09 0.004603 112.27    5.1
   1.10 0.004607 112.35    5.1
   1.11 0.004609 112.41    5.2
   1.12 0.004609 112.39    5.1
   1.13 0.004610 112.43    4.9
   1.15 0.004612 112.47    4.6
   1.16 0.004608 112.38    3.8
   1.17 0.004612 112.47    3.3
   1.18 0.004615 112.56    3.1
   1.19 0.004618 112.62    3.0
   1.20 0.004619 112.66    2.9
   1.21 0.004622 112.72    2.9
   1.22 0.004622 112.73    2.9
   1.23 0.004624 112.78    3.1
   1.24 0.004627 112.84    3.5
   1.26 0.004629 112.89    3.8
   1.27 0.004630 112.92    3.9
   1.28 0.004634 113.01    4.3
   1.29 0.004635 113.04    4.0
   1.30 0.004635 113.05    3.8
   1.31 0.004637 113.10    3.7
   1.32 0.004640 113.16    3.7
   1.33 0.004641 113.19    3.7
   1.35 0.004645 113.28    3.9
   1.36 0.004648 113.35    4.0
   1.37 0.004649 113.38    4.0
   1.38 0.004652 113.45    4.1
   1.39 0.004654 113.51    4.3
   1.40 0.004657 113.57    4.4
   1.41 0.004659 113.63    4.6
   1.42 0.004661 113.68    4.8
   1.44 0.004663 113.73    4.8
   1.45 0.004666 113.80    4.8
   1.46 0.004666 113.80    4.6
   1.47 0.004667 113.83    4.3
   1.48 0.004669 113.88    4.1
   1.49 0.004672 113.94    4.0
   1.50 0.004674 113.98    3.8
   1.51 0.004675 114.02    3.7
   1.53 0.004676 114.04    3.5
   1.54 0.004679 114.12    3.5
   1.55 0.004681 114.16    3.5
   1.56 0.004683 114.21    3.5
   1.57 0.004684 114.23    3.5
   1.58 0.004686 114.28    3.6
   1.59 0.004688 114.34    3.7
   1.60 0.004691 114.40    3.7
   1.62 0.004692 114.44    3.7
   1.63 0.004694 114.49    3.8
   1.64 0.004695 114.51    3.8
   1.65 0.004698 114.57    3.8
   1.66 0.004699 114.61    3.7
   1.67 0.004700 114.64    3.7
   1.68 0.004703 114.69    3.7
   1.69 0.004705 114.74    3.7
   1.71 0.004709 114.85    3.8
   1.72 0.004712 114.91    4.0
   1.73 0.004713 114.95    4.1
   1.74 0.004715 115.00    4.3
   1.75 0.004717 115.05    4.4
   1.76 0.004720 115.10    4.6
   1.77 0.004718 115.06    4.3
   1.78 0.004716 115.03    3.8
   1.80 0.004718 115.08    3.4
   1.81 0.004720 115.12    2.9
   1.82 0.004720 115.10    2.3
   1.83 0.004722 115.15    1.9
   1.84 0.004725 115.22    1.8
   1.85 0.004727 115.28    1.9
   1.86 0.004729 115.33    2.1
   1.87 0.004731 115.38    2.4
   1.89 0.004732 115.41    2.8
   1.90 0.004732 115.40    3.2
   1.91 0.004735 115.48    3.4
   1.92 0.004737 115.54    3.5
   1.93 0.004736 115.51    3.4
   1.94 0.004736 115.51    3.2
   1.95 0.004735 115.47    2.6
   1.97 0.004734 115.47    1.9
   1.98 0.004736 115.50    1.5
   1.99 0.004740 115.59    1.4
   2.00 0.004742 115.64    1.4
   2.01 0.004742 115.65    1.5
   2.02 0.004743 115.68    1.6
   2.03 0.004743 115.68    1.6
   2.04 0.004743 115.68    1.7
   2.06 0.004747 115.77    2.1
   2.07 0.004749 115.81    2.5
   2.08 0.004752 115.89    2.9
   2.09 0.004752 115.90    3.0
   2.10 0.004753 115.93    3.0
   2.11 0.004755 115.97    2.9
   2.12 0.004756 116.00    3.0
   2.13 0.004757 116.03    3.1
   2.14 0.004757 116.02    3.0
   2.16 0.004759 116.05    2.9
   2.17 0.004760 116.09    2.7
   2.18 0.004763 116.17    2.6
   2.19 0.004764 116.18    2.5
   2.20 0.004766 116.24    2.5
   2.21 0.004768 116.28    2.7
   2.22 0.004769 116.31    2.8
   2.24 0.004771 116.35    2.9
   2.25 0.004771 116.36    3.0
   2.26 0.004772 116.39    3.0
   2.27 0.004773 116.42    3.0
   2.28 0.004774 116.44    2.8
   2.29 0.004772 116.39    2.4
   2.30 0.004772 116.38    1.9
   2.31 0.004774 116.44    1.6
   2.33 0.004775 116.46    1.4
   2.34 0.004778 116.53    1.4
   2.35 0.004781 116.60    1.6
   2.36 0.004782 116.62    1.8
   2.37 0.004783 116.65    2.1
   2.38 0.004783 116.64    2.2
   2.39 0.004781 116.60    2.1
   2.40 0.004782 116.62    2.1
   2.42 0.004783 116.65    2.2
   2.43 0.004786 116.71    2.1
   2.44 0.004786 116.73    1.8
   2.45 0.004788 116.77    1.8
   2.46 0.004789 116.81    1.7
   2.47 0.004792 116.87    1.8
   2.48 0.004794 116.91    2.2
   2.49 0.004795 116.95    2.6
   2.51 0.004795 116.95    2.9
   2.52 0.004796 116.98    3.0
   2.53 0.004797 117.00    3.0
   2.54 0.004800 117.07    2.9
   2.55 0.004801 117.08    2.8
   2.56 0.004800 117.06    2.6
   2.57 0.004801 117.09    2.4
   2.59 0.004801 117.09    2.0
   2.60 0.004801 117.08    1.7
   2.61 0.004803 117.13    1.5
   2.62 0.004805 117.19    1.6
   2.63 0.004805 117.19    1.6
   2.64 0.004806 117.20    1.5
   2.65 0.004806 117.21    1.4
   2.66 0.004808 117.25    1.4
   2.68 0.004809 117.28    1.6
   2.69 0.004812 117.36    2.0
   2.70 0.004812 117.36    2.2
   2.71 0.004813 117.38    2.3
   2.72 0.004815 117.44    2.5
   2.73 0.004817 117.47    2.5
   2.74 0.004818 117.50    2.6
   2.75 0.004817 117.49    2.6
   2.77 0.004817 117.48    2.4
   2.78 0.004817 117.49    2.2
   2.79 0.004818 117.51    1.9
   2.80 0.004817 117.49    1.5
   2.81 0.004818 117.50    1.1
   2.82 0.004820 117.55    1.0
   2.83 0.004819 117.53    0.8
   2.84 0.004819 117.53    0.6
   2.86 0.004818 117.51    0.4
   2.87 0.004818 117.51    0.3
   2.88 0.004820 117.55    0.4
   2.89 0.004821 117.58    0.6
   2.90 0.004823 117.63    0.7
   2.91 0.004823 117.63    0.9
   2.92 0.004823 117.64    1.1
   2.93 0.004825 117.68    1.2
   2.95 0.004826 117.70    1.3
   2.96 0.004825 117.69    1.5
   2.97 0.004824 117.65    1.4
   3.04 0.004829 117.78    1.7
   3.05 0.004827 117.73    1.6
   3.06 0.004826 117.71    1.3
   3.07 0.004827 117.73    1.1
   3.08 0.004827 117.72    0.8
   3.09 0.004828 117.75    0.8
   3.10 0.004827 117.72    0.6
   3.11 0.004827 117.71    0.4
   3.13 0.004829 117.78    0.4
   3.14 0.004832 117.83    0.7
   3.15 0.004832 117.86    0.9
   3.16 0.004833 117.88    0.9
   3.17 0.004833 117.87    1.3
   3.18 0.004833 117.88    1.5
   3.19 0.004835 117.91    1.6
   3.20 0.004836 117.94    1.7
   3.21 0.004835 117.92    1.7
   3.23 0.004835 117.93    1.6
   3.24 0.004836 117.93    1.4
   3.25 0.004837 117.97    1.1
   3.26 0.004836 117.95    0.9
   3.27 0.004836 117.95    0.8
   3.28 0.004837 117.96    0.7
   3.29 0.004837 117.98    0.7
   3.31 0.004838 117.98    0.6
   3.32 0.004838 118.00    0.6
   3.33 0.004837 117.96    0.4
   3.34 0.004837 117.97    0.4
   3.35 0.004835 117.91    0.1
   3.36 0.004836 117.95    0.0
   3.37 0.004837 117.97   -0.0
   3.38 0.004839 118.02    0.1
   3.40 0.004838 118.00    0.2
   3.41 0.004838 118.00    0.2
   3.42 0.004838 117.99    0.2
   3.43 0.004838 118.00    0.3
   3.44 0.004840 118.05    0.5
   3.45 0.004842 118.09    0.9
   3.46 0.004843 118.11    1.1
   3.47 0.004842 118.10    1.3
   3.49 0.004844 118.14    1.3
   3.50 0.004843 118.12    1.2
   3.51 0.004842 118.08    1.0
   3.52 0.004841 118.06    0.9
   3.53 0.004843 118.10    0.8
   3.54 0.004841 118.07    0.5
   3.55 0.004839 118.01    0.0
   3.56 0.004839 118.01   -0.5
   3.58 0.004839 118.02   -0.8
   3.59 0.004840 118.04   -0.8
   3.60 0.004842 118.09   -0.6
   3.61 0.004842 118.09   -0.5
   3.62 0.004841 118.06   -0.3
   3.63 0.004839 118.02   -0.2
   3.64 0.004839 118.03   -0.2
   3.65 0.004840 118.03   -0.2
   3.67 0.004841 118.06    0.1
   3.68 0.004840 118.04    0.1
   3.69 0.004841 118.07    0.1
   3.70 0.004841 118.07    0.1
   3.71 0.004842 118.08    0.1
   3.72 0.004845 118.15    0.3
   3.73 0.004844 118.13    0.6
   3.74 0.004789 116.80   -3.3
   3.76 0.004739 115.57  -10.5
   3.77 0.003401  82.95 -119.3
   3.78 0.004670 113.89 -110.4
   3.79 0.004624 112.77 -102.6
   3.80 0.004533 110.55  -98.7
   3.81 0.004451 108.56  -96.8
   3.82 0.004375 106.70  -95.2
   3.83 0.004305 104.99  -92.6
   3.85 0.004236 103.31  -87.6
   3.86 0.004170 101.71  -79.0
   3.87 0.004106 100.14  -66.0
   3.88 0.004041  98.54  -52.7
   3.89 0.003978  97.02  -38.2
   3.90 0.003917  95.52 -139.5
   3.91 0.003857  94.05 -137.3
   3.92 0.003796  92.57 -132.5
   3.94 0.003735  91.09 -129.2
   3.95 0.003676  89.64 -126.6
   3.96 0.003617  88.21 -124.7
   3.97 0.003559  86.78 -123.0
   3.98 0.003500  85.37 -121.6
   3.99 0.003443  83.97 -120.2
   4.00 0.003387  82.59 -119.0
   4.01 0.003331  81.22 -117.9
   4.03 0.003274  79.85 -116.9
   4.04 0.003219  78.50 -115.8
   4.05 0.003164  77.16 -114.7
   4.06 0.003110  75.83 -113.7
   4.07 0.003055  74.51 -112.7
   4.08 0.003002  73.20 -111.8
   4.09 0.002949  71.92 -110.8
   4.10 0.002896  70.62 -109.9
   4.12 0.002845  69.37 -108.9
   4.13 0.002793  68.11 -108.0
   4.14 0.002742  66.86 -107.1
   4.15 0.002691  65.63 -106.0
   4.16 0.002641  64.40 -105.1
   4.17 0.002591  63.19 -104.1
   4.18 0.002542  61.99 -103.2
   4.20 0.002494  60.82 -102.1
   4.21 0.002446  59.65 -101.1
   4.22 0.002398  58.48 -100.1
   4.23 0.002352  57.35  -99.1
   4.24 0.002305  56.21  -98.0
   4.25 0.002259  55.08  -97.0
   4.26 0.002212  53.94  -96.1
   4.27 0.002167  52.83  -95.2
   4.29 0.002122  51.75  -94.3
   4.30 0.002077  50.65  -93.4
   4.31 0.002033  49.57  -92.6
   4.32 0.001989  48.50  -91.8
   4.33 0.001945  47.43  -91.1
   4.34 0.001901  46.36  -90.3
   4.35 0.001858  45.31  -89.7
   4.36 0.001815  44.26  -89.0
   4.37 0.001773  43.23  -88.2
   4.39 0.001730  42.19  -87.6
   4.40 0.001688  41.16  -87.0
   4.41 0.001647  40.15  -86.5
   4.42 0.001606  39.17  -85.8
   4.43 0.001565  38.17  -85.1
   4.44 0.001525  37.20  -84.3
   4.45 0.001485  36.21  -83.6
   4.47 0.001445  35.25  -82.8
   4.48 0.001406  34.29  -82.1
   4.49 0.001368  33.35  -81.3
   4.50 0.001330  32.42  -80.5
   4.51 0.001291  31.49  -79.7
   4.52 0.001253  30.56  -79.0
   4.53 0.001216  29.66  -78.3
   4.54 0.001179  28.75  -77.6
   4.55 0.001143  27.86  -76.8
   4.57 0.001106  26.98  -76.1
   4.58 0.001070  26.09  -75.4
   4.59 0.001035  25.23  -74.7
   4.60 0.000999  24.36  -74.0
   4.61 0.000964  23.51  -73.4
   4.62 0.000929  22.65  -72.8
   4.63 0.000895  21.82  -72.1
   4.64 0.000861  20.99  -71.4
   4.66 0.000826  20.14  -70.9
   4.67 0.000793  19.33  -70.2
   4.68 0.000760  18.53  -69.6
   4.69 0.000726  17.71  -69.1
   4.70 0.000694  16.91  -68.5
   4.71 0.000661  16.11  -67.9
   4.72 0.000629  15.34  -67.3
   4.74 0.000597  14.55  -66.7
   4.75 0.000565  13.78  -66.2
   4.76 0.000534  13.02  -65.6
   4.77 0.000503  12.25  -65.0
   4.78 0.000472  11.50  -64.5
   4.79 0.000441  10.76  -63.9
   4.80 0.000411  10.02  -63.4
   4.81 0.000380   9.27  -62.8
   4.83 0.000351   8.55  -62.3
   4.84 0.000321   7.82  -61.8
   4.85 0.000292   7.11  -61.3
   4.86 0.000262   6.39  -60.8
   4.87 0.000233   5.68  -60.3
   4.88 0.000204   4.97  -59.9
   4.89 0.000175   4.28  -59.5
   4.90 0.000147   3.59  -59.0
   4.91 0.000119   2.90  -58.6
   4.93 0.000091   2.22  -58.1
   4.94 0.000063   1.55  -57.7
   4.95 0.000036   0.88  -57.2
   4.96 0.000009   0.22  -56.8
   4.97 -.000019  -0.45  -56.3
   4.98 -.000045  -1.10  -55.8
   4.99 -.000072  -1.75  -55.4
   5.00 -.000098  -2.39  -54.9
   5.02 -.000124  -3.03  -54.5
   5.03 -.000150  -3.65  -54.0
   5.04 -.000176  -4.28  -53.5
   5.05 -.000201  -4.90  -53.1
   5.06 -.000226  -5.52  -52.6
   5.07 -.000251  -6.12  -52.2
   5.08 -.000276  -6.73  -51.7
   5.10 -.000300  -7.32  -51.2
   5.11 -.000324  -7.91  -50.8
   5.12 -.000348  -8.49  -50.3
   5.13 -.000372  -9.08  -49.8
   5.14 -.000396  -9.65  -49.4
   5.15 -.000420 -10.23  -48.9
   5.16 -.000442 -10.79  -48.5
   5.17 -.000466 -11.35  -48.0
   5.18 -.000489 -11.91  -47.6
   5.20 -.000511 -12.46  -47.2
   5.21 -.000534 -13.01  -46.8
   5.22 -.000555 -13.53  -46.4
   5.23 -.000578 -14.09  -46.0
   5.24 -.000600 -14.62  -45.6
   5.25 -.000621 -15.14  -45.2
   5.26 -.000643 -15.67  -44.8
   5.27 -.000664 -16.19  -44.4
   5.29 -.000685 -16.70  -44.0
   5.30 -.000706 -17.22  -43.7
   5.31 -.000727 -17.72  -43.3
   5.32 -.000748 -18.23  -43.0
   5.33 -.000769 -18.74  -42.7
   5.34 -.000788 -19.22  -42.4
   5.35 -.000809 -19.72  -42.0
   5.37 -.000829 -20.22  -41.7
   5.38 -.000849 -20.70  -41.5
   5.39 -.000869 -21.18  -41.1
   5.40 -.000888 -21.66  -40.8
   5.41 -.000908 -22.13  -40.5
   5.42 -.000927 -22.61  -40.2
   5.43 -.000946 -23.07  -39.9
   5.44 -.000965 -23.54  -39.5
   5.45 -.000984 -23.99  -39.2
   5.47 -.001003 -24.45  -38.9
   5.48 -.001021 -24.90  -38.6
   5.49 -.001040 -25.35  -38.3
   5.50 -.001058 -25.80  -38.0
   5.51 -.001076 -26.23  -37.7
   5.52 -.001094 -26.68  -37.4
   5.53 -.001112 -27.12  -37.1
   5.54 -.001129 -27.54  -36.8
   5.56 -.001147 -27.97  -36.5
   5.57 -.001165 -28.40  -36.2
   5.58 -.001182 -28.81  -35.9
   5.59 -.001199 -29.24  -35.6
   5.60 -.001215 -29.63  -35.3
   5.61 -.001232 -30.05  -35.0
   5.62 -.001249 -30.46  -34.7
   5.63 -.001265 -30.85  -34.4
   5.65 -.001282 -31.26  -34.1
   5.66 -.001298 -31.65  -33.8
   5.67 -.001315 -32.05  -33.6
   5.68 -.001331 -32.44  -33.3
   5.69 -.001347 -32.83  -33.1
   5.70 -.001362 -33.21  -32.8
   5.71 -.001378 -33.59  -32.5
   5.72 -.001393 -33.96  -32.3
   5.74 -.001408 -34.34  -32.0
   5.75 -.001424 -34.71  -31.7
   5.76 -.001439 -35.08  -31.5
   5.77 -.001454 -35.44  -31.2
   5.78 -.001468 -35.80  -30.9
   5.79 -.001483 -36.17  -30.7
   5.80 -.001498 -36.52  -30.4
   5.81 -.001513 -36.88  -30.2
   5.83 -.001527 -37.24  -30.0
   5.84 -.001542 -37.59  -29.8
   5.85 -.001556 -37.93  -29.6
   5.86 -.001570 -38.28  -29.4
   5.87 -.001584 -38.63  -29.2
   5.88 -.001598 -38.96  -29.0
   5.89 -.001612 -39.30  -28.8
   5.90 -.001626 -39.63  -28.5
   5.92 -.001639 -39.96  -28.3
   5.93 -.001653 -40.29  -28.1
   5.94 -.001666 -40.62  -27.8
   5.95 -.001679 -40.94  -27.6
   5.96 -.001692 -41.26  -27.4
   5.97 -.001705 -41.58  -27.2
   5.98 -.001719 -41.91  -27.0
   6.00 -.001732 -42.22  -26.8
   6.01 -.001744 -42.52  -26.6
   6.02 -.001757 -42.84  -26.4
   6.03 -.001770 -43.14  -26.2
   6.04 -.001782 -43.46  -26.0
   6.05 -.001795 -43.76  -25.8
   6.06 -.001807 -44.05  -25.6
   6.07 -.001820 -44.36  -25.5
   6.08 -.001831 -44.65  -25.3
   6.10 -.001844 -44.95  -25.1
   6.11 -.001855 -45.23  -24.8
   6.12 -.001867 -45.52  -24.7
   6.13 -.001879 -45.82  -24.5
   6.14 -.001891 -46.11  -24.3
   6.15 -.001903 -46.40  -24.2
   6.16 -.001915 -46.68  -24.1
   6.17 -.001926 -46.97  -23.9
   6.19 -.001938 -47.25  -23.8
   6.20 -.001949 -47.52  -23.7
   6.21 -.001960 -47.80  -23.5
   6.22 -.001972 -48.07  -23.4
   6.23 -.001983 -48.34  -23.2
   6.24 -.001994 -48.62  -23.0
   6.25 -.002005 -48.88  -22.8
   6.26 -.002016 -49.15  -22.6
   6.28 -.002027 -49.43  -22.5
   6.29 -.002038 -49.69  -22.4
   6.30 -.002048 -49.94  -22.2
   6.31 -.002059 -50.19  -22.0
   6.32 -.002070 -50.46  -21.9
   6.33 -.002080 -50.72  -21.8
   6.34 -.002091 -50.97  -21.6
   6.35 -.002101 -51.22  -21.4
   6.37 -.002111 -51.48  -21.3
   6.38 -.002121 -51.71  -21.1
   6.39 -.002131 -51.95  -20.9
   6.40 -.002141 -52.20  -20.7
   6.41 -.002151 -52.44  -20.5
   6.42 -.002161 -52.68  -20.4
   6.43 -.002170 -52.90  -20.2
   6.44 -.002180 -53.14  -20.0
   6.46 -.002189 -53.37  -19.8
   6.47 -.002199 -53.62  -19.7
   6.48 -.002208 -53.84  -19.5
   6.49 -.002218 -54.07  -19.4
   6.50 -.002227 -54.29  -19.3
   6.51 -.002236 -54.52  -19.1
   6.52 -.002245 -54.75  -19.0
   6.53 -.002254 -54.96  -18.8
   6.55 -.002263 -55.18  -18.7
   6.56 -.002272 -55.40  -18.6
   6.57 -.002281 -55.61  -18.4
   6.58 -.002290 -55.82  -18.2
   6.59 -.002298 -56.04  -18.1
   6.60 -.002307 -56.24  -17.9
   6.61 -.002315 -56.45  -17.8
   6.62 -.002324 -56.65  -17.6
   6.64 -.002332 -56.86  -17.4
   6.65 -.002340 -57.06  -17.3
   6.66 -.002349 -57.26  -17.1
   6.67 -.002357 -57.45  -17.0
   6.68 -.002365 -57.66  -16.8
   6.69 -.002373 -57.86  -16.7
   6.70 -.002382 -58.06  -16.6
   6.71 -.002389 -58.25  -16.5
   6.73 -.002398 -58.45  -16.5
   6.74 -.002405 -58.64  -16.4
   6.75 -.002413 -58.83  -16.3
   6.76 -.002421 -59.02  -16.1
   6.77 -.002429 -59.22  -16.1
   6.78 -.002436 -59.40  -16.0
   6.79 -.002444 -59.58  -15.9
   6.80 -.002451 -59.77  -15.7
   6.82 -.002459 -59.95  -15.6
   6.83 -.002466 -60.13  -15.5
   6.84 -.002474 -60.31  -15.3
   6.85 -.002481 -60.48  -15.2
   6.86 -.002488 -60.66  -15.1
   6.87 -.002495 -60.83  -14.9
   6.88 -.002502 -60.99  -14.7
   6.89 -.002509 -61.17  -14.5
   6.90 -.002515 -61.33  -14.4
   6.92 -.002522 -61.50  -14.2
   6.93 -.002528 -61.64  -14.0
   6.94 -.002535 -61.80  -13.8
   6.95 -.002541 -61.96  -13.6
   6.96 -.002546 -62.08  -13.3
   6.97 -.002551 -62.19  -12.9
   6.98 -.002555 -62.30  -12.5
   7.00 -.002560 -62.40  -11.9
   7.01 -.002563 -62.50  -11.3
   7.02 -.002567 -62.58  -10.6
   7.03 -.002571 -62.68  -10.0
   7.04 -.002574 -62.76   -9.3
   7.05 -.002578 -62.84   -8.7
   7.06 -.002581 -62.92   -8.2
   7.07 -.002585 -63.02   -7.7
   7.09 -.002588 -63.09   -7.4
   7.10 -.002591 -63.17   -7.2
   7.11 -.002594 -63.24   -7.0
   7.12 -.002597 -63.32   -6.8
   7.13 -.002600 -63.39   -6.7
   7.14 -.002604 -63.48   -6.6
   7.15 -.002607 -63.56   -6.5
   7.16 -.002610 -63.63   -6.5
   7.18 -.002613 -63.71   -6.4
   7.19 -.002616 -63.78   -6.4
   7.20 -.002619 -63.84   -6.3
   7.21 -.002622 -63.92   -6.2
   7.22 -.002624 -63.98   -6.1
   7.23 -.002628 -64.06   -6.1
   7.24 -.002631 -64.14   -6.0
   7.25 -.002633 -64.21   -6.0
   7.27 -.002636 -64.26   -5.9
   7.28 -.002638 -64.33   -5.8
   7.29 -.002641 -64.39   -5.7
   7.30 -.002644 -64.46   -5.7
   7.31 -.002647 -64.53   -5.6
   7.32 -.002649 -64.58   -5.5
   7.33 -.002651 -64.64   -5.4
   7.34 -.002654 -64.71   -5.3
   7.36 -.002656 -64.76   -5.2
   7.37 -.002658 -64.81   -5.1
   7.38 -.002661 -64.87   -5.0
   7.39 -.002663 -64.93   -5.0
   7.40 -.002666 -65.00   -4.9
   7.41 -.002668 -65.05   -4.8
   7.42 -.002671 -65.11   -4.8
   7.43 -.002673 -65.17   -4.8
   7.45 -.002675 -65.22   -4.8
   7.46 -.002677 -65.28   -4.7
   7.47 -.002680 -65.33   -4.7
   7.48 -.002682 -65.39   -4.7
   7.49 -.002685 -65.45   -4.7
   7.50 -.002687 -65.52   -4.8
   7.51 -.002690 -65.59   -4.8
   7.52 -.002693 -65.65   -4.8
   7.54 -.002695 -65.71   -4.9
   7.55 -.002698 -65.78   -5.0
   7.56 -.002701 -65.86   -5.1
   7.57 -.002704 -65.93   -5.3
   7.58 -.002707 -66.01   -5.4
   7.59 -.002711 -66.09   -5.6
   7.60 -.002714 -66.16   -5.8
   7.61 -.002717 -66.24   -5.9
   7.63 -.002720 -66.32   -6.0
   7.64 -.002724 -66.40   -6.1
   7.65 -.002728 -66.50   -6.3
   7.66 -.002730 -66.57   -6.4
   7.67 -.002734 -66.65   -6.5
   7.68 -.002737 -66.73   -6.5
   7.69 -.002741 -66.82   -6.6
   7.70 -.002744 -66.90   -6.7
   7.72 -.002747 -66.98   -6.7
   7.73 -.002751 -67.06   -6.7
   7.74 -.002754 -67.14   -6.7
   7.75 -.002758 -67.23   -6.7
   7.76 -.002761 -67.32   -6.8
   7.77 -.002764 -67.40   -6.8
   7.78 -.002768 -67.50   -6.9
   7.79 -.002772 -67.59   -7.0
   7.80 -.002775 -67.67   -7.0
   7.82 -.002779 -67.76   -7.0
   7.83 -.002783 -67.86   -7.2
   7.84 -.002787 -67.94   -7.2
   7.85 -.002790 -68.03   -7.3
   7.86 -.002794 -68.12   -7.3
   7.87 -.002798 -68.21   -7.3
   7.88 -.002802 -68.30   -7.3
   7.90 -.002805 -68.39   -7.3
   7.91 -.002809 -68.48   -7.3
   7.92 -.002812 -68.56   -7.3
   7.93 -.002816 -68.65   -7.3
   7.94 -.002819 -68.73   -7.3
   7.95 -.002823 -68.82   -7.2
   7.96 -.002827 -68.92   -7.2
   7.97 -.002830 -69.00   -7.2
   7.99 -.002834 -69.10   -7.2
   8.00 -.002838 -69.19   -7.3
   8.01 -.002842 -69.29   -7.3
   8.02 -.002845 -69.36   -7.3
   8.03 -.002849 -69.45   -7.3
   8.04 -.002852 -69.54   -7.4
   8.05 -.002856 -69.63   -7.4
   8.06 -.002859 -69.71   -7.3
   8.07 -.002863 -69.81   -7.3
   8.09 -.002867 -69.89   -7.3
   8.10 -.002870 -69.97   -7.2
   8.11 -.002873 -70.06   -7.1
   8.12 -.002877 -70.14   -7.1
   8.13 -.002880 -70.23   -7.0
   8.14 -.002884 -70.32   -7.1
   8.15 -.002888 -70.41   -7.1
   8.17 -.002891 -70.49   -7.1
   8.18 -.002895 -70.58   -7.1
   8.19 -.002898 -70.66   -7.1
   8.20 -.002902 -70.76   -7.1
   8.21 -.002906 -70.84   -7.1
   8.22 -.002909 -70.92   -7.2
   8.23 -.002913 -71.01   -7.1
   8.24 -.002916 -71.10   -7.1
   8.26 -.002920 -71.18   -7.1
   8.27 -.002923 -71.26   -7.1
   8.28 -.002926 -71.34   -7.0
   8.29 -.002930 -71.43   -7.0
   8.30 -.002933 -71.51   -6.9
   8.31 -.002937 -71.60   -6.9
   8.32 -.002940 -71.68   -6.9
   8.33 -.002943 -71.76   -6.9
   8.35 -.002947 -71.84   -6.9
   8.36 -.002950 -71.93   -6.8
   8.37 -.002954 -72.01   -6.8
   8.38 -.002957 -72.10   -6.8
   8.39 -.002960 -72.18   -6.8
   8.40 -.002964 -72.27   -6.9
   8.41 -.002967 -72.34   -6.8
   8.42 -.002970 -72.42   -6.8
   8.44 -.002974 -72.50   -6.8
   8.45 -.002977 -72.58   -6.7
   8.46 -.002980 -72.65   -6.7
   8.47 -.002983 -72.73   -6.6
   8.48 -.002986 -72.80   -6.5
   8.49 -.002990 -72.89   -6.5
   8.50 -.002993 -72.96   -6.4
   8.51 -.002996 -73.04   -6.4
   8.53 -.002999 -73.11   -6.3
   8.54 -.003002 -73.20   -6.4
   8.55 -.003005 -73.27   -6.4
   8.56 -.003009 -73.35   -6.3
   8.57 -.003012 -73.43   -6.3
   8.58 -.003014 -73.49   -6.3
   8.59 -.003018 -73.57   -6.3
   8.60 -.003021 -73.64   -6.2
   8.62 -.003024 -73.72   -6.2
   8.63 -.003026 -73.79   -6.1
   8.64 -.003030 -73.87   -6.1
   8.65 -.003033 -73.94   -6.1
   8.66 -.003036 -74.01   -6.1
   8.67 -.003039 -74.09   -6.1
   8.68 -.003042 -74.16   -6.1
   8.69 -.003045 -74.23   -6.1
   8.71 -.003048 -74.30   -6.1
   8.72 -.003051 -74.38   -6.0
   8.73 -.003053 -74.44   -6.0
   8.74 -.003056 -74.51   -6.0
   8.75 -.003059 -74.59   -5.9
   8.76 -.003062 -74.65   -5.9
   8.77 -.003065 -74.72   -5.8
   8.78 -.003068 -74.79   -5.8
   8.80 -.003070 -74.86   -5.7
   8.81 -.003074 -74.94   -5.7
   8.82 -.003077 -75.01   -5.7
   8.83 -.003079 -75.07   -5.7
   8.84 -.003082 -75.15   -5.7
   8.85 -.003085 -75.21   -5.7
   8.86 -.003087 -75.27   -5.7
   8.87 -.003090 -75.33   -5.7
   8.89 -.003093 -75.41   -5.6
   8.90 -.003096 -75.47   -5.6
   8.91 -.003099 -75.55   -5.6
   8.92 -.003101 -75.61   -5.5
   8.93 -.003104 -75.68   -5.5
   8.94 -.003106 -75.74   -5.5
   8.95 -.003109 -75.80   -5.4
   8.96 -.003112 -75.86   -5.4
   8.98 -.003115 -75.93   -5.4
   8.99 -.003117 -75.99   -5.4
   9.00 -.003119 -76.05   -5.3
   9.01 -.003122 -76.11   -5.2
   9.02 -.003125 -76.18   -5.2
   9.03 -.003128 -76.26   -5.2
   9.04 -.003130 -76.32   -5.2
   9.05 -.003132 -76.37   -5.2
   9.07 -.003135 -76.44   -5.3
   9.08 -.003138 -76.51   -5.3
   9.09 -.003140 -76.56   -5.3
   9.10 -.003143 -76.63   -5.2
   9.11 -.003146 -76.69   -5.2
   9.12 -.003148 -76.75   -5.2
   9.13 -.003151 -76.81   -5.2
   9.14 -.003153 -76.86   -5.1
   9.16 -.003155 -76.92   -5.0
   9.17 -.003158 -76.98   -5.0
   9.18 -.003160 -77.05   -5.0
   9.19 -.003162 -77.10   -4.9
   9.20 -.003165 -77.16   -4.9
   9.21 -.003167 -77.22   -4.9
   9.22 -.003170 -77.27   -4.8
   9.23 -.003172 -77.33   -4.8
   9.25 -.003174 -77.39   -4.8
   9.26 -.003177 -77.45   -4.8
   9.27 -.003179 -77.51   -4.8
   9.28 -.003181 -77.56   -4.8
   9.29 -.003184 -77.62   -4.8
   9.30 -.003186 -77.68   -4.7
   9.31 -.003188 -77.72   -4.7
   9.32 -.003190 -77.78   -4.6
   9.34 -.003192 -77.83   -4.6
   9.35 -.003195 -77.90   -4.6
   9.36 -.003197 -77.94   -4.5
   9.37 -.003199 -77.99   -4.5
   9.38 -.003202 -78.06   -4.5
   9.39 -.003204 -78.11   -4.4
   9.40 -.003206 -78.15   -4.4
   9.41 -.003208 -78.20   -4.4
   9.43 -.003210 -78.27   -4.4
   9.44 -.003212 -78.31   -4.4
   9.45 -.003215 -78.37   -4.4
   9.46 -.003217 -78.42   -4.4
   9.47 -.003219 -78.48   -4.4
   9.48 -.003221 -78.52   -4.3
   9.49 -.003223 -78.58   -4.3
   9.50 -.003225 -78.63   -4.3
   9.52 -.003227 -78.68   -4.3
   9.53 -.003229 -78.73   -4.3
   9.54 -.003231 -78.78   -4.3
   9.55 -.003233 -78.83   -4.2
   9.56 -.003236 -78.88   -4.2
   9.57 -.003237 -78.92   -4.2
   9.58 -.003239 -78.97   -4.1
   9.59 -.003241 -79.02   -4.1
   9.61 -.003243 -79.07   -4.1
   9.62 -.003245 -79.12   -4.0
   9.63 -.003247 -79.17   -4.0
   9.64 -.003249 -79.22   -4.0
   9.65 -.003251 -79.26   -3.9
   9.66 -.003252 -79.30   -3.9
   9.67 -.003255 -79.35   -3.9
   9.68 -.003257 -79.39   -3.8
   9.70 -.003258 -79.43   -3.8
   9.71 -.003260 -79.48   -3.8
   9.72 -.003262 -79.53   -3.7
   9.73 -.003264 -79.58   -3.7
   9.74 -.003266 -79.62   -3.7
   9.75 -.003267 -79.66   -3.7
   9.76 -.003269 -79.71   -3.7
   9.77 -.003272 -79.76   -3.8
   9.79 -.003273 -79.80   -3.8
   9.80 -.003275 -79.86   -3.8
   9.81 -.003277 -79.90   -3.8
   9.82 -.003279 -79.94   -3.8
   9.83 -.003281 -79.99   -3.8
   9.84 -.003282 -80.03   -3.7
   9.85 -.003284 -80.07   -3.7
   9.86 -.003286 -80.11   -3.7
   9.88 -.003287 -80.15   -3.6
   9.89 -.003289 -80.20   -3.6
   9.90 -.003291 -80.24   -3.5
   9.91 -.003293 -80.28   -3.5
   9.92 -.003295 -80.32   -3.5
   9.93 -.003296 -80.36   -3.5
   9.94 -.003298 -80.41   -3.5
   9.95 -.003300 -80.44   -3.5
   9.97 -.003301 -80.49   -3.5
   9.98 -.003303 -80.54   -3.5
   9.99 -.003305 -80.57   -3.5
  10.00 -.003307 -80.61   -3.5
  10.01 -.003308 -80.64   -3.4
  10.02 -.003310 -80.70   -3.4
  10.03 -.003311 -80.73   -3.4
  10.04 -.003313 -80.77   -3.3
  10.06 -.003314 -80.81   -3.3
  10.07 -.003316 -80.85   -3.3
  10.08 -.003318 -80.89   -3.3
  10.09 -.003320 -80.93   -3.3
  10.10 -.003321 -80.96   -3.2
  10.11 -.003322 -81.00   -3.2
  10.12 -.003324 -81.03   -3.2
  10.13 -.003326 -81.08   -3.2
  10.15 -.003327 -81.12   -3.1
  10.16 -.003329 -81.15   -3.1
  10.17 -.003330 -81.18   -3.1
  10.18 -.003332 -81.22   -3.1
  10.19 -.003333 -81.25   -3.0
  10.20 -.003334 -81.30   -3.0
  10.21 -.003336 -81.33   -3.0
  10.22 -.003337 -81.36   -3.0
  10.24 -.003338 -81.39   -2.9
  10.25 -.003340 -81.44   -2.9
  10.26 -.003341 -81.46   -2.9
  10.27 -.003343 -81.50   -2.9
  10.28 -.003345 -81.55   -2.9
  10.29 -.003346 -81.58   -2.9
  10.30 -.003347 -81.61   -2.9
  10.32 -.003349 -81.65   -2.9
  10.33 -.003350 -81.68   -2.9
  10.34 -.003351 -81.70   -2.9
  10.35 -.000024  -0.57  253.1
  10.36 -.000010  -0.24  463.8
  10.37 0.000004   0.09  628.8
  10.38 -.000003  -0.06  746.5
  10.39 -.000022  -0.52  815.9
  10.40 -.000018  -0.44  839.1
  10.42 0.000002   0.06  817.2
  10.43 0.000008   0.20  748.8
  10.44 -.000019  -0.47  631.3
  10.45 -.000028  -0.69  466.4
  10.46 -.000002  -0.06  257.0
  10.47 -.000015  -0.37   -0.3
  10.48 0.000007   0.17   -0.1
  10.49 0.000017   0.41    1.6
  10.51 -.000011  -0.26    2.1
  10.52 -.000027  -0.65    1.0
  10.53 0.000001   0.03    0.7
  10.54 0.000001   0.03    0.3
  10.55 -.000019  -0.46   -0.0
  10.56 -.000066  -1.61   -3.1
  10.57 0.000002   0.05   -2.5
  10.59 -.000009  -0.22   -3.8
  10.60 -.000023  -0.57   -4.1
  10.61 -.000010  -0.24   -4.3
  10.62 0.000003   0.07   -1.5
  10.63 -.000019  -0.46    0.5
  10.64 -.000017  -0.41    0.7
  10.65 -.000004  -0.09    0.6
  10.66 -.000007  -0.17    2.3
  10.67 -.000017  -0.41    3.5
  10.69 -.000016  -0.39    3.1
  10.70 -.000003  -0.06   -0.5
  10.71 -.000006  -0.15    0.8
  10.72 -.000016  -0.40    0.6
  10.73 -.000028  -0.68   -1.8
  10.74 -.000001  -0.03   -0.9
  10.75 -.000001  -0.03    1.1
  10.76 -.000010  -0.25    0.5
  10.78 -.000018  -0.45   -0.7
  10.79 -.000009  -0.22    0.1
  10.80 0.000002   0.04    1.5
  10.81 -.000014  -0.34    0.6
  10.82 -.000020  -0.49   -0.7
  10.83 -.000010  -0.24    0.1
  10.84 0.000001   0.03    1.5
  10.85 -.000016  -0.40    0.5
  10.87 -.000019  -0.47   -1.8
  10.88 -.000004  -0.09   -0.6
  10.89 0.000001   0.03    1.1
  10.90 -.000006  -0.14    1.3
  10.91 -.000020  -0.48   -0.3
  10.92 -.000010  -0.25   -0.3
  10.93 0.000000   0.01    1.5
  10.94 0.000001   0.04    1.9
  10.96 -.000015  -0.37    0.4
  10.97 -.000020  -0.49   -0.7
  10.98 -.000011  -0.26    0.0
  10.99 -.000003  -0.08   -0.1
  11.00 -.000018  -0.43   -1.7
  11.01 -.000015  -0.37   -1.8
  11.02 -.000007  -0.17   -0.6
  11.03 -.000007  -0.17    0.1
  11.05 -.000010  -0.25   -0.8
  11.06 -.000015  -0.37   -1.3
  11.07 -.000002  -0.05    0.3
  11.08 -.000006  -0.15    1.6
  11.09 -.000011  -0.27    1.2
  11.10 -.000013  -0.31    0.2
  11.11 -.000001  -0.03    0.8
  11.12 0.000013   0.31    3.0
  11.14 -.000019  -0.46    1.2
  11.15 -.000027  -0.67   -1.0
  11.16 -.000018  -0.43   -1.5
  11.17 -.000022  -0.52   -2.1
  11.18 -.000005  -0.13   -1.6
  11.19 -.000009  -0.21   -1.9
  11.20 -.000034  -0.83   -3.0
  11.21 -.000015  -0.36   -2.6
  11.23 0.000198   4.83   13.9
  11.24 0.000477  11.63   48.7
  11.25 -.000095  -2.32   33.7
  11.26 -.000037  -0.90   25.9
  11.27 -.000015  -0.36   17.5
  11.28 -.000004  -0.11    9.1
  11.29 -.000044  -1.06   -1.8
  11.30 0.000001   0.02   -9.2
  11.32 -.000008  -0.20  -16.2
  11.33 0.000046   1.12  -19.2
  11.34 -.000019  -0.47  -30.4
  11.35 -.000053  -1.30  -42.6
  11.36 -.000003  -0.07  -31.1
  11.37 -.000036  -0.88    6.1
  11.38 -.000052  -1.28   -2.8
  11.39 -.000025  -0.60   -4.9
  11.41 -.000000  -0.01   -3.3
  11.42 -.000011  -0.27   -1.8
  11.43 0.000029   0.71   -0.6
  11.44 0.000001   0.03    1.4
  11.45 -.000007  -0.16    2.0
  11.46 -.000020  -0.49    6.4
  11.47 -.000018  -0.45    6.0
  11.48 -.000004  -0.10    3.5
  11.50 -.000003  -0.06    5.1
  11.51 0.000000   0.01    3.9
  11.52 -.000001  -0.03    0.6
  11.53 -.000037  -0.90   -3.7
  11.54 0.000020   0.48   -1.2
  11.55 0.000020   0.48   -0.0
  11.56 0.000045   1.11    6.4
  11.57 -.000012  -0.30    5.7
  11.59 0.000002   0.04    5.4
  11.60 0.000025   0.60    5.6
  11.61 0.000027   0.65    5.5
  11.62 -.000043  -1.04    0.7
  11.63 -.000012  -0.29   -1.0
  11.64 -.000009  -0.23   -2.2
  11.65 -.000030  -0.72   -4.9
  11.66 -.000021  -0.51   -9.8
  11.68 -.000014  -0.34   -9.2
  11.69 0.000001   0.03   -7.0
  11.70 0.000003   0.08   -2.1
  11.71 -.000016  -0.39   -3.3
  11.72 -.000015  -0.36   -3.0
  11.73 -.000008  -0.19    0.0
  11.74 -.000003  -0.06    4.2
  11.75 -.000016  -0.38    1.4
  11.77 -.000020  -0.48    0.7
  11.78 -.000045  -1.09   -1.5
