Datos generados por TERE.BAS el 06-14-2007
 t[min] T[§C] V[§C/min]
   0.00 0.005908 144.10  454.5
   0.01 0.005909 144.12  826.4
   0.02 0.005909 144.12 1115.6
   0.03 0.005910 144.15 1322.4
   0.04 0.005911 144.18 1446.5
   0.05 0.005912 144.20 1488.0
   0.07 0.005912 144.20 1446.9
   0.08 0.005912 144.19 1323.0
   0.09 0.005912 144.19 1116.4
   0.10 0.005913 144.21  827.3
   0.11 0.005913 144.23  455.4
   0.12 0.005914 144.25    1.0
   0.13 0.005915 144.27    1.0
   0.14 0.005915 144.27    1.0
   0.15 0.005916 144.29    0.9
   0.17 0.005916 144.30    0.9
   0.18 0.005917 144.31    1.0
   0.19 0.005917 144.33    1.1
   0.20 0.005918 144.33    1.1
   0.21 0.005916 144.29    0.9
   0.22 0.005917 144.32    0.8
   0.23 0.005917 144.31    0.6
   0.24 0.005918 144.33    0.5
   0.25 0.005919 144.36    0.5
   0.27 0.005920 144.38    0.6
   0.28 0.005920 144.39    0.6
   0.29 0.005920 144.40    0.7
   0.30 0.005921 144.40    0.8
   0.31 0.005922 144.43    0.9
   0.32 0.005922 144.44    1.0
   0.33 0.005923 144.45    1.2
   0.34 0.005923 144.46    1.1
   0.35 0.005922 144.44    1.0
   0.37 0.005923 144.46    0.9
   0.38 0.005923 144.46    0.8
   0.39 0.005923 144.46    0.6
   0.40 0.005923 144.47    0.6
   0.41 0.005924 144.48    0.5
   0.42 0.005924 144.49    0.5
   0.43 0.005925 144.52    0.5
   0.44 0.005926 144.52    0.6
   0.45 0.005926 144.53    0.7
   0.47 0.005927 144.55    0.8
   0.48 0.005927 144.55    0.9
   0.49 0.005927 144.55    0.8
   0.50 0.005926 144.54    0.8
   0.51 0.005927 144.55    0.7
   0.52 0.005927 144.57    0.7
   0.53 0.005927 144.56    0.5
   0.54 0.005928 144.58    0.5
   0.55 0.005928 144.57    0.4
   0.57 0.005927 144.56    0.3
   0.58 0.005927 144.57    0.2
   0.59 0.005928 144.58    0.2
   0.60 0.005927 144.55    0.2
   0.61 0.005927 144.55    0.1
   0.62 0.005927 144.57    0.1
   0.63 0.005926 144.55   -0.1
   0.64 0.005926 144.54   -0.2
   0.65 0.005927 144.56   -0.1
   0.67 0.005927 144.57   -0.1
   0.68 0.005928 144.58   -0.0
   0.69 0.005928 144.58    0.1
   0.70 0.005927 144.56    0.1
   0.71 0.005926 144.53   -0.0
   0.72 0.005928 144.57    0.1
   0.73 0.005893 143.74   -2.5
   0.74 0.005771 140.75  -14.1
   0.75 0.005635 137.44  -33.9
   0.77 0.005486 133.80  -61.2
   0.78 0.005340 130.24  -93.5
   0.79 0.005157 125.77 -131.6
   0.80 0.004902 119.54 -178.6
   0.81 0.004665 113.78 -229.4
   0.82 0.004449 108.50 -279.2
   0.83 0.004247 103.57 -323.9
   0.84 0.004056  98.91 -359.9
   0.85 0.003860  94.14 -384.6
   0.87 0.003669  89.48 -398.2
   0.88 0.003467  84.54 -407.4
   0.89 0.003289  80.21 -410.4
   0.90 0.003126  76.22 -406.7
   0.91 0.002966  72.34 -395.5
   0.92 0.002840  69.25 -377.5
   0.93 0.002639  64.34 -365.8
   0.94 0.002456  59.88 -358.0
   0.95 0.002286  55.75 -352.0
   0.97 0.002149  52.41 -344.6
   0.98 0.002013  49.10 -335.8
   0.99 0.001888  46.04 -325.8
   1.00 0.001735  42.30 -317.3
   1.01 0.001584  38.62 -311.8
   1.02 0.001427  34.80 -308.2
   1.03 0.001290  31.45 -304.0
   1.04 0.001141  27.81 -300.0
   1.06 0.000999  24.35 -293.0
   1.07 0.000861  21.00 -289.0
   1.08 0.000714  17.42 -288.1
   1.09 0.000584  14.24 -288.3
   1.10 0.000460  11.21 -286.8
   1.11 0.000349   8.50 -282.4
   1.12 0.000245   5.96 -274.2
   1.13 0.000140   3.42 -265.0
   1.14 0.000033   0.79 -255.5
   1.16 -.000071  -1.74 -246.5
   1.17 -.000170  -4.15 -236.6
   1.18 -.000266  -6.49 -227.3
   1.19 -.000358  -8.72 -218.3
   1.20 -.000445 -10.85 -209.4
   1.21 -.000525 -12.80 -201.8
   1.22 -.000546 -13.30 -190.4
   1.23 -.000565 -13.78 -175.9
   1.24 -.000589 -14.37 -159.1
   1.26 -.000622 -15.18 -141.1
   1.27 -.000664 -16.18 -123.7
   1.28 -.000712 -17.35 -108.5
   1.29 -.000763 -18.61  -96.3
   1.30 -.000819 -19.96  -87.7
   1.31 -.000873 -21.29  -82.9
   1.32 -.000932 -22.72  -82.5
   1.33 -.000990 -24.13  -86.4
   1.35 -.001052 -25.65  -94.8
   1.36 -.001112 -27.12 -102.3
   1.37 -.001176 -28.68 -108.6
   1.38 -.001240 -30.23 -113.4
   1.39 -.001305 -31.82 -117.2
   1.40 -.001368 -33.34 -120.0
   1.41 -.001429 -34.85 -122.0
   1.42 -.001490 -36.33 -123.4
   1.44 -.001549 -37.78 -124.2
   1.45 -.001608 -39.20 -124.2
   1.46 -.001668 -40.67 -123.9
   1.47 -.001725 -42.07 -123.0
   1.48 -.001781 -43.43 -121.7
   1.49 -.001836 -44.77 -120.0
   1.50 -.001906 -46.46 -119.3
   1.51 -.001976 -48.18 -119.6
   1.52 -.002042 -49.79 -120.6
   1.54 -.002104 -51.30 -121.8
   1.55 -.002159 -52.63 -122.5
   1.56 -.002207 -53.82 -122.2
   1.57 -.002256 -55.00 -121.1
   1.58 -.002301 -56.11 -118.8
   1.59 -.000218  -5.32   47.8
   1.60 -.000204  -4.97  190.1
   1.61 -.000080  -1.94  315.5
   1.63 -.000131  -3.19  408.3
   1.64 -.000060  -1.47  476.3
   1.65 0.000010   0.25  517.6
   1.66 0.000054   1.32  528.4
   1.67 0.000064   1.55  505.1
   1.68 -.000146  -3.56  430.3
   1.69 -.000183  -4.45  320.2
   1.70 0.000094   2.29  198.6
   1.72 0.000031   0.77   35.3
   1.73 0.000013   0.32   27.2
   1.74 0.000028   0.68   18.3
   1.75 -.000030  -0.73   13.1
   1.76 0.000016   0.38    6.0
   1.77 0.000049   1.20    5.8
   1.78 0.000010   0.23    7.4
   1.79 0.000012   0.28   13.2
   1.81 -.000749 -18.25  -38.0
   1.82 0.000079   1.93  -33.2
   1.83 0.000574  14.00    3.2
   1.84 0.000030   0.74   12.2
   1.85 0.000112   2.72   22.8
   1.86 0.000048   1.17   25.7
   1.87 -.000201  -4.90   10.2
   1.88 -.002424 -59.10 -178.2
   1.90 -.002427 -59.18 -329.2
   1.91 -.002471 -60.24 -446.4
   1.92 -.004515 %-110.06 -689.1
   1.93 -.000013  -0.32 -522.3
   1.94 -.000035  -0.84 -425.8
   1.95 0.000179   4.37 -247.7
   1.96 -.002673 -65.17 -245.3
   1.97 -.002682 -65.39 -247.5
   1.99 -.002692 -65.63 -205.3
   2.00 -.002685 -65.45 -129.1
   2.01 -.002682 -65.39  -37.1
   2.02 -.002712 -66.11 -114.7
   2.03 -.002726 -66.45 -189.7
   2.04 -.002727 -66.48 -264.5
   2.05 -.002730 -66.56 -521.7
   2.06 -.002735 -66.69 -395.2
   2.08 -.002739 -66.78 -232.9
   2.09 -.002744 -66.90  -13.8
   2.10 -.002748 -67.00  -13.3
   2.11 -.002752 -67.10  -12.9
   2.12 -.002756 -67.20  -12.7
   2.13 -.002760 -67.30  -11.2
   2.14 -.002764 -67.38   -8.7
   2.15 -.002767 -67.46   -8.0
   2.16 -.002770 -67.54   -8.1
   2.18 -.002773 -67.61   -7.9
   2.19 -.002776 -67.68   -7.5
   2.20 -.002779 -67.75   -7.1
   2.21 -.002781 -67.80   -6.7
   2.22 -.002783 -67.85   -6.3
   2.23 -.002786 -67.91   -6.0
   2.24 -.002787 -67.95   -5.6
   2.25 -.002789 -67.99   -5.2
   2.27 -.002790 -68.03   -4.8
   2.28 -.002792 -68.06   -4.4
   2.29 -.002793 -68.11   -4.1
   2.30 -.002795 -68.14   -3.9
   2.31 -.002796 -68.16   -3.6
   2.32 -.002797 -68.20   -3.3
   2.33 -.002798 -68.22   -3.1
   2.34 -.002799 -68.25   -2.9
   2.36 -.002800 -68.27   -2.7
   2.37 -.002801 -68.29   -2.6
   2.38 -.002802 -68.31   -2.4
   2.39 -.002803 -68.34   -2.3
   2.40 -.002803 -68.35   -2.1
   2.41 -.002805 -68.38   -2.0
   2.42 -.002805 -68.38   -1.9
   2.44 -.002806 -68.40   -1.8
   2.45 -.002807 -68.43   -1.7
   2.46 -.002807 -68.44   -1.6
   2.47 -.002808 -68.46   -1.5
   2.48 -.002809 -68.47   -1.5
   2.49 -.002809 -68.49   -1.4
   2.50 -.002810 -68.50   -1.4
   2.51 -.002810 -68.52   -1.3
   2.52 -.002811 -68.53   -1.3
   2.54 -.002811 -68.54   -1.3
   2.55 -.002812 -68.55   -1.3
   2.56 -.002812 -68.57   -1.2
   2.57 -.002813 -68.58   -1.2
   2.58 -.002813 -68.59   -1.1
   2.59 -.002814 -68.61   -1.1
   2.60 -.002815 -68.62   -1.1
   2.61 -.002815 -68.63   -1.1
   2.63 -.002815 -68.64   -1.0
   2.64 -.002816 -68.65   -1.0
   2.65 -.002816 -68.66   -1.0
   2.66 -.002817 -68.68   -1.0
   2.67 -.002817 -68.69   -1.0
   2.68 -.002818 -68.70   -1.0
   2.69 -.002818 -68.72   -1.0
   2.70 -.002819 -68.73   -1.0
   2.71 -.002819 -68.72   -0.9
   2.73 -.002820 -68.75   -1.0
   2.74 -.002820 -68.75   -0.9
   2.75 -.002820 -68.76   -0.9
   2.76 -.002821 -68.78   -0.9
   2.77 -.002821 -68.78   -0.9
   2.78 -.002822 -68.79   -0.8
   2.79 -.002821 -68.79   -0.8
   2.81 -.002822 -68.81   -0.8
   2.82 -.002823 -68.82   -0.8
   2.83 -.002823 -68.82   -0.7
   2.84 -.002824 -68.84   -0.8
   2.85 -.002824 -68.85   -0.8
   2.86 -.002824 -68.86   -0.8
   2.87 -.002825 -68.87   -0.8
   2.88 -.002825 -68.88   -0.8
   2.90 -.002826 -68.89   -0.8
   2.91 -.002826 -68.90   -0.8
   2.92 -.002826 -68.91   -0.9
   2.93 -.002827 -68.91   -0.8
   2.94 -.002827 -68.92   -0.8
   2.95 -.002828 -68.94   -0.8
   2.96 -.002828 -68.95   -0.8
   2.97 -.002829 -68.97   -0.8
   2.99 -.002829 -68.97   -0.8
   3.00 -.002829 -68.98   -0.8
   3.01 -.002830 -68.99   -0.9
   3.02 -.002830 -69.00   -0.9
   3.03 -.002831 -69.01   -0.9
   3.04 -.002831 -69.03   -0.9
   3.05 -.002832 -69.04   -0.9
   3.06 -.002832 -69.04   -0.9
   3.08 -.002832 -69.06   -0.9
   3.09 -.002833 -69.07   -0.9
   3.10 -.002833 -69.06   -0.8
   3.11 -.002833 -69.07   -0.8
   3.12 -.002834 -69.09   -0.8
   3.13 -.002834 -69.10   -0.8
   3.14 -.002834 -69.11   -0.8
   3.15 -.002835 -69.12   -0.7
   3.17 -.002835 -69.11   -0.7
   3.18 -.002835 -69.13   -0.7
   3.19 -.002836 -69.14   -0.7
   3.20 -.002836 -69.15   -0.7
   3.21 -.002837 -69.16   -0.7
   3.22 -.002837 -69.18   -0.8
   3.23 -.002837 -69.17   -0.8
   3.24 -.002839 -69.21   -0.8
   3.26 -.002838 -69.19   -0.8
   3.27 -.002838 -69.19   -0.8
   3.28 -.002837 -69.17   -0.6
   3.29 -.002838 -69.18   -0.6
   3.30 -.002838 -69.20   -0.4
   3.31 -.002838 -69.20   -0.4
   3.32 -.002839 -69.21   -0.3
   3.33 -.002839 -69.21   -0.3
   3.34 -.002839 -69.22   -0.3
   3.36 -.002839 -69.23   -0.3
   3.37 -.002840 -69.23   -0.3
   3.38 -.002840 -69.24   -0.4
   3.39 -.002840 -69.25   -0.5
   3.40 -.002840 -69.25   -0.6
   3.41 -.002841 -69.27   -0.5
   3.42 -.002841 -69.27   -0.5
   3.44 -.002841 -69.27   -0.5
   3.45 -.002842 -69.29   -0.6
   3.46 -.002842 -69.29   -0.6
   3.47 -.002843 -69.31   -0.6
   3.48 -.002843 -69.31   -0.6
   3.49 -.002843 -69.32   -0.7
   3.50 -.002844 -69.33   -0.7
   3.51 -.002844 -69.33   -0.7
   3.53 -.002844 -69.34   -0.7
   3.54 -.002844 -69.35   -0.6
   3.55 -.002845 -69.36   -0.6
   3.56 -.002845 -69.36   -0.6
   3.57 -.002845 -69.37   -0.6
   3.58 -.002846 -69.38   -0.6
   3.59 -.002846 -69.39   -0.6
   3.60 -.002846 -69.39   -0.6
   3.62 -.002846 -69.40   -0.6
   3.63 -.002847 -69.41   -0.6
   3.64 -.002847 -69.42   -0.6
   3.65 -.002847 -69.41   -0.6
   3.66 -.002847 -69.42   -0.6
   3.67 -.002847 -69.42   -0.5
   3.68 -.002848 -69.44   -0.5
   3.69 -.002848 -69.44   -0.5
   3.70 -.002848 -69.44   -0.5
   3.72 -.002849 -69.45   -0.4
   3.73 -.002849 -69.45   -0.4
   3.74 -.002849 -69.45   -0.4
   3.75 -.002849 -69.46   -0.4
   3.76 -.002849 -69.47   -0.4
   3.77 -.002850 -69.47   -0.4
   3.78 -.002850 -69.49   -0.4
   3.79 -.002850 -69.48   -0.4
   3.81 -.002850 -69.50   -0.4
   3.82 -.002851 -69.50   -0.5
   3.83 -.002850 -69.50   -0.4
   3.84 -.002851 -69.51   -0.5
   3.85 -.002851 -69.51   -0.4
   3.86 -.002851 -69.52   -0.4
   3.87 -.002852 -69.52   -0.4
   3.88 -.002852 -69.53   -0.4
   3.90 -.002852 -69.53   -0.4
   3.91 -.002852 -69.53   -0.4
   3.92 -.002852 -69.54   -0.4
   3.93 -.002852 -69.54   -0.4
   3.94 -.002852 -69.53   -0.3
   3.95 -.002747 -66.97    7.8
   3.96 -.002631 -64.15   23.4
   3.97 -.002556 -62.32   41.7
   3.99 -.000438 -10.69  218.6
   4.00 -.000995 -24.27  319.0
   4.01 -.000343  -8.36  443.6
   4.02 0.000057   1.39  563.8
   4.03 -.000937 -22.85  566.8
   4.04 -.026725 %-651.76 %-1440.3
   4.05 0.001220  29.74 -964.3
   4.06 0.001052  25.65 -558.1
   4.08 0.001369  33.39 -182.0
   4.09 -.013324 %-324.81 -985.1
   4.10 0.001936  47.22 -456.5
   4.11 0.002434  59.35   53.3
   4.12 0.004239 103.37  824.5
   4.13 0.003814  93.01 1447.1
   4.14 0.004026  98.18 2078.1
   4.15 0.004048  98.72 2686.0
   4.17 0.004225 103.04 3161.3
   4.18 0.004384 106.92 1232.6
   4.19 0.004522 110.28 1419.6
   4.20 0.004641 113.19 1554.3
   4.21 0.004749 115.81 1676.0
   4.22 0.004846 118.18  422.7
   4.23 0.004932 120.29  308.7
   4.24 0.005006 122.09  203.8
   4.26 0.005073 123.73  232.0
   4.27 0.005133 125.19  214.6
   4.28 0.005187 126.52  202.3
   4.29 0.005235 127.69  179.3
   4.30 0.005279 128.75  159.2
   4.31 0.005318 129.69  141.8
   4.32 0.005352 130.54  126.6
   4.33 0.005383 131.29  112.9
   4.35 0.005412 132.00  100.9
   4.36 0.005436 132.57   90.2
   4.37 0.005458 133.11   80.8
   4.38 0.005479 133.63   72.4
   4.39 0.005496 134.05   64.9
   4.40 0.005511 134.42   58.0
   4.41 0.005527 134.80   52.0
   4.42 0.005538 135.07   46.4
   4.44 0.005550 135.37   41.5
   4.45 0.005562 135.66   37.2
   4.46 0.005571 135.88   33.4
   4.47 0.005580 136.09   30.0
   4.48 0.005588 136.29   27.2
   4.49 0.005593 136.41   24.3
   4.50 0.005600 136.57   21.8
   4.51 0.005605 136.71   19.6
   4.53 0.005609 136.81   17.6
   4.54 0.005613 136.90   15.6
   4.55 0.005618 137.01   14.0
   4.56 0.005621 137.09   12.4
   4.57 0.005624 137.16   11.0
   4.58 0.005626 137.22    9.7
   4.59 0.005628 137.26    8.6
   4.60 0.005631 137.33    7.7
   4.62 0.005632 137.36    6.9
   4.63 0.005632 137.37    6.0
   4.64 0.005634 137.42    5.2
   4.65 0.005635 137.44    4.6
   4.66 0.005635 137.43    3.9
   4.67 0.005635 137.44    3.2
   4.68 0.005637 137.48    2.7
   4.69 0.005637 137.49    2.3
   4.71 0.005638 137.50    2.0
   4.72 0.005637 137.47    1.5
   4.73 0.005636 137.47    1.1
   4.74 0.005637 137.48    0.9
   4.75 0.005635 137.44    0.5
   4.76 0.005635 137.43    0.1
   4.77 0.005634 137.41   -0.1
   4.78 0.005632 137.37   -0.5
   4.79 0.005632 137.37   -0.8
   4.81 0.005632 137.36   -1.1
   4.82 0.005631 137.35   -1.2
   4.83 0.005631 137.35   -1.2
   4.84 0.005631 137.34   -1.2
   4.85 0.005630 137.30   -1.2
   4.86 0.005628 137.27   -1.3
   4.87 0.005628 137.26   -1.3
   4.88 0.005627 137.23   -1.4
   4.90 0.005625 137.19   -1.5
   4.97 0.005620 137.06   -1.9
   4.98 0.005619 137.04   -2.4
   4.99 0.005618 137.01   -2.8
   5.00 0.005617 136.99   -3.0
   5.01 0.005615 136.94   -3.3
   5.02 0.005614 136.92   -3.4
   5.03 0.005613 136.89   -3.4
   5.04 0.005611 136.85   -3.3
   5.06 0.005610 136.83   -3.2
   5.07 0.005609 136.80   -3.0
   5.08 0.005607 136.75   -2.8
   5.09 0.005606 136.72   -2.5
   5.10 0.005604 136.68   -2.6
   5.11 0.005603 136.66   -2.6
   5.12 0.005603 136.65   -2.6
   5.13 0.005601 136.62   -2.5
   5.15 0.005599 136.57   -2.6
   5.16 0.005598 136.54   -2.6
   5.17 0.005596 136.49   -2.6
   5.18 0.005595 136.45   -2.7
   5.19 0.005593 136.41   -2.7
   5.20 0.005592 136.40   -2.7
   5.21 0.005590 136.35   -2.8
   5.22 0.005589 136.32   -2.9
   5.24 0.005588 136.28   -2.9
   5.25 0.005585 136.22   -3.1
   5.26 0.005584 136.19   -3.1
   5.27 0.005584 136.18   -3.0
   5.28 0.005581 136.13   -3.0
   5.29 0.005580 136.09   -3.0
   5.30 0.005579 136.07   -2.9
   5.31 0.005577 136.02   -3.0
   5.33 0.005575 135.98   -3.0
   5.34 0.005574 135.95   -3.0
   5.35 0.005574 135.94   -2.9
   5.36 0.005572 135.89   -2.8
   5.37 0.005570 135.85   -2.8
   5.38 0.005569 135.82   -2.8
   5.39 0.005567 135.78   -2.9
   5.40 0.005566 135.75   -2.8
   5.42 0.005564 135.71   -2.8
   5.43 0.005563 135.67   -2.9
   5.44 0.005562 135.64   -2.8
   5.45 0.005560 135.60   -2.9
   5.46 0.005557 135.52   -3.1
   5.47 0.005555 135.49   -3.2
   5.48 0.005553 135.44   -3.3
   5.49 0.005550 135.36   -3.5
   5.51 0.005548 135.30   -3.8
   5.52 0.005545 135.24   -4.1
   5.53 0.005547 135.28   -4.0
   5.54 0.005546 135.26   -3.9
   5.55 0.005542 135.17   -3.8
   5.56 0.005542 135.17   -3.6
   5.57 0.005541 135.14   -3.4
   5.58 0.005539 135.09   -3.1
   5.60 0.005539 135.09   -2.8
   5.61 0.005536 135.03   -2.7
   5.62 0.005536 135.02   -2.4
   5.63 0.005536 135.02   -2.3
   5.64 0.005532 134.93   -2.4
   5.65 0.005532 134.92   -2.6
   5.66 0.005531 134.89   -2.5
   5.67 0.005528 134.81   -2.6
   5.68 0.005528 134.83   -2.6
   5.70 0.005526 134.78   -2.7
   5.71 0.005524 134.72   -2.8
   5.72 0.005524 134.72   -2.8
   5.73 0.005520 134.64   -2.9
   5.74 0.005520 134.63   -3.0
   5.75 0.005517 134.57   -3.1
   5.76 0.005515 134.51   -3.1
   5.78 0.005515 134.50   -3.2
   5.79 0.005513 134.45   -3.3
   5.80 0.005512 134.45   -3.1
   5.81 0.005512 134.43   -3.1
   5.82 0.005509 134.36   -3.0
   5.83 0.005508 134.34   -2.9
   5.84 0.005505 134.27   -3.0
   5.85 0.005502 134.20   -3.0
   5.86 0.005502 134.18   -3.1
   5.88 0.005501 134.18   -3.0
   5.89 0.005499 134.11   -3.1
   5.90 0.005497 134.06   -3.3
   5.91 0.005495 134.02   -3.4
   5.92 0.005490 133.90   -3.8
   5.93 0.005490 133.89   -3.9
   5.94 0.005487 133.83   -4.0
   5.95 0.005488 133.84   -3.9
   5.97 0.005488 133.85   -3.6
   5.98 0.005485 133.78   -3.5
   5.99 0.005485 133.77   -3.3
   6.00 0.005484 133.75   -3.1
   6.01 0.005481 133.67   -2.9
   6.02 0.005480 133.66   -2.7
   6.03 0.005479 133.63   -2.5
   6.04 0.005477 133.58   -2.3
   6.06 0.005477 133.58   -2.4
   6.07 0.005475 133.53   -2.5
   6.08 0.005473 133.48   -2.7
   6.09 0.005472 133.47   -2.8
   6.10 0.005470 133.42   -2.7
   6.11 0.005469 133.37   -2.8
   6.12 0.005468 133.35   -2.8
   6.13 0.005465 133.29   -2.8
   6.15 0.005466 133.30   -2.8
   6.16 0.005463 133.25   -2.9
   6.17 0.005462 133.20   -2.9
   6.18 0.005462 133.20   -2.8
   6.19 0.005459 133.14   -2.8
   6.20 0.005458 133.12   -2.8
   6.21 0.005457 133.10   -2.7
   6.22 0.005454 133.01   -2.8
   6.24 0.005453 132.99   -2.9
   6.25 0.005452 132.97   -2.9
   6.26 0.005452 132.96   -2.8
   6.27 0.005448 132.88   -3.0
   6.28 0.005447 132.86   -2.9
   6.29 0.005446 132.83   -2.9
   6.30 0.005444 132.77   -3.0
   6.31 0.005443 132.75   -2.9
   6.33 0.005442 132.72   -3.0
   6.34 0.005439 132.65   -3.0
   6.35 0.005439 132.65   -2.9
   6.36 0.005437 132.60   -3.0
   6.37 0.005435 132.56   -3.1
   6.38 0.005434 132.54   -3.1
   6.39 0.005432 132.48   -3.0
   6.40 0.005431 132.45   -3.0
   6.42 0.005430 132.43   -3.0
   6.43 0.005427 132.36   -3.0
   6.44 0.005427 132.36   -3.0
   6.45 0.005425 132.32   -2.9
   6.46 0.005423 132.25   -3.0
   6.47 0.005422 132.25   -3.0
   6.48 0.005421 132.21   -2.9
   6.49 0.005419 132.16   -3.0
   6.51 0.005418 132.14   -3.0
   6.52 0.005417 132.11   -2.9
   6.53 0.005415 132.06   -2.9
   6.54 0.005414 132.04   -2.9
   6.55 0.005412 132.00   -2.8
   6.56 0.005409 131.93   -3.0
   6.57 0.005409 131.92   -2.9
   6.58 0.005407 131.87   -2.9
   6.60 0.005405 131.82   -3.1
   6.61 0.005405 131.82   -3.0
   6.62 0.005402 131.75   -3.1
   6.63 0.005400 131.71   -3.2
   6.64 0.005400 131.70   -3.1
   6.65 0.005397 131.64   -3.2
   6.66 0.005397 131.62   -3.1
   6.67 0.005395 131.59   -3.0
   6.69 0.005392 131.51   -3.0
   6.70 0.005392 131.52   -3.0
   6.71 0.005389 131.44   -3.1
   6.72 0.005388 131.41   -3.1
   6.73 0.005387 131.38   -3.2
   6.74 0.005382 131.27   -3.3
   6.75 0.005382 131.25   -3.5
   6.76 0.005380 131.21   -3.7
   6.78 0.005377 131.15   -3.8
   6.79 0.005377 131.14   -3.8
   6.80 0.005374 131.07   -3.8
   6.81 0.005374 131.06   -3.7
   6.82 0.005372 131.03   -3.7
   6.83 0.005370 130.97   -3.5
   6.84 0.005370 130.96   -3.3
   6.85 0.005368 130.92   -3.2
   6.86 0.005365 130.86   -3.0
   6.88 0.005366 130.88   -2.9
   6.89 0.005364 130.84   -2.8
   6.90 0.005362 130.77   -2.7
   6.91 0.005362 130.78   -2.7
   6.92 0.005358 130.68   -2.8
   6.93 0.005357 130.66   -2.9
   6.94 0.005355 130.61   -3.0
   6.96 0.005303 129.34   -6.9
   6.97 0.005059 123.39  -28.9
   6.98 0.002610  63.65 -234.9
   6.99 0.003557  86.75 -329.7
   7.00 0.002651  64.64 -469.1
   7.01 0.004762 116.13 -408.1
   7.02 0.004662 113.70 -346.4
   7.03 0.004569 111.42 -282.3
   7.05 0.003837  93.58 -263.4
   7.06 0.001786  43.55 -381.4
   7.07 0.005898 143.85 -133.1
   7.08 0.004099  99.97  -30.9
   7.09 0.003897  95.04   68.6
   7.10 0.003686  89.89  149.3
   7.11 0.003450  84.12    8.4
   7.12 0.003267  79.67  -72.2
   7.13 0.003137  76.49 -241.2
   7.15 0.003016  73.54 -234.4
   7.16 0.002868  69.94 -223.5
   7.17 0.002749  67.04 -205.2
   7.18 0.002640  64.38 -236.4
   7.19 0.002534  61.80 -445.4
   7.20 0.002428  59.21 -299.2
   7.21 0.002324  56.68 -276.1
   7.22 0.002192  53.44 -256.6
   7.24 0.002073  50.56 -241.6
   7.25 0.001962  47.85 -234.1
   7.26 0.001842  44.93 -231.6
   7.27 0.001737  42.36 -229.2
   7.28 0.001637  39.91 -225.9
   7.29 0.001537  37.48 -224.3
   7.30 0.001435  34.99 -222.8
   7.32 0.001341  32.69 -220.1
   7.33 0.001247  30.41 -216.1
   7.34 0.001157  28.22 -210.6
   7.35 0.001069  26.08 -203.5
   7.36 0.000984  23.98 -197.6
   7.37 0.000900  21.95 -191.9
   7.38 0.000817  19.93 -186.3
   7.39 0.000738  17.99 -181.7
   7.40 0.000659  16.06 -177.3
   7.42 0.000582  14.19 -172.8
   7.43 0.000507  12.36 -168.4
   7.44 0.000434  10.58 -164.6
   7.45 0.000362   8.84 -160.8
   7.46 0.000292   7.13 -157.2
   7.47 0.000223   5.45 -153.7
   7.48 0.000156   3.81 -150.2
   7.49 0.000091   2.23 -146.9
   7.51 0.000027   0.66 -143.5
   7.52 -.000036  -0.88 -140.4
   7.53 -.000098  -2.38 -137.3
   7.54 -.000158  -3.86 -134.4
   7.55 -.000217  -5.28 -131.5
   7.56 -.000274  -6.68 -128.6
   7.57 -.000329  -8.03 -125.7
   7.58 -.000384  -9.36 -122.9
   7.60 -.000436 -10.63 -120.0
   7.61 -.000486 -11.84 -117.0
   7.62 -.000515 -12.57 -112.5
   7.63 -.000523 -12.76 -105.0
   7.64 -.000535 -13.04  -95.8
   7.65 -.000547 -13.34  -85.3
   7.66 -.000561 -13.67  -74.4
   7.67 -.000578 -14.09  -63.8
   7.69 -.000598 -14.57  -54.1
   7.70 -.000621 -15.14  -46.2
   7.71 -.000645 -15.73  -40.3
   7.72 -.000671 -16.37  -36.9
   7.73 -.000699 -17.05  -36.4
   7.74 -.000728 -17.76  -39.0
   7.75 -.000759 -18.51  -43.2
   7.76 -.000790 -19.27  -47.1
   7.78 -.000823 -20.05  -50.9
   7.79 -.000855 -20.84  -54.2
   7.80 -.000888 -21.64  -57.0
   7.81 -.000920 -22.43  -59.2
   7.82 -.000953 -23.23  -61.0
   7.83 -.000986 -24.04  -62.5
   7.84 -.001019 -24.84  -63.6
   7.85 -.001051 -25.63  -64.4
   7.87 -.001085 -26.45  -65.0
   7.88 -.001117 -27.24  -65.3
   7.89 -.001150 -28.05  -65.5
   7.90 -.001183 -28.83  -65.6
   7.91 -.001214 -29.60  -65.5
   7.92 -.001245 -30.35  -65.3
   7.93 -.001275 -31.09  -64.9
   7.94 -.001305 -31.83  -64.4
   7.95 -.001335 -32.56  -63.7
   7.97 -.001365 -33.28  -63.0
   7.98 -.001394 -33.99  -62.2
   7.99 -.001423 -34.70  -61.4
   8.00 -.001452 -35.40  -60.6
   8.01 -.001480 -36.09  -59.8
   8.02 -.001507 -36.75  -59.1
   8.03 -.001535 -37.43  -58.4
   8.04 -.001562 -38.08  -57.7
   8.06 -.001588 -38.72  -57.0
   8.07 -.001614 -39.35  -56.2
   8.08 -.001639 -39.97  -55.3
   8.09 -.001664 -40.58  -54.5
   8.10 -.001689 -41.18  -53.6
   8.11 -.001713 -41.77  -52.7
   8.12 -.001737 -42.36  -51.8
   8.14 -.001761 -42.93  -51.0
   8.15 -.001784 -43.49  -50.1
   8.16 -.001807 -44.05  -49.3
   8.17 -.001830 -44.61  -48.6
   8.18 -.001852 -45.14  -47.9
   8.19 -.001873 -45.67  -47.1
   8.20 -.001895 -46.21  -46.5
   8.21 -.001917 -46.74  -45.8
   8.23 -.001937 -47.23  -45.1
   8.24 -.001957 -47.72  -44.4
   8.25 -.001977 -48.21  -43.7
   8.26 -.001997 -48.69  -43.0
   8.27 -.002017 -49.17  -42.3
   8.28 -.002036 -49.63  -41.6
   8.29 -.002055 -50.09  -40.9
   8.30 -.002073 -50.53  -40.2
   8.31 -.002091 -50.97  -39.4
   8.33 -.002108 -51.39  -38.6
   8.34 -.002125 -51.82  -37.9
   8.35 -.002142 -52.23  -37.3
   8.36 -.002159 -52.63  -36.6
   8.37 -.002175 -53.03  -35.9
   8.38 -.002192 -53.43  -35.2
   8.39 -.002208 -53.84  -34.6
   8.40 -.002224 -54.23  -34.1
   8.42 -.002240 -54.60  -33.6
   8.43 -.002255 -54.97  -33.1
   8.44 -.002270 -55.35  -32.7
   8.45 -.002285 -55.71  -32.2
   8.46 -.002299 -56.06  -31.7
   8.47 -.002313 -56.40  -31.2
   8.48 -.002327 -56.74  -30.7
   8.49 -.002341 -57.08  -30.2
   8.51 -.002355 -57.41  -29.6
   8.52 -.002367 -57.72  -28.9
   8.53 -.002382 -58.06  -28.5
   8.54 -.002395 -58.40  -28.1
   8.55 -.002408 -58.71  -27.7
   8.56 -.002421 -59.02  -27.3
   8.57 -.002434 -59.35  -27.1
   8.58 -.002447 -59.66  -26.8
   8.60 -.002460 -59.97  -26.6
   8.61 -.002469 -60.20  -26.1
   8.62 -.002479 -60.43  -25.5
   8.63 -.002489 -60.67  -24.8
   8.64 -.002498 -60.91  -23.9
   8.65 -.002507 -61.13  -22.9
   8.66 -.002517 -61.36  -22.0
   8.67 -.002526 -61.57  -21.1
   8.69 -.002534 -61.79  -20.2
   8.70 -.002543 -62.01  -19.4
   8.71 -.002552 -62.21  -18.8
   8.72 -.002560 -62.43  -18.4
   8.73 -.002568 -62.62  -18.1
   8.74 -.002577 -62.83  -17.8
   8.75 -.002585 -63.02  -17.5
   8.76 -.002592 -63.20  -17.2
   8.78 -.002601 -63.41  -16.9
   8.79 -.002608 -63.59  -16.7
   8.80 -.002616 -63.77  -16.4
   8.81 -.002623 -63.96  -16.1
   8.82 -.002631 -64.14  -15.9
