Datos generados por TERE.BAS el 06-11-2007
 t[min] T[§C] V[§C/min]
   0.00 0.001176  28.68   90.4
   0.01 0.001180  28.78  164.8
   0.02 0.001183  28.86  222.8
   0.03 0.001187  28.94  264.6
   0.04 0.001192  29.06  290.2
   0.06 0.001196  29.17  299.4
   0.07 0.001200  29.26  292.2
   0.08 0.001204  29.37  268.6
   0.09 0.001208  29.46  228.4
   0.10 0.001212  29.56  171.6
   0.11 0.001217  29.67   98.3
   0.12 0.001221  29.77    8.2
   0.13 0.001225  29.87    8.3
   0.14 0.001229  29.97    8.4
   0.16 0.001233  30.07    8.4
   0.17 0.001238  30.18    8.3
   0.18 0.001242  30.28    8.3
   0.19 0.001247  30.40    8.4
   0.20 0.001251  30.50    8.5
   0.21 0.001255  30.60    8.5
   0.22 0.001259  30.71    8.5
   0.23 0.001264  30.82    8.6
   0.24 0.001268  30.93    8.6
   0.26 0.001273  31.04    8.7
   0.27 0.001277  31.13    8.7
   0.28 0.001281  31.24    8.7
   0.29 0.001286  31.36    8.7
   0.30 0.001291  31.47    8.8
   0.31 0.001294  31.56    8.7
   0.32 0.001299  31.67    8.8
   0.33 0.001303  31.78    8.8
   0.34 0.001308  31.90    8.8
   0.36 0.001313  32.02    8.9
   0.37 0.001317  32.12    8.9
   0.38 0.001323  32.25    9.0
   0.39 0.001327  32.36    9.2
   0.40 0.001332  32.48    9.2
   0.41 0.001337  32.59    9.3
   0.42 0.001341  32.71    9.4
   0.43 0.001346  32.82    9.4
   0.44 0.001350  32.93    9.4
   0.45 0.001356  33.06    9.5
   0.47 0.001360  33.17    9.5
   0.48 0.001365  33.29    9.5
   0.49 0.001370  33.40    9.5
   0.50 0.001375  33.52    9.5
   0.51 0.001380  33.65    9.6
   0.52 0.001385  33.77    9.6
   0.53 0.001390  33.90    9.7
   0.54 0.001395  34.02    9.8
   0.55 0.001400  34.14    9.9
   0.57 0.001405  34.25    9.9
   0.58 0.001410  34.38    9.9
   0.59 0.001415  34.50   10.0
   0.60 0.001420  34.62   10.0
   0.61 0.001424  34.73    9.9
   0.62 0.001429  34.86    9.9
   0.63 0.001434  34.98    9.9
   0.64 0.001440  35.10    9.9
   0.66 0.001445  35.23    9.9
   0.67 0.001450  35.36    9.9
   0.68 0.001455  35.48   10.0
   0.69 0.001460  35.60   10.0
   0.70 0.001465  35.73   10.0
   0.71 0.001471  35.86   10.1
   0.72 0.001476  35.99   10.2
   0.73 0.001481  36.12   10.3
   0.74 0.001487  36.25   10.4
   0.76 0.001492  36.38   10.4
   0.77 0.001497  36.51   10.5
   0.78 0.001502  36.63   10.5
   0.79 0.001508  36.77   10.6
   0.80 0.001513  36.89   10.6
   0.81 0.001518  37.01   10.6
   0.82 0.001523  37.15   10.6
   0.83 0.001529  37.29   10.6
   0.84 0.001535  37.42   10.6
   0.85 0.001539  37.53   10.6
   0.87 0.001545  37.68   10.6
   0.88 0.001551  37.82   10.7
   0.89 0.001557  37.96   10.8
   0.90 0.001562  38.09   10.9
   0.91 0.001567  38.20   10.8
   0.92 0.001573  38.35   10.9
   0.93 0.001577  38.45   10.8
   0.94 0.001583  38.60   10.8
   0.96 0.001588  38.73   10.8
   0.97 0.001595  38.89   10.9
   0.98 0.001600  39.01   10.9
   0.99 0.001605  39.13   10.8
   1.00 0.001611  39.28   10.9
   1.01 0.001617  39.43   11.0
   1.02 0.001623  39.58   11.1
   1.03 0.001630  39.74   11.3
   1.04 0.001635  39.87   11.4
   1.06 0.001641  40.01   11.6
   1.07 0.001647  40.16   11.6
   1.08 0.001652  40.30   11.7
   1.09 0.001658  40.44   11.7
   1.10 0.001664  40.57   11.8
   1.11 0.001670  40.71   11.8
   1.12 0.001675  40.85   11.7
   1.13 0.001682  41.02   11.7
   1.15 0.001688  41.16   11.7
   1.16 0.001694  41.30   11.7
   1.17 0.001700  41.45   11.7
   1.18 0.001706  41.59   11.8
   1.19 0.001712  41.75   11.9
   1.20 0.001718  41.90   12.0
   1.21 0.001724  42.03   12.0
   1.22 0.001729  42.16   12.0
   1.23 0.001735  42.32   12.0
   1.25 0.001741  42.45   11.9
   1.26 0.001748  42.62   11.9
   1.27 0.001753  42.75   11.9
   1.28 0.001759  42.90   11.9
   1.29 0.001765  43.03   11.8
   1.30 0.001770  43.17   11.7
   1.31 0.001777  43.33   11.7
   1.32 0.001782  43.46   11.7
   1.33 0.001788  43.61   11.8
   1.35 0.001795  43.76   11.8
   1.36 0.001800  43.88   11.7
   1.37 0.001805  44.03   11.7
   1.38 0.001812  44.19   11.7
   1.39 0.001819  44.36   11.8
   1.40 0.001825  44.50   11.9
   1.41 0.001832  44.66   12.1
   1.42 0.001837  44.81   12.2
   1.44 0.001843  44.93   12.2
   1.45 0.001848  45.07   12.2
   1.46 0.001854  45.22   12.1
   1.47 0.001861  45.38   12.1
   1.48 0.001868  45.55   12.2
   1.49 0.001874  45.70   12.2
   1.50 0.001881  45.88   12.3
   1.51 0.001887  46.02   12.4
   1.53 0.001893  46.15   12.4
   1.54 0.001899  46.31   12.5
   1.55 0.001905  46.46   12.6
   1.56 0.001912  46.63   12.7
   1.57 0.001918  46.78   12.7
   1.58 0.001925  46.93   12.7
   1.59 0.001930  47.07   12.6
   1.60 0.001937  47.23   12.5
   1.62 0.001943  47.37   12.4
   1.63 0.001948  47.50   12.3
   1.64 0.001953  47.63   12.2
   1.65 0.001959  47.78   12.1
   1.66 0.001966  47.94   12.0
   1.67 0.001973  48.11   12.0
   1.68 0.001979  48.26   12.0
   1.69 0.001986  48.42   12.1
   1.71 0.001992  48.58   12.2
   1.72 0.001999  48.74   12.4
   1.73 0.002005  48.90   12.6
   1.74 0.002011  49.05   12.7
   1.75 0.002018  49.21   12.9
   1.76 0.002024  49.36   13.0
   1.77 0.002031  49.52   13.0
   1.78 0.002039  49.71   13.0
   1.79 0.002045  49.87   13.1
   1.81 0.002051  50.00   13.1
   1.82 0.002057  50.16   13.0
   1.83 0.002064  50.32   13.0
   1.84 0.002071  50.49   13.0
   1.85 0.002077  50.64   13.1
   1.86 0.002084  50.82   13.1
   1.87 0.002090  50.97   13.1
   1.88 0.002098  51.15   13.2
   1.90 0.002104  51.30   13.2
   1.91 0.002110  51.46   13.2
   1.92 0.002116  51.61   13.2
   1.93 0.002124  51.79   13.3
   1.94 0.002130  51.95   13.3
   1.95 0.002136  52.09   13.2
   1.96 0.002143  52.26   13.2
   1.98 0.002150  52.43   13.2
   1.99 0.002158  52.62   13.3
   2.00 0.002165  52.79   13.4
   2.01 0.002171  52.95   13.4
   2.02 0.002179  53.13   13.6
   2.03 0.002186  53.32   13.8
   2.04 0.002193  53.48   14.0
   2.05 0.002201  53.67   14.1
   2.07 0.002207  53.83   14.2
   2.08 0.002215  54.01   14.3
   2.09 0.002221  54.16   14.2
   2.10 0.002229  54.34   14.2
   2.11 0.002236  54.52   14.2
   2.12 0.002243  54.69   14.2
   2.13 0.002249  54.84   14.1
   2.14 0.002256  55.00   14.0
   2.15 0.002264  55.20   13.9
   2.17 0.002271  55.38   14.0
   2.18 0.002280  55.59   14.1
   2.19 0.002287  55.76   14.3
   2.20 0.002294  55.93   14.4
   2.21 0.002300  56.09   14.5
   2.22 0.002308  56.27   14.5
   2.23 0.002314  56.44   14.5
   2.24 0.002322  56.62   14.6
   2.26 0.002329  56.80   14.6
   2.27 0.002336  56.98   14.5
   2.28 0.002344  57.15   14.4
   2.29 0.002351  57.34   14.4
   2.30 0.002358  57.51   14.3
   2.31 0.002366  57.70   14.5
   2.32 0.002374  57.89   14.6
   2.33 0.002383  58.10   14.8
   2.35 0.002390  58.28   15.0
   2.36 0.002397  58.46   15.1
   2.37 0.002404  58.62   15.1
   2.38 0.002411  58.80   15.1
   2.39 0.002419  58.98   15.1
   2.40 0.002427  59.18   15.1
   2.41 0.002434  59.35   15.0
   2.42 0.002441  59.53   15.0
   2.44 0.002448  59.69   14.8
   2.45 0.002455  59.86   14.6
   2.46 0.002464  60.08   14.6
   2.47 0.002471  60.25   14.7
   2.48 0.002478  60.42   14.7
   2.49 0.002486  60.61   14.8
   2.50 0.002493  60.79   14.8
   2.51 0.002500  60.97   14.8
   2.53 0.002509  61.18   14.9
   2.54 0.002515  61.32   14.9
   2.55 0.002522  61.49   14.8
   2.56 0.002530  61.70   14.9
   2.57 0.002539  61.91   15.0
   2.58 0.002546  62.09   15.0
   2.59 0.002554  62.29   15.2
   2.60 0.002562  62.48   15.3
   2.62 0.002569  62.65   15.3
   2.63 0.002577  62.85   15.4
   2.64 0.002585  63.04   15.5
   2.65 0.002593  63.24   15.6
   2.66 0.002600  63.41   15.7
   2.67 0.002608  63.59   15.6
   2.68 0.002615  63.76   15.4
   2.69 0.002622  63.95   15.2
   2.71 0.002631  64.16   15.3
   2.72 0.002640  64.38   15.3
   2.73 0.002648  64.58   15.5
   2.74 0.002655  64.75   15.6
   2.75 0.002663  64.93   15.6
   2.76 0.002670  65.12   15.6
   2.77 0.002679  65.32   15.7
   2.78 0.002686  65.51   15.7
   2.80 0.002692  65.66   15.7
   2.81 0.002701  65.86   15.6
   2.82 0.002709  66.05   15.5
   2.83 0.002716  66.23   15.3
   2.84 0.002724  66.44   15.2
   2.85 0.002733  66.64   15.3
   2.86 0.002741  66.84   15.5
   2.87 0.002749  67.03   15.6
   2.89 0.002757  67.24   15.7
   2.90 0.002766  67.45   15.9
   2.91 0.002774  67.65   16.1
   2.92 0.002782  67.84   16.3
   2.93 0.002790  68.03   16.3
   2.94 0.002796  68.18   16.2
   2.95 0.002804  68.37   16.1
   2.96 0.002812  68.57   15.9
   2.97 0.002820  68.76   15.8
   2.99 0.002828  68.97   15.7
   3.00 0.002836  69.16   15.6
   3.01 0.002845  69.37   15.6
   3.02 0.002853  69.58   15.7
   3.03 0.002862  69.78   15.9
   3.04 0.002870  69.98   16.1
   3.05 0.002878  70.19   16.3
   3.06 0.002886  70.38   16.5
   3.08 0.002893  70.56   16.5
   3.09 0.002901  70.74   16.4
   3.10 0.002910  70.96   16.3
   3.11 0.002919  71.18   16.3
   3.12 0.002927  71.38   16.4
   3.13 0.002936  71.59   16.4
   3.14 0.002944  71.80   16.4
   3.16 0.002953  72.01   16.6
   3.17 0.002961  72.21   16.7
   3.18 0.002969  72.39   16.7
   3.19 0.002977  72.61   16.8
   3.20 0.002986  72.82   16.9
   3.21 0.002995  73.03   16.9
   3.22 0.003004  73.25   16.9
   3.23 0.003012  73.45   16.9
   3.25 0.003019  73.63   16.9
   3.26 0.003028  73.83   16.8
   3.27 0.003036  74.03   16.7
   3.28 0.003044  74.23   16.7
   3.29 0.003053  74.44   16.7
   3.30 0.003062  74.67   16.7
   3.31 0.003070  74.88   16.7
   3.32 0.003076  75.02   16.5
   3.33 0.003085  75.23   16.4
   3.35 0.003093  75.44   16.4
   3.36 0.003103  75.66   16.5
   3.37 0.003112  75.89   16.6
   3.38 0.003120  76.09   16.7
   3.39 0.003129  76.30   16.8
   3.40 0.003137  76.49   16.8
   3.41 0.003145  76.69   16.8
   3.42 0.003154  76.92   16.9
   3.44 0.003163  77.12   17.1
   3.45 0.003171  77.33   17.2
   3.46 0.003178  77.50   17.0
   3.47 0.003187  77.72   16.9
   3.48 0.003196  77.93   16.8
   3.49 0.003203  78.11   16.7
   3.50 0.003213  78.35   16.7
   3.52 0.003222  78.57   16.8
   3.53 0.003231  78.79   17.0
   3.54 0.003239  78.99   17.0
   3.55 0.003248  79.20   17.1
   3.56 0.003254  79.36   17.0
   3.57 0.003262  79.55   16.9
   3.58 0.003269  79.71   16.7
   3.59 0.003276  79.90   16.4
   3.60 0.003284  80.07   16.1
   3.62 0.003290  80.23   15.6
   3.63 0.003296  80.38   15.1
   3.64 0.003305  80.60   14.8
   3.65 0.003312  80.78   14.6
   3.66 0.003322  81.02   14.6
   3.67 0.003331  81.24   14.9
   3.68 0.003340  81.45   15.3
   3.69 0.003347  81.63   15.6
   3.71 0.003356  81.84   16.0
   3.72 0.003364  82.04   16.3
   3.73 0.003371  82.22   16.5
   3.74 0.003380  82.42   16.7
   3.75 0.003386  82.58   16.6
   3.76 0.003392  82.72   16.1
   3.77 0.003401  82.94   15.9
   3.78 0.003409  83.13   15.5
   3.80 0.003416  83.31   15.3
   3.81 0.003424  83.49   15.1
   3.82 0.003433  83.72   15.2
   3.83 0.003442  83.94   15.3
   3.84 0.003449  84.12   15.5
   3.85 0.003458  84.33   15.7
   3.86 0.003466  84.53   15.9
   3.87 0.003475  84.75   16.3
   3.89 0.003483  84.95   16.6
   3.90 0.003490  85.11   16.5
   3.91 0.003499  85.32   16.5
   3.92 0.003507  85.52   16.5
   3.93 0.003514  85.71   16.4
   3.94 0.003523  85.91   16.2
   3.95 0.003530  86.09   16.1
   3.96 0.003536  86.23   15.9
   3.98 0.003542  86.37   15.4
   3.99 0.003548  86.54   15.0
   4.00 0.003555  86.69   14.6
   4.01 0.003563  86.89   14.3
   4.02 0.003572  87.10   14.3
   4.03 0.003579  87.29   14.2
   4.04 0.003587  87.48   14.3
   4.05 0.003595  87.67   14.4
   4.07 0.003602  87.84   14.6
   4.08 0.003610  88.03   14.9
   4.09 0.003618  88.24   15.2
   4.10 0.003625  88.41   15.4
   4.11 0.003632  88.58   15.4
   4.12 0.003640  88.77   15.4
   4.13 0.003648  88.96   15.3
   4.14 0.003655  89.13   15.1
   4.16 0.003663  89.32   15.1
   4.17 0.003670  89.51   15.1
   4.18 0.003677  89.67   15.0
   4.19 0.003683  89.82   14.9
   4.20 0.003690  89.98   14.7
   4.21 0.003697  90.16   14.4
   4.22 0.003705  90.36   14.4
   4.23 0.003710  90.48   14.2
   4.25 0.003718  90.68   14.1
   4.26 0.003724  90.82   13.9
   4.27 0.003733  91.03   13.9
   4.28 0.003740  91.20   13.9
   4.29 0.003744  91.31   13.7
   4.30 0.003752  91.50   13.8
   4.31 0.003758  91.65   13.7
   4.32 0.003765  91.82   13.6
   4.34 0.003771  91.97   13.5
   4.35 0.003776  92.09   13.2
   4.36 0.003783  92.24   13.1
   4.37 0.003789  92.41   12.9
   4.38 0.003795  92.54   12.7
   4.39 0.003801  92.70   12.4
   4.40 0.003805  92.80   12.2
   4.41 0.003813  92.98   12.2
   4.43 0.003820  93.16   12.1
   4.44 0.003827  93.32   12.2
   4.45 0.003834  93.49   12.3
   4.46 0.003839  93.63   12.5
   4.47 0.003845  93.77   12.6
   4.48 0.003849  93.86   12.4
   4.49 0.003855  94.00   12.3
   4.50 0.003862  94.19   12.3
   4.51 0.003869  94.36   12.3
   4.53 0.003874  94.47   12.2
   4.54 0.003877  94.54   11.7
