Datos generados por TERE.BAS el 06-14-2007
 t[min] T[§C] V[§C/min]
   0.00 0.000689  16.80   53.0
   0.01 0.000689  16.80   96.4
   0.02 0.000688  16.79  130.0
   0.03 0.000689  16.79  154.1
   0.04 0.000688  16.79  168.5
   0.06 0.000688  16.79  173.3
   0.07 0.000689  16.79  168.5
   0.08 0.000688  16.79  154.0
   0.09 0.000688  16.79  129.9
   0.10 0.000689  16.79   96.2
   0.11 0.000688  16.78   52.9
   0.12 0.000688  16.78   -0.1
   0.13 0.000688  16.78   -0.1
   0.14 0.000688  16.78   -0.1
   0.16 0.000688  16.77   -0.1
   0.17 0.000688  16.77   -0.1
   0.18 0.000688  16.77   -0.1
   0.19 0.000688  16.77   -0.1
   0.20 0.000688  16.76   -0.2
   0.21 0.000688  16.76   -0.2
   0.22 0.000688  16.77   -0.2
   0.23 0.000687  16.76   -0.1
   0.24 0.000687  16.76   -0.1
   0.26 0.000688  16.76   -0.1
   0.27 0.000688  16.77   -0.1
   0.28 0.000690  16.82    0.1
   0.29 0.000691  16.86    0.4
   0.30 0.000726  17.69    3.2
   0.31 0.000753  18.37    7.7
   0.32 0.000767  18.69   12.3
   0.33 0.000765  18.65   15.6
   0.34 0.000766  18.68   17.9
   0.36 0.000779  18.99   20.1
   0.37 0.000802  19.56   22.8
   0.38 0.000834  20.34   26.4
   0.39 0.000944  23.01   36.3
   0.40 0.001016  24.77   48.2
   0.41 0.001279  31.19   76.0
   0.42 0.001741  42.46  131.2
   0.43 0.001807  44.07  179.9
   0.44 0.001953  47.63  227.3
   0.45 0.002192  53.46  277.5
   0.47 0.002352  57.35  319.8
   0.48 0.002515  61.34  352.7
   0.49 0.002920  71.21  393.3
   0.50 0.002832  69.06  399.4
   0.51 0.002890  70.48  384.5
   0.52 0.003007  73.33  359.8
   0.53 0.003126  76.24  321.9
   0.54 0.003362  81.99  296.6
   0.56 0.003447  84.06  290.7
   0.57 0.004511 110.02  348.8
   0.58 0.004560 111.22  386.1
   0.59 0.004596 112.08  411.5
   0.60 0.004697 114.54  425.4
   0.61 0.004748 115.79  425.4
   0.62 0.004792 116.87  434.4
   0.63 0.004829 117.77  412.0
   0.64 0.004861 118.55  369.4
   0.66 0.004890 119.27  312.2
   0.67 0.004916 119.90  241.4
   0.68 0.004943 120.56  169.1
   0.69 0.004968 121.16   84.3
   0.70 0.004992 121.74   76.9
   0.71 0.005018 122.39   69.2
   0.72 0.005041 122.95   60.1
   0.73 0.005068 123.61   56.0
   0.74 0.005093 124.22   53.3
   0.76 0.005114 124.73   51.4
   0.77 0.005132 125.17   49.8
   0.78 0.005157 125.77   48.7
   0.79 0.005178 126.29   47.7
   0.80 0.005199 126.79   46.7
   0.81 0.005218 127.25   45.6
   0.82 0.005239 127.78   44.6
   0.83 0.005257 128.21   43.3
   0.84 0.005274 128.62   42.0
   0.85 0.005293 129.09   40.8
   0.87 0.005309 129.48   39.7
   0.88 0.005320 129.76   38.4
   0.89 0.005313 129.57   35.2
   0.90 0.005326 129.90   31.9
   0.91 0.005343 130.32   29.5
   0.92 0.005361 130.76   27.8
   0.93 0.005377 131.15   26.6
   0.94 0.005387 131.40   25.4
   0.96 0.005399 131.67   24.6
   0.97 0.005386 131.36   22.3
   0.98 0.005405 131.82   21.1
   0.99 0.005419 132.17   20.9
   1.00 0.005434 132.52   21.6
   1.01 0.005446 132.83   22.5
   1.02 0.005446 132.82   20.9
   1.03 0.005457 133.10   19.6
   1.04 0.005474 133.50   19.3
   1.06 0.005489 133.88   20.0
   1.07 0.005499 134.11   21.1
   1.08 0.005505 134.27   21.8
   1.09 0.005339 130.21    9.2
   1.10 0.005351 130.52   -2.8
   1.11 0.005365 130.84  -11.6
   1.12 0.005379 131.19  -17.4
   1.13 0.005392 131.50  -20.3
   1.15 0.005404 131.80  -20.6
   1.16 0.005412 131.99  -19.7
   1.17 0.005419 132.17  -16.8
   1.18 0.005431 132.47  -10.8
   1.19 0.005444 132.78   -1.9
   1.20 0.005456 133.06    9.4
   1.21 0.005467 133.35   22.8
   1.22 0.005475 133.53   22.2
   1.23 0.005486 133.81   21.7
   1.25 0.005496 134.05   21.2
   1.26 0.005502 134.19   20.7
   1.27 0.005584 136.20   26.0
   1.28 0.005596 136.47   30.5
   1.29 0.005605 136.72   33.8
   1.30 0.005613 136.90   35.7
   1.31 0.005623 137.14   36.7
   1.32 0.005631 137.33   36.8
   1.33 0.005639 137.52   36.0
   1.35 0.005643 137.62   34.0
   1.36 0.005639 137.54   29.9
   1.37 0.005642 137.60   24.8
   1.38 0.005654 137.89   19.3
   1.39 0.005670 138.29   13.4
   1.40 0.005677 138.47   13.2
   1.41 0.005686 138.67   13.4
   1.42 0.005691 138.80   13.6
   1.44 0.005697 138.95   13.8
   1.45 0.005700 139.03   13.9
   1.46 0.005709 139.24   14.3
   1.47 0.005711 139.29   14.6
   1.48 0.005720 139.51   14.8
   1.49 0.005726 139.66   14.1
   1.50 0.005735 139.88   13.2
   1.51 0.005738 139.94   12.2
   1.52 0.005744 140.09   12.0
   1.54 0.005750 140.25   11.9
   1.55 0.005759 140.46   12.2
   1.56 0.005763 140.56   12.4
   1.57 0.005770 140.72   12.5
   1.58 0.005774 140.84   12.3
   1.59 0.005783 141.06   12.6
   1.60 0.005789 141.20   12.4
   1.61 0.005790 141.21   12.1
   1.63 0.005792 141.28   11.5
   1.64 0.005797 141.40   11.1
   1.65 0.005805 141.58   10.7
   1.66 0.005812 141.75   10.5
   1.67 0.005818 141.90   10.4
   1.68 0.005824 142.05   10.5
   1.69 0.005831 142.21   10.7
   1.71 0.005832 142.23   10.5
   1.72 0.005839 142.42   10.6
   1.73 0.005845 142.55   10.9
   1.74 0.005849 142.66   11.3
   1.75 0.005852 142.73   11.1
   1.76 0.005856 142.82   10.5
   1.77 0.005859 142.90    9.8
   1.78 0.005864 143.02    9.3
   1.79 0.005870 143.17    9.1
   1.81 0.005872 143.23    8.7
   1.82 0.005878 143.36    8.6
   1.83 0.005883 143.49    8.8
   1.84 0.005888 143.61    8.6
   1.85 0.005895 143.77    8.9
   1.86 0.005902 143.94    9.5
   1.87 0.005906 144.06   10.0
   1.88 0.005908 144.11   10.1
   1.90 0.005911 144.18   10.0
   1.91 0.005910 144.14    9.3
   1.92 0.005910 144.15    8.4
   1.93 0.005916 144.28    7.8
   1.94 0.005920 144.38    7.1
   1.95 0.005922 144.43    6.4
   1.96 0.005924 144.49    5.7
   1.97 0.005929 144.60    5.3
   1.99 0.005936 144.77    5.4
   2.00 0.005934 144.73    5.5
   2.01 0.005936 144.77    5.7
   2.02 0.005935 144.76    5.6
   2.03 0.005946 145.01    6.2
   2.04 0.005956 145.26    6.9
   2.05 0.005957 145.30    7.2
   2.06 0.005958 145.31    7.3
   2.08 0.005960 145.38    7.4
   2.09 0.005962 145.42    7.3
   2.10 0.005972 145.66    7.6
   2.11 0.005976 145.75    7.9
   2.12 0.005977 145.79    8.3
   2.13 0.005979 145.84    8.2
   2.14 0.005985 145.96    7.9
   2.15 0.005988 146.05    7.2
   2.16 0.005990 146.09    6.9
   2.18 0.005990 146.09    6.8
   2.19 0.005991 146.12    6.5
   2.20 0.005997 146.26    6.2
   2.21 0.006002 146.39    6.0
   2.22 0.006002 146.38    5.4
   2.23 0.006005 146.47    5.4
   2.24 0.006010 146.58    5.6
   2.26 0.006017 146.75    6.0
   2.27 0.006010 146.60    5.6
   2.28 0.006018 146.78    5.8
   2.29 0.006026 146.97    6.4
   2.30 0.006031 147.10    7.1
   2.31 0.006035 147.19    7.4
   2.32 0.006038 147.28    7.6
   2.33 0.006040 147.32    7.7
   2.35 0.006045 147.44    8.0
   2.36 0.006048 147.51    8.0
   2.37 0.006045 147.44    7.4
   2.38 0.006047 147.48    6.9
   2.39 0.006046 147.46    6.3
   2.40 0.006046 147.47    4.8
   2.41 0.006046 147.47    3.5
   2.42 0.006046 147.47    2.5
   2.44 0.006045 147.43    1.6
   2.45 0.006056 147.71    1.7
   2.46 0.006055 147.69    1.7
   2.47 0.006056 147.72    1.8
   2.48 0.006062 147.86    2.6
   2.49 0.006068 148.01    3.8
   2.50 0.006073 148.13    4.9
   2.51 0.006080 148.29    6.2
   2.52 0.006086 148.44    7.5
   2.54 0.006091 148.55    8.6
   2.55 0.006092 148.58    9.1
   2.56 0.006087 148.45    8.7
   2.57 0.006090 148.54    7.7
   2.58 0.006087 148.46    7.0
   2.59 0.006086 148.44    5.6
   2.60 0.006092 148.58    4.4
   2.61 0.006097 148.70    3.6
   2.63 0.006104 148.87    3.4
   2.64 0.006108 148.97    3.5
   2.65 0.006109 149.00    3.8
   2.66 0.006113 149.09    4.6
   2.67 0.006116 149.17    5.6
   2.68 0.006115 149.14    6.2
   2.69 0.006114 149.12    6.1
   2.70 0.006113 149.10    5.8
   2.72 0.006110 149.03    4.6
   2.73 0.006111 149.04    3.1
   2.74 0.006111 149.04    1.8
   2.75 0.006110 149.04    0.6
   2.76 0.006112 149.08    0.0
   2.77 0.006122 149.31    0.4
   2.78 0.006123 149.34    0.8
   2.79 0.006121 149.29    1.3
   2.81 0.006120 149.27    1.8
   2.82 0.006126 149.41    2.5
   2.83 0.006133 149.59    3.7
   2.84 0.006140 149.75    5.0
   2.85 0.006138 149.72    5.5
   2.86 0.006142 149.81    6.0
   2.87 0.006145 149.88    6.2
   2.88 0.006143 149.83    5.9
   2.90 0.006139 149.72    4.8
   2.91 0.006138 149.71    4.3
   2.92 0.006142 149.80    3.9
   2.93 0.006145 149.88    3.2
   2.94 0.006149 149.99    2.6
   2.95 0.006148 149.94    1.9
   2.96 0.006149 149.97    1.6
   2.97 0.006151 150.02    1.9
   2.99 0.006152 150.05    2.0
   3.00 0.006152 150.04    2.2
   3.01 0.006159 150.21    3.1
   3.02 0.006164 150.35    4.1
   3.03 0.006162 150.29    4.1
   3.04 0.006161 150.27    3.7
   3.05 0.006160 150.24    3.3
   3.06 0.006162 150.29    3.0
   3.07 0.006164 150.34    3.1
   3.09 0.006162 150.31    2.7
   3.10 0.006162 150.29    2.1
   3.11 0.006161 150.27    1.5
   3.12 0.006163 150.31    1.0
   3.13 0.006161 150.26    0.1
   3.14 0.006158 150.20   -0.4
   3.15 0.006161 150.27   -0.2
   3.17 0.006165 150.36    0.1
   3.18 0.006164 150.34    0.2
   3.19 0.006163 150.32    0.1
   3.20 0.006170 150.50    0.7
   3.21 0.006172 150.54    1.5
   3.22 0.006176 150.64    2.4
   3.23 0.006182 150.78    3.5
   3.24 0.006186 150.88    4.5
   3.26 0.006190 150.98    5.7
   3.27 0.006191 151.01    6.4
   3.28 0.006192 151.02    6.4
   3.29 0.006193 151.05    6.3
   3.30 0.006193 151.04    6.1
   3.31 0.006192 151.03    5.4
   3.32 0.006188 150.93    3.9
   3.33 0.006186 150.89    2.6
   3.34 0.006184 150.84    1.1
   3.36 0.006188 150.92    0.0
   3.37 0.006188 150.92   -0.7
   3.38 0.006189 150.95   -1.0
   3.39 0.006197 151.14   -0.4
   3.40 0.006198 151.17    0.3
   3.41 0.006199 151.19    1.1
   3.42 0.006200 151.22    1.9
   3.44 0.006201 151.25    2.7
   3.45 0.006210 151.46    4.1
   3.46 0.006213 151.53    5.0
   3.47 0.006212 151.51    5.3
   3.48 0.006212 151.51    5.1
   3.49 0.006217 151.63    5.2
   3.50 0.006214 151.56    4.6
   3.51 0.006208 151.42    3.4
   3.53 0.006216 151.60    3.2
   3.54 0.006215 151.58    2.8
   3.55 0.006211 151.49    1.9
   3.56 0.006211 151.48    0.9
   3.57 0.006215 151.59    0.3
   3.58 0.006213 151.54    0.0
   3.59 0.006202 151.26   -0.9
   3.60 0.006202 151.26   -1.7
   3.62 0.006197 151.15   -2.7
   3.63 0.006200 151.21   -2.9
   3.64 0.006209 151.45   -2.3
   3.65 0.006217 151.65   -1.6
   3.66 0.006223 151.78    0.1
   3.67 0.006223 151.79    1.6
   3.68 0.006220 151.71    2.5
   3.69 0.006214 151.57    2.7
   3.71 0.006211 151.49    3.0
   3.72 0.006206 151.37    2.8
   3.73 0.006209 151.45    2.0
   3.74 0.006220 151.71    1.8
   3.75 0.006222 151.75    1.1
   3.76 0.006224 151.79    0.4
   3.77 0.006223 151.78    0.2
   3.78 0.006213 151.53   -0.2
   3.80 0.006219 151.70    0.5
   3.81 0.006222 151.76    1.4
   3.82 0.006222 151.76    2.1
   3.83 0.006224 151.82    2.5
   3.84 0.006229 151.92    2.6
   3.85 0.006231 151.97    2.3
   3.86 0.006231 151.98    1.9
   3.87 0.006228 151.89    2.0
   3.89 0.006226 151.85    1.9
   3.90 0.006224 151.82    1.9
   3.91 0.006220 151.71    1.4
   3.92 0.006217 151.64   -0.1
   3.93 0.006217 151.65   -1.1
   3.94 0.006219 151.69   -1.7
   3.95 0.006223 151.78   -2.0
   3.96 0.006224 151.80   -2.0
   3.98 0.006217 151.65   -2.1
   3.99 0.006216 151.62   -1.9
   4.00 0.006213 151.54   -1.8
   4.01 0.006211 151.49   -1.9
   4.02 0.006207 151.38   -2.2
   4.03 0.006178 150.68   -4.6
   4.04 0.006172 150.55   -7.2
   4.05 0.006123 149.35  -13.2
   4.07 0.006121 149.30  -17.9
   4.08 0.006131 149.53  -20.5
   4.09 0.006121 149.30  -22.2
   4.10 0.006112 149.08  -23.1
   4.11 0.006141 149.78  -20.8
   4.12 0.006156 150.15  -16.3
   4.13 0.006170 150.49  -10.2
   4.14 0.006176 150.64   -3.3
   4.16 0.006184 150.83    4.4
   4.17 0.006190 150.97   10.2
   4.18 0.006187 150.89   15.1
   4.19 0.006188 150.92   15.3
   4.20 0.006194 151.08   15.1
   4.21 0.006196 151.11   14.7
   4.22 0.006196 151.12   12.6
   4.23 0.006198 151.16    8.8
   4.24 0.006199 151.19    6.5
   4.26 0.006202 151.26    5.0
   4.27 0.006197 151.14    3.7
   4.28 0.006192 151.03    2.2
   4.29 0.006191 151.00    1.2
   4.30 0.006193 151.05    0.8
   4.31 0.006182 150.78   -0.9
   4.32 0.006163 150.32   -3.8
   4.34 0.006163 150.33   -5.8
   4.35 0.006162 150.31   -7.3
   4.36 0.006167 150.43   -7.8
   4.37 0.006176 150.62   -7.3
   4.38 0.006190 150.98   -5.2
   4.39 0.006189 150.95   -2.8
   4.40 0.006193 151.04   -0.4
   4.41 0.006198 151.17    2.1
   4.43 0.006192 151.04    4.0
   4.44 0.006194 151.08    6.1
   4.45 0.006158 150.21    4.5
   4.46 0.006070 148.05   -5.3
   4.47 0.005964 145.46  -22.0
   4.48 0.005868 143.13  -43.3
   4.49 0.005772 140.79  -67.4
   4.50 0.005636 137.45  -95.8
   4.51 0.005485 133.78 -126.9
   4.53 0.005329 129.97 -160.2
   4.54 0.005187 126.51 -192.1
   4.55 0.005048 123.12 -220.1
   4.56 0.004877 118.94 -245.7
   4.57 0.004719 115.09 -264.9
   4.58 0.004587 111.87 -276.9
   4.59 0.004460 108.76 -284.7
   4.60 0.004319 105.34 -290.4
   4.62 0.004190 102.20 -291.7
   4.63 0.004070  99.26 -287.6
   4.64 0.003952  96.38 -281.2
   4.65 0.003837  93.56 -273.7
   4.66 0.003722  90.76 -266.3
   4.67 0.003609  88.02 -257.9
   4.68 0.003499  85.33 -248.5
   4.70 0.003391  82.69 -241.4
   4.71 0.003285  80.10 -236.1
   4.72 0.003179  77.54 -230.7
   4.73 0.003077  75.04 -225.1
   4.74 0.002977  72.60 -220.7
   4.75 0.002878  70.17 -216.8
   4.76 0.002780  67.80 -213.0
   4.77 0.002685  65.48 -209.2
   4.78 0.002592  63.21 -205.4
   4.80 0.002500  60.96 -201.7
   4.81 0.002410  58.78 -197.9
   4.82 0.002322  56.62 -194.3
   4.83 0.002235  54.50 -190.7
   4.84 0.002150  52.43 -187.1
   4.85 0.002066  50.37 -183.8
   4.86 0.001983  48.36 -180.4
   4.87 0.001902  46.38 -177.2
   4.89 0.001823  44.44 -174.0
   4.90 0.001744  42.53 -171.0
   4.91 0.001667  40.66 -168.0
   4.92 0.001592  38.83 -165.0
   4.93 0.001518  37.01 -162.2
   4.94 0.001445  35.25 -159.3
   4.95 0.001374  33.50 -156.5
   4.96 0.001304  31.79 -153.7
   4.98 0.001234  30.10 -151.0
   4.99 0.001166  28.44 -148.4
   5.00 0.001100  26.81 -145.8
   5.01 0.001034  25.22 -143.2
   5.02 0.000970  23.66 -140.7
   5.03 0.000907  22.11 -138.2
   5.04 0.000845  20.59 -135.8
   5.05 0.000783  19.10 -133.5
   5.07 0.000723  17.64 -131.2
   5.08 0.000665  16.20 -128.9
   5.09 0.000606  14.78 -126.7
   5.10 0.000550  13.40 -124.4
   5.11 0.000493  12.03 -122.3
   5.12 0.000438  10.69 -120.2
   5.13 0.000384   9.36 -118.2
   5.14 0.000331   8.07 -116.1
   5.16 0.000281   6.84 -114.0
   5.17 0.000232   5.66 -111.7
   5.18 0.000186   4.54 -109.1
   5.19 0.000142   3.45 -106.3
   5.20 0.000101   2.46 -103.2
   5.21 0.000063   1.54  -99.6
   5.22 0.000028   0.68  -95.6
   5.23 -.000006  -0.14  -91.2
   5.25 -.000037  -0.89  -86.5
   5.26 -.000064  -1.55  -81.5
   5.27 -.000083  -2.02  -76.0
   5.28 -.000099  -2.41  -69.9
   5.29 -.000111  -2.71  -63.4
   5.30 -.000125  -3.06  -56.8
   5.31 -.000141  -3.43  -50.7
   5.32 -.000159  -3.87  -45.4
   5.34 -.000179  -4.36  -41.2
   5.35 -.000201  -4.89  -38.1
   5.36 -.000224  -5.46  -36.4
   5.37 -.000247  -6.03  -36.0
   5.38 -.000273  -6.65  -37.0
   5.39 -.000299  -7.29  -39.1
   5.40 -.000327  -7.96  -41.8
   5.41 -.000354  -8.64  -44.7
   5.42 -.000383  -9.35  -47.4
   5.44 -.000413 -10.06  -49.8
   5.45 -.000442 -10.78  -51.8
   5.46 -.000473 -11.53  -53.7
   5.47 -.000503 -12.26  -55.3
   5.48 -.000534 -13.01  -56.7
   5.49 -.000565 -13.78  -58.0
   5.50 -.000596 -14.53  -59.0
   5.51 -.000627 -15.30  -59.9
   5.53 -.000659 -16.06  -60.6
   5.54 -.000690 -16.83  -61.2
   5.55 -.000722 -17.60  -61.7
   5.56 -.000753 -18.36  -62.0
   5.57 -.000784 -19.12  -62.3
   5.58 -.000815 -19.87  -62.4
   5.59 -.000846 -20.63  -62.5
   5.60 -.000877 -21.37  -62.4
   5.62 -.000907 -22.12  -62.3
   5.63 -.000937 -22.85  -62.1
   5.64 -.000968 -23.59  -61.9
   5.65 -.000997 -24.31  -61.5
   5.66 -.001028 -25.05  -61.3
   5.67 -.001056 -25.75  -60.9
   5.68 -.001085 -26.46  -60.5
   5.69 -.001114 -27.16  -60.0
   5.71 -.001142 -27.86  -59.6
   5.72 -.001170 -28.53  -59.0
   5.73 -.001198 -29.21  -58.5
   5.74 -.001225 -29.88  -57.9
   5.75 -.001252 -30.53  -57.3
   5.76 -.001279 -31.19  -56.6
   5.77 -.001306 -31.83  -56.0
   5.78 -.001332 -32.48  -55.4
   5.80 -.001358 -33.10  -54.8
   5.81 -.001383 -33.72  -54.1
   5.82 -.001408 -34.34  -53.5
   5.83 -.001433 -34.95  -52.9
   5.84 -.001458 -35.55  -52.3
   5.85 -.001482 -36.14  -51.7
   5.86 -.001506 -36.71  -51.0
   5.87 -.001530 -37.29  -50.4
   5.89 -.001553 -37.86  -49.7
   5.90 -.001576 -38.42  -49.1
   5.91 -.001598 -38.97  -48.4
   5.92 -.001621 -39.51  -47.8
   5.93 -.001643 -40.06  -47.2
   5.94 -.001665 -40.59  -46.5
   5.95 -.001686 -41.12  -45.9
   5.96 -.001708 -41.64  -45.4
   5.97 -.001729 -42.16  -44.8
   5.99 -.001750 -42.66  -44.3
   6.00 -.001770 -43.17  -43.8
   6.01 -.001790 -43.65  -43.2
   6.02 -.001811 -44.14  -42.7
   6.03 -.001830 -44.63  -42.2
   6.04 -.001849 -45.09  -41.6
   6.05 -.001869 -45.56  -41.0
   6.06 -.001888 -46.02  -40.5
   6.08 -.001906 -46.47  -39.9
   6.09 -.001924 -46.92  -39.3
   6.10 -.001943 -47.36  -38.8
   6.11 -.001960 -47.79  -38.2
   6.12 -.001978 -48.22  -37.7
   6.13 -.001995 -48.65  -37.2
   6.14 -.002013 -49.07  -36.7
   6.15 -.002029 -49.48  -36.2
   6.17 -.002046 -49.90  -35.8
   6.18 -.002063 -50.30  -35.3
   6.19 -.002079 -50.69  -34.8
   6.20 -.002095 -51.09  -34.4
   6.21 -.002111 -51.47  -34.0
   6.22 -.002127 -51.85  -33.5
   6.23 -.002142 -52.23  -33.1
   6.25 -.002158 -52.60  -32.6
   6.26 -.002173 -52.97  -32.2
   6.27 -.002187 -53.32  -31.7
   6.28 -.002202 -53.68  -31.3
   6.29 -.002216 -54.04  -30.8
   6.30 -.002231 -54.38  -30.4
   6.31 -.002245 -54.73  -30.1
   6.32 -.002259 -55.06  -29.6
   6.33 -.002272 -55.40  -29.3
   6.35 -.002286 -55.72  -28.9
   6.36 -.002299 -56.05  -28.5
   6.37 -.002312 -56.38  -28.1
   6.38 -.002325 -56.69  -27.8
   6.39 -.002338 -57.01  -27.5
   6.40 -.002351 -57.32  -27.1
   6.41 -.002363 -57.62  -26.7
   6.42 -.002376 -57.92  -26.4
   6.44 -.002388 -58.22  -26.0
   6.45 -.002400 -58.51  -25.7
   6.46 -.002412 -58.80  -25.4
   6.47 -.002423 -59.08  -25.0
   6.48 -.002435 -59.36  -24.7
   6.49 -.002446 -59.63  -24.3
   6.50 -.002457 -59.91  -24.0
   6.51 -.002469 -60.19  -23.6
   6.53 -.002479 -60.45  -23.3
   6.54 -.002490 -60.70  -23.0
   6.55 -.002501 -60.98  -22.7
   6.56 -.002511 -61.23  -22.4
   6.57 -.002522 -61.48  -22.1
   6.58 -.002532 -61.73  -21.9
   6.59 -.002542 -61.98  -21.6
   6.60 -.002552 -62.22  -21.3
   6.61 -.002562 -62.46  -21.0
   6.63 -.002572 -62.70  -20.8
   6.64 -.002581 -62.92  -20.5
   6.65 -.002591 -63.17  -20.2
   6.66 -.002600 -63.40  -20.0
   6.67 -.002609 -63.62  -19.7
   6.68 -.002619 -63.85  -19.5
   6.69 -.002628 -64.07  -19.3
   6.71 -.002637 -64.28  -19.0
   6.72 -.002645 -64.49  -18.8
   6.73 -.002654 -64.71  -18.6
   6.74 -.002663 -64.92  -18.4
   6.75 -.002671 -65.13  -18.1
   6.76 -.002680 -65.34  -17.9
   6.77 -.002688 -65.53  -17.6
   6.78 -.002696 -65.74  -17.4
   6.80 -.002704 -65.93  -17.2
   6.81 -.002712 -66.13  -17.0
   6.82 -.002720 -66.32  -16.8
   6.83 -.002728 -66.52  -16.6
   6.84 -.002736 -66.70  -16.4
   6.85 -.002743 -66.88  -16.2
   6.86 -.002751 -67.06  -16.0
   6.87 -.002758 -67.25  -15.8
   6.88 -.002766 -67.43  -15.6
   6.90 -.002772 -67.59  -15.4
   6.91 -.002780 -67.78  -15.2
   6.92 -.002787 -67.95  -15.0
   6.93 -.002793 -68.10  -14.8
   6.94 -.002801 -68.29  -14.6
   6.95 -.002807 -68.45  -14.4
   6.96 -.002814 -68.60  -14.2
   6.97 -.002821 -68.77  -14.1
   6.99 -.002827 -68.93  -13.9
   7.00 -.002834 -69.10  -13.7
   7.01 -.002840 -69.25  -13.6
   7.02 -.002846 -69.40  -13.4
   7.03 -.002853 -69.55  -13.3
   7.04 -.002858 -69.69  -13.1
   7.05 -.002865 -69.85  -12.9
   7.06 -.002871 -69.99  -12.7
   7.08 -.002876 -70.13  -12.6
   7.09 -.002883 -70.28  -12.4
   7.10 -.002888 -70.42  -12.2
   7.11 -.002894 -70.55  -12.1
   7.12 -.002900 -70.70  -11.9
   7.13 -.002905 -70.83  -11.8
   7.14 -.002910 -70.96  -11.7
   7.15 -.002916 -71.10  -11.6
   7.16 -.002921 -71.21  -11.4
   7.18 -.002927 -71.36  -11.3
   7.19 -.002932 -71.48  -11.1
   7.20 -.002937 -71.60  -11.0
   7.21 -.002942 -71.73  -10.8
   7.22 -.002947 -71.86  -10.7
   7.23 -.002952 -71.97  -10.6
   7.24 -.002957 -72.10  -10.4
   7.25 -.002962 -72.22  -10.4
   7.27 -.002967 -72.34  -10.2
   7.28 -.002972 -72.45  -10.1
   7.29 -.002977 -72.57  -10.0
   7.30 -.002981 -72.68   -9.9
   7.31 -.002986 -72.79   -9.8
   7.32 -.002990 -72.90   -9.7
   7.33 -.002995 -73.01   -9.5
   7.35 -.003000 -73.13   -9.4
   7.36 -.003004 -73.23   -9.4
   7.37 -.003008 -73.33   -9.2
   7.38 -.003013 -73.45   -9.1
   7.39 -.003017 -73.55   -9.0
   7.40 -.003021 -73.64   -8.9
   7.41 -.003025 -73.75   -8.8
   7.42 -.003029 -73.85   -8.7
   7.43 -.003033 -73.95   -8.6
   7.45 -.003037 -74.05   -8.5
   7.46 -.003041 -74.14   -8.4
   7.47 -.003045 -74.24   -8.3
   7.48 -.003049 -74.34   -8.2
   7.49 -.003053 -74.42   -8.1
   7.50 -.003056 -74.51   -8.0
   7.51 -.003060 -74.61   -7.9
   7.52 -.003064 -74.71   -7.9
   7.54 -.003068 -74.79   -7.8
   7.55 -.003071 -74.88   -7.7
   7.56 -.003075 -74.97   -7.6
   7.57 -.003078 -75.05   -7.5
   7.58 -.003082 -75.13   -7.4
   7.59 -.003085 -75.22   -7.3
   7.60 -.003089 -75.31   -7.2
   7.61 -.003092 -75.38   -7.2
   7.63 -.003095 -75.46   -7.0
   7.64 -.003099 -75.55   -6.9
   7.65 -.003101 -75.61   -6.8
   7.66 -.003105 -75.69   -6.7
   7.67 -.003108 -75.77   -6.6
   7.68 -.003111 -75.85   -6.6
   7.69 -.003114 -75.93   -6.5
   7.70 -.003117 -75.98   -6.4
   7.72 -.003120 -76.07   -6.3
   7.73 -.003122 -76.12   -6.2
   7.74 -.003126 -76.21   -6.1
   7.75 -.003129 -76.28   -6.1
   7.76 -.003131 -76.34   -6.0
   7.77 -.003134 -76.41   -5.9
   7.78 -.003137 -76.49   -5.9
   7.79 -.003140 -76.56   -5.8
   7.81 -.003142 -76.61   -5.7
   7.82 -.003145 -76.69   -5.7
   7.83 -.003148 -76.75   -5.7
   7.84 -.003150 -76.81   -5.6
   7.85 -.003153 -76.88   -5.6
   7.86 -.003156 -76.94   -5.5
   7.87 -.003158 -76.99   -5.4
   7.88 -.003161 -77.06   -5.3
   7.90 -.003163 -77.12   -5.2
   7.91 -.003166 -77.18   -5.2
   7.92 -.003168 -77.24   -5.1
   7.93 -.003171 -77.30   -5.1
   7.94 -.003173 -77.37   -5.0
   7.95 -.003175 -77.41   -5.0
   7.96 -.003177 -77.46   -4.9
   7.97 -.003180 -77.53   -4.8
   7.99 -.003182 -77.57   -4.8
   8.00 -.003184 -77.63   -4.7
   8.01 -.003186 -77.69   -4.6
   8.02 -.003189 -77.74   -4.6
   8.03 -.003191 -77.79   -4.5
   8.04 -.003193 -77.84   -4.5
   8.05 -.003195 -77.89   -4.4
   8.06 -.003197 -77.94   -4.3
   8.07 -.003199 -77.99   -4.3
   8.09 -.003201 -78.03   -4.2
   8.10 -.003203 -78.08   -4.2
   8.11 -.003205 -78.14   -4.2
   8.12 -.003207 -78.18   -4.1
   8.13 -.003208 -78.22   -4.0
   8.14 -.003210 -78.27   -4.0
   8.15 -.003213 -78.32   -4.0
   8.16 -.003214 -78.36   -3.9
   8.18 -.003216 -78.41   -3.9
   8.19 -.003218 -78.46   -3.9
   8.20 -.003220 -78.50   -3.8
   8.21 -.003222 -78.54   -3.8
   8.22 -.003223 -78.58   -3.7
   8.23 -.003225 -78.63   -3.7
   8.24 -.003227 -78.67   -3.7
   8.25 -.003229 -78.72   -3.6
   8.27 -.003230 -78.75   -3.5
   8.28 -.003232 -78.80   -3.5
   8.29 -.003232 -78.81   -3.4
   8.30 -.003235 -78.87   -3.3
   8.31 -.003237 -78.91   -3.3
   8.32 -.003238 -78.94   -3.3
   8.33 -.003240 -78.98   -3.3
   8.34 -.003241 -79.03   -3.3
   8.36 -.003242 -79.05   -3.2
   8.37 -.003244 -79.10   -3.2
   8.38 -.003246 -79.13   -3.1
   8.39 -.003247 -79.16   -3.1
   8.40 -.003248 -79.20   -3.1
   8.41 -.003249 -79.22   -3.0
   8.42 -.003251 -79.27   -2.9
   8.43 -.003253 -79.31   -2.9
   8.45 -.003254 -79.34   -2.9
   8.46 -.003256 -79.38   -2.9
   8.47 -.003257 -79.41   -2.9
   8.48 -.003258 -79.44   -2.9
   8.49 -.003261 -79.49   -2.9
   8.50 -.003262 -79.52   -3.0
   8.51 -.003263 -79.54   -2.9
   8.52 -.003264 -79.58   -2.9
   8.54 -.003265 -79.61   -2.9
   8.55 -.003267 -79.64   -2.8
   8.56 -.003268 -79.67   -2.7
   8.57 -.003269 -79.70   -2.7
   8.58 -.003270 -79.73   -2.6
   8.59 -.003272 -79.77   -2.6
   8.60 -.003273 -79.79   -2.5
   8.61 -.003274 -79.82   -2.5
   8.63 -.003275 -79.84   -2.5
   8.64 -.003276 -79.88   -2.5
   8.65 -.003278 -79.91   -2.4
   8.66 -.003279 -79.94   -2.5
   8.67 -.003280 -79.96   -2.4
   8.68 -.003281 -79.99   -2.4
   8.69 -.003282 -80.01   -2.4
   8.70 -.003283 -80.05   -2.3
   8.71 -.003285 -80.08   -2.3
   8.73 -.003286 -80.11   -2.3
   8.74 -.003287 -80.13   -2.3
   8.75 -.003288 -80.15   -2.3
   8.76 -.003289 -80.18   -2.2
   8.77 -.003290 -80.20   -2.2
   8.78 -.003291 -80.23   -2.2
   8.79 -.003292 -80.25   -2.2
   8.80 -.003293 -80.27   -2.1
   8.82 -.003294 -80.30   -2.1
   8.83 -.003295 -80.32   -2.0
   8.84 -.003296 -80.35   -2.0
   8.85 -.003296 -80.37   -2.0
   8.86 -.003297 -80.39   -2.0
   8.87 -.003298 -80.41   -2.0
   8.88 -.003299 -80.43   -1.9
   8.90 -.003300 -80.46   -1.9
   8.91 -.003301 -80.47   -1.9
   8.92 -.003302 -80.50   -1.8
   8.93 -.003303 -80.53   -1.8
   8.94 -.003303 -80.54   -1.8
   8.95 -.003304 -80.56   -1.8
   8.96 -.003305 -80.58   -1.7
   8.97 -.003306 -80.60   -1.7
   8.98 -.003307 -80.62   -1.7
   9.00 -.003308 -80.64   -1.7
   9.01 -.003308 -80.65   -1.7
   9.02 -.003309 -80.67   -1.6
   9.03 -.003310 -80.70   -1.7
   9.04 -.003310 -80.70   -1.6
   9.05 -.003311 -80.72   -1.5
   9.06 -.003312 -80.74   -1.5
   9.07 -.003313 -80.77   -1.5
   9.09 -.003313 -80.78   -1.5
   9.10 -.003314 -80.79   -1.4
   9.11 -.003314 -80.80   -1.4
   9.12 -.003315 -80.82   -1.4
   9.13 -.003316 -80.85   -1.4
   9.14 -.003317 -80.86   -1.4
   9.15 -.003318 -80.88   -1.4
   9.16 -.003318 -80.88   -1.4
   9.18 -.003319 -80.91   -1.4
   9.19 -.003319 -80.93   -1.4
   9.20 -.003320 -80.95   -1.4
   9.21 -.003320 -80.95   -1.4
   9.22 -.003321 -80.98   -1.4
   9.23 -.003322 -80.99   -1.4
   9.24 -.003322 -81.00   -1.3
   9.25 -.003323 -81.02   -1.3
   9.27 -.003323 -81.02   -1.2
   9.28 -.003324 -81.05   -1.2
   9.29 -.003324 -81.05   -1.2
   9.30 -.003325 -81.07   -1.2
   9.31 -.003326 -81.09   -1.2
   9.32 -.003326 -81.09   -1.1
   9.33 -.003327 -81.11   -1.1
   9.34 -.003328 -81.13   -1.1
   9.36 -.003328 -81.14   -1.1
   9.37 -.003329 -81.15   -1.1
   9.38 -.003329 -81.16   -1.1
   9.39 -.003330 -81.18   -1.1
   9.40 -.003330 -81.19   -1.1
   9.41 -.003330 -81.19   -1.1
   9.42 -.003331 -81.21   -1.0
   9.43 -.003331 -81.22   -1.0
   9.45 -.003332 -81.24   -1.0
   9.46 -.003332 -81.23   -0.9
   9.47 -.003332 -81.24   -0.9
   9.48 -.003333 -81.26   -0.9
   9.49 -.003334 -81.27   -0.9
   9.50 -.003334 -81.28   -0.8
   9.51 -.003334 -81.29   -0.8
   9.52 -.003334 -81.29   -0.8
   9.53 -.003335 -81.31   -0.8
   9.55 -.003335 -81.31   -0.8
   9.56 -.003336 -81.32   -0.8
   9.57 -.003336 -81.32   -0.7
   9.58 -.003336 -81.34   -0.8
   9.59 -.003336 -81.34   -0.7
   9.60 -.003337 -81.35   -0.7
   9.61 -.003337 -81.36   -0.6
   9.62 -.003337 -81.37   -0.6
   9.64 -.003338 -81.37   -0.6
   9.65 -.003338 -81.39   -0.7
   9.66 -.003339 -81.40   -0.7
   9.67 -.003339 -81.40   -0.7
   9.68 -.003339 -81.41   -0.7
   9.69 -.003339 -81.42   -0.7
   9.70 -.003340 -81.43   -0.7
   9.72 -.003340 -81.42   -0.7
   9.73 -.003341 -81.44   -0.7
   9.74 -.003340 -81.44   -0.6
   9.75 -.003341 -81.46   -0.6
   9.76 -.003341 -81.46   -0.6
   9.77 -.003341 -81.46   -0.6
   9.78 -.003342 -81.48   -0.6
   9.79 -.003342 -81.48   -0.6
   9.80 -.003343 -81.49   -0.6
   9.82 -.003342 -81.49   -0.6
   9.83 -.003343 -81.50   -0.6
   9.84 -.003343 -81.51   -0.6
   9.85 -.003344 -81.52   -0.6
   9.86 -.003344 -81.52   -0.6
   9.87 -.003344 -81.52   -0.5
   9.88 -.003344 -81.53   -0.5
   9.89 -.003344 -81.53   -0.5
   9.91 -.003345 -81.54   -0.5
   9.92 -.003345 -81.54   -0.4
   9.93 -.003345 -81.54   -0.4
   9.94 -.003345 -81.55   -0.4
   9.95 -.003345 -81.56   -0.4
   9.96 -.003345 -81.56   -0.4
   9.97 -.003346 -81.57   -0.4
   9.98 -.003346 -81.57   -0.4
  10.00 -.003346 -81.57   -0.4
  10.01 -.003346 -81.58   -0.4
  10.02 -.003347 -81.59   -0.4
  10.03 -.003346 -81.58   -0.3
  10.04 -.003347 -81.60   -0.4
  10.05 -.003347 -81.60   -0.4
  10.06 -.003347 -81.59   -0.3
  10.07 -.003347 -81.61   -0.3
  10.09 -.003347 -81.61   -0.4
  10.10 -.003347 -81.61   -0.4
  10.11 -.003348 -81.62   -0.4
  10.12 -.003348 -81.62   -0.4
  10.13 -.003348 -81.61   -0.3
  10.14 -.003348 -81.63   -0.3
  10.15 -.003348 -81.64   -0.4
  10.16 -.003348 -81.63   -0.3
  10.18 -.003349 -81.64   -0.3
  10.19 -.003349 -81.65   -0.4
  10.20 -.003349 -81.64   -0.3
  10.21 -.003349 -81.65   -0.3
  10.22 -.003348 -81.63   -0.2
  10.23 -.003349 -81.65   -0.2
  10.24 -.003349 -81.65   -0.2
  10.25 -.003349 -81.66   -0.2
  10.27 -.003349 -81.66   -0.2
  10.28 -.003350 -81.67   -0.2
  10.29 -.003349 -81.66   -0.2
  10.30 -.003350 -81.67   -0.2
  10.31 -.003350 -81.67   -0.2
  10.32 -.003350 -81.67   -0.2
  10.33 -.003351 -81.70   -0.3
  10.34 -.003307 -80.61    3.0
  10.36 -.003211 -78.28   13.2
  10.37 -.003149 -76.77   26.2
  10.38 -.003083 -75.16   41.4
  10.39 -.002911 -70.98   66.1
  10.40 -.002058 -50.17  150.2
  10.41 -.001561 -38.05  254.5
  10.42 -.001239 -30.20  358.6
  10.43 -.000193  -4.71  513.5
  10.44 -.000428 -10.44  606.2
  10.46 -.000203  -4.96  675.4
  10.47 0.000133   3.24  726.3
  10.48 0.000313   7.63  746.4
  10.49 0.000321   7.82  725.2
  10.50 0.000389   9.49  665.6
  10.51 0.000551  13.44  574.9
  10.52 0.000760  18.54  465.1
  10.54 0.000991  24.16  399.2
  10.55 0.001208  29.45  352.6
  10.56 0.001414  34.47  312.4
  10.57 0.001611  39.28  345.2
  10.58 0.001797  43.83  345.8
  10.59 0.001976  48.19  349.5
  10.60 0.002147  52.35  366.4
  10.61 0.002309  56.31  384.0
  10.63 0.002465  60.11  386.3
  10.64 0.002611  63.67  376.1
  10.65 0.002748  67.02  360.2
  10.66 0.002881  70.25  342.7
  10.67 0.003008  73.34  326.3
  10.68 0.003127  76.26  310.5
  10.69 0.003238  78.97  295.2
  10.70 0.003345  81.58  280.6
  10.72 0.003444  83.98  266.2
  10.73 0.003538  86.29  252.3
  10.74 0.003629  88.49  239.0
  10.75 0.003715  90.60  226.4
  10.76 0.003796  92.57  214.5
  10.77 0.003872  94.42  203.2
  10.78 0.003946  96.24  192.4
  10.79 0.004014  97.89  182.1
  10.80 0.004079  99.49  172.5
  10.82 0.004143 101.03  163.6
  10.83 0.004201 102.45  155.2
  10.84 0.004257 103.83  147.3
  10.85 0.004310 105.12  139.7
  10.86 0.004363 106.42  132.7
  10.87 0.004413 107.62  126.1
  10.88 0.004458 108.72  119.9
  10.89 0.004502 109.79  114.0
  10.91 0.004549 110.94  108.8
  10.92 0.004594 112.05  104.4
  10.93 0.004636 113.07  100.3
  10.94 0.004675 114.01   96.4
  10.95 0.004710 114.87   92.6
  10.96 0.004743 115.68   88.8
  10.97 0.004775 116.46   84.9
  10.98 0.004805 117.19   81.0
  11.00 0.004834 117.89   77.1
  11.01 0.004862 118.57   73.4
  11.02 0.004889 119.24   69.5
  11.03 0.004915 119.88   65.6
  11.04 0.004938 120.44   62.0
  11.05 0.004959 120.95   58.6
  11.06 0.004981 121.48   55.6
  11.07 0.005001 121.96   52.9
  11.08 0.005019 122.42   50.2
  11.10 0.005038 122.87   47.7
  11.11 0.005055 123.29   45.2
  11.12 0.005073 123.71   42.9
  11.13 0.005087 124.08   40.6
  11.14 0.005102 124.43   38.5
  11.15 0.005115 124.76   36.4
  11.16 0.005128 125.07   34.6
  11.18 0.005140 125.36   32.8
  11.19 0.005152 125.65   31.0
  11.20 0.005163 125.93   29.4
  11.21 0.005174 126.19   27.8
  11.22 0.005185 126.45   26.3
  11.23 0.005195 126.69   25.0
  11.24 0.005203 126.90   23.7
  11.25 0.005211 127.09   22.5
  11.27 0.005219 127.30   21.4
  11.28 0.005227 127.49   20.3
  11.29 0.005236 127.70   19.4
  11.30 0.005243 127.86   18.5
  11.31 0.005251 128.06   17.7
  11.32 0.005258 128.23   16.9
  11.33 0.005263 128.36   16.2
  11.34 0.005270 128.52   15.5
  11.35 0.005275 128.65   14.8
  11.37 0.005280 128.77   14.2
  11.38 0.005286 128.91   13.6
  11.39 0.005290 129.02   12.8
  11.40 0.005295 129.14   12.1
  11.41 0.005298 129.22   11.4
  11.42 0.005304 129.35   10.8
  11.43 0.005308 129.45   10.2
  11.44 0.005311 129.53    9.7
  11.46 0.005315 129.62    9.3
  11.47 0.005318 129.70    8.8
  11.48 0.005321 129.78    8.4
  11.49 0.005325 129.87    8.1
  11.50 0.005328 129.96    7.7
  11.51 0.005331 130.02    7.5
  11.52 0.005334 130.08    7.1
  11.53 0.005336 130.14    6.8
  11.55 0.005339 130.22    6.5
  11.56 0.005342 130.28    6.2
  11.57 0.005344 130.33    6.0
  11.58 0.005345 130.37    5.7
  11.59 0.005347 130.41    5.3
  11.60 0.005350 130.47    5.0
  11.61 0.005352 130.53    4.8
  11.62 0.005354 130.58    4.6
  11.64 0.005356 130.63    4.5
  11.65 0.005358 130.69    4.4
  11.66 0.005359 130.70    4.2
  11.67 0.005361 130.75    4.0
  11.68 0.005364 130.81    4.0
  11.69 0.005364 130.83    3.9
  11.70 0.005365 130.86    3.7
  11.71 0.005367 130.89    3.6
  11.73 0.005368 130.93    3.3
  11.74 0.005370 130.98    3.2
  11.75 0.005373 131.04    3.2
  11.76 0.005374 131.08    3.2
  11.77 0.005375 131.09    3.1
  11.78 0.005375 131.08    3.0
  11.79 0.005376 131.12    2.8
  11.80 0.005377 131.13    2.6
  11.82 0.005377 131.15    2.5
  11.83 0.005378 131.16    2.3
  11.84 0.005380 131.21    2.1
  11.85 0.005382 131.25    2.0
  11.86 0.005382 131.26    1.9
  11.87 0.005384 131.31    1.9
  11.88 0.005386 131.37    2.1
  11.89 0.005388 131.41    2.4
  11.90 0.005390 131.45    2.7
  11.92 0.005391 131.49    2.9
  11.93 0.005393 131.53    3.1
  11.94 0.005394 131.56    3.2
  11.95 0.005395 131.59    3.3
  11.96 0.005396 131.60    3.1
  11.97 0.005396 131.60    2.9
  11.98 0.005395 131.57    2.5
  11.99 0.005395 131.59    2.1
  12.01 0.005397 131.62    1.7
  12.02 0.005396 131.62    1.4
  12.03 0.005397 131.63    1.1
  12.04 0.005397 131.62    0.8
  12.05 0.005396 131.61    0.5
  12.06 0.005396 131.62    0.4
  12.07 0.005397 131.62    0.3
  12.08 0.005397 131.62    0.2
  12.10 0.005397 131.63    0.3
  12.11 0.005398 131.65    0.4
  12.12 0.005399 131.67    0.4
  12.13 0.005400 131.70    0.5
  12.14 0.005400 131.71    0.7
  12.15 0.005400 131.70    0.8
  12.16 0.005400 131.71    0.9
  12.17 0.005401 131.72    1.0
  12.19 0.005401 131.73    1.0
  12.20 0.005402 131.75    1.0
  12.21 0.005402 131.75    1.0
  12.22 0.005401 131.73    0.8
  12.23 0.005402 131.76    0.7
  12.24 0.005403 131.78    0.7
  12.25 0.005403 131.78    0.6
  12.26 0.005403 131.77    0.6
  12.28 0.005402 131.76    0.5
  12.29 0.005402 131.76    0.4
  12.30 0.005402 131.74    0.2
  12.31 0.005401 131.73    0.0
  12.32 0.005401 131.73   -0.1
  12.33 0.005401 131.72   -0.2
  12.34 0.005401 131.73   -0.3
  12.35 0.005401 131.74   -0.4
  12.37 0.005402 131.75   -0.4
  12.38 0.005402 131.76   -0.2
  12.39 0.005402 131.75   -0.1
  12.40 0.005401 131.73   -0.1
  12.41 0.005400 131.70   -0.1
  12.42 0.005400 131.71   -0.1
  12.43 0.005400 131.71   -0.2
  12.44 0.005400 131.70   -0.3
  12.46 0.005400 131.71   -0.3
  12.47 0.005400 131.71   -0.4
  12.48 0.005400 131.71   -0.4
  12.49 0.005401 131.72   -0.4
  12.50 0.005400 131.71   -0.3
  12.51 0.005400 131.71   -0.2
  12.52 0.005401 131.72   -0.0
  12.53 0.005400 131.69    0.0
  12.54 0.005400 131.69   -0.1
  12.56 0.005402 131.74    0.1
  12.57 0.005402 131.76    0.2
  12.58 0.005400 131.71    0.1
  12.59 0.005399 131.69    0.0
  12.60 0.005399 131.69   -0.0
  12.61 0.005399 131.69   -0.1
  12.62 0.005399 131.69   -0.2
  12.63 0.005399 131.67   -0.3
  12.65 0.005398 131.66   -0.4
  12.66 0.005399 131.68   -0.4
  12.67 0.005399 131.67   -0.5
  12.68 0.005399 131.67   -0.6
  12.69 0.005399 131.68   -0.4
  12.70 0.005398 131.66   -0.2
  12.71 0.005398 131.66   -0.2
  12.73 0.005397 131.64   -0.3
  12.74 0.005398 131.65   -0.3
  12.75 0.005397 131.64   -0.3
  12.76 0.005397 131.64   -0.3
  12.77 0.005395 131.57   -0.5
  12.78 0.005285 128.90   -9.2
  12.79 0.005207 126.99  -22.2
  12.80 0.005093 124.20  -41.3
  12.82 0.004977 121.39  -65.1
  12.83 0.004856 118.42  -92.2
  12.84 0.004722 115.16 -122.1
  12.85 0.004610 112.43 -151.2
  12.86 0.004501 109.78 -177.7
  12.87 0.004397 107.24 -199.6
  12.88 0.004287 104.54 -216.1
  12.89 0.004176 101.84 -225.5
  12.90 0.004073  99.32 -226.1
  12.92 0.003968  96.76 -226.2
  12.93 0.003866  94.28 -222.9
  12.94 0.003763  91.77 -219.1
  12.95 0.003663  89.34 -214.8
  12.96 0.003562  86.86 -211.0
  12.97 0.003467  84.55 -208.6
  12.98 0.003376  82.32 -205.8
  12.99 0.003277  79.93 -203.2
  13.01 0.003187  77.71 -199.9
  13.02 0.003095  75.47 -196.8
  13.03 0.003005  73.27 -194.0
  13.04 0.002917  71.14 -191.0
  13.05 0.002830  69.01 -188.0
  13.06 0.002748  67.02 -184.7
  13.07 0.002665  64.99 -181.5
  13.08 0.002586  63.07 -178.1
  13.10 0.002504  61.06 -175.2
  13.11 0.002430  59.25 -171.8
  13.12 0.002353  57.38 -168.1
  13.13 0.002274  55.44 -165.2
  13.14 0.002201  53.68 -162.0
  13.15 0.002129  51.91 -159.0
  13.16 0.002059  50.20 -156.1
  13.17 0.001987  48.45 -153.3
  13.19 0.001914  46.68 -151.1
  13.20 0.001849  45.09 -148.5
  13.21 0.001780  43.40 -146.3
  13.22 0.001713  41.77 -144.0
  13.23 0.001648  40.18 -141.9
  13.24 0.001587  38.70 -139.3
  13.25 0.001524  37.17 -136.7
  13.26 0.001463  35.69 -134.4
  13.28 0.001400  34.15 -132.2
  13.29 0.001339  32.66 -130.2
  13.30 0.001277  31.14 -128.2
  13.31 0.001221  29.78 -126.1
  13.32 0.001164  28.38 -124.3
  13.33 0.001106  26.96 -122.4
  13.34 0.001049  25.58 -120.8
  13.35 0.000994  24.24 -119.3
  13.37 0.000941  22.94 -117.7
  13.38 0.000887  21.62 -116.0
  13.39 0.000835  20.37 -114.1
  13.40 0.000783  19.10 -112.0
  13.41 0.000733  17.87 -110.1
  13.42 0.000683  16.66 -108.3
  13.43 0.000635  15.49 -106.6
  13.44 0.000588  14.34 -104.6
  13.45 0.000545  13.28 -102.3
  13.47 0.000495  12.07 -100.5
  13.48 0.000454  11.08  -98.4
  13.49 0.000409   9.97  -96.5
  13.50 0.000360   8.79  -94.9
  13.51 0.000319   7.78  -93.4
  13.52 0.000279   6.80  -91.7
  13.53 0.000240   5.85  -89.9
  13.54 0.000206   5.03  -87.7
  13.56 0.000173   4.22  -85.2
  13.57 0.000139   3.40  -82.6
  13.58 0.000109   2.66  -79.6
  13.59 0.000079   1.93  -76.1
  13.60 0.000052   1.26  -72.8
  13.61 0.000022   0.55  -69.2
  13.62 -.000003  -0.06  -65.6
  13.63 -.000025  -0.62  -62.4
  13.65 -.000041  -1.01  -58.8
  13.66 -.000056  -1.36  -55.0
  13.67 -.000066  -1.60  -50.8
  13.68 -.000077  -1.89  -46.2
  13.69 -.000089  -2.18  -41.7
  13.70 -.000103  -2.52  -37.6
  13.71 -.000117  -2.85  -33.9
  13.72 -.000133  -3.24  -31.0
  13.74 -.000149  -3.63  -28.8
  13.75 -.000167  -4.07  -27.9
  13.76 -.000185  -4.51  -28.0
  13.77 -.000205  -5.00  -29.2
  13.78 -.000225  -5.48  -30.8
  13.79 -.000245  -5.98  -32.7
  13.80 -.000266  -6.48  -34.5
  13.81 -.000288  -7.01  -36.2
  13.83 -.000309  -7.54  -37.8
  13.84 -.000332  -8.09  -39.3
  13.85 -.000355  -8.66  -40.6
  13.86 -.000378  -9.22  -41.7
  13.87 -.000402  -9.79  -42.8
  13.88 -.000426 -10.39  -43.8
  13.89 -.000449 -10.94  -44.6
  13.90 -.000473 -11.52  -45.3
  13.92 -.000496 -12.11  -45.9
  13.93 -.000520 -12.69  -46.5
  13.94 -.000545 -13.28  -46.9
  13.95 -.000568 -13.85  -47.2
  13.96 -.000591 -14.42  -47.3
  13.97 -.000616 -15.01  -47.4
  13.98 -.000641 -15.62  -47.6
  13.99 -.000664 -16.20  -47.7
  14.01 -.000688 -16.76  -47.7
  14.02 -.000711 -17.33  -47.7
  14.03 -.000736 -17.94  -47.8
  14.04 -.000758 -18.48  -47.7
  14.05 -.000782 -19.08  -47.6
  14.06 -.000806 -19.65  -47.6
  14.07 -.000829 -20.21  -47.5
  14.08 -.000853 -20.79  -47.4
  14.09 -.000876 -21.36  -47.2
  14.11 -.000899 -21.92  -47.0
  14.12 -.000921 -22.47  -46.9
  14.13 -.000945 -23.03  -46.8
  14.14 -.000966 -23.56  -46.5
  14.15 -.000989 -24.12  -46.2
  14.16 -.001010 -24.64  -45.9
  14.17 -.001032 -25.16  -45.5
  14.18 -.001054 -25.69  -45.1
  14.20 -.001074 -26.20  -44.6
  14.21 -.001095 -26.69  -44.1
  14.22 -.001116 -27.20  -43.6
  14.23 -.001136 -27.69  -43.0
  14.24 -.001155 -28.16  -42.5
  14.25 -.001175 -28.66  -41.9
  14.26 -.001195 -29.14  -41.4
  14.27 -.001214 -29.61  -40.9
  14.29 -.001234 -30.08  -40.5
  14.30 -.001253 -30.56  -40.1
  14.31 -.001272 -31.01  -39.7
  14.32 -.001291 -31.48  -39.4
  14.33 -.001309 -31.92  -39.0
  14.34 -.001327 -32.36  -38.6
  14.35 -.001345 -32.78  -38.2
  14.36 -.001363 -33.23  -37.7
  14.37 -.001380 -33.64  -37.2
  14.39 -.001397 -34.07  -36.7
  14.40 -.001415 -34.50  -36.3
  14.41 -.001431 -34.90  -35.8
  14.42 -.001448 -35.31  -35.4
  14.43 -.001464 -35.70  -34.9
  14.44 -.001481 -36.11  -34.5
  14.45 -.001497 -36.49  -34.1
  14.46 -.001513 -36.89  -33.8
  14.48 -.001529 -37.28  -33.4
  14.49 -.001544 -37.64  -33.0
  14.50 -.001560 -38.03  -32.7
  14.51 -.001575 -38.39  -32.2
  14.52 -.001590 -38.76  -31.8
  14.53 -.001604 -39.11  -31.4
  14.54 -.001619 -39.48  -31.1
  14.55 -.001633 -39.82  -30.7
  14.57 -.001648 -40.17  -30.3
  14.58 -.001663 -40.53  -30.0
  14.59 -.001676 -40.87  -29.6
  14.60 -.001690 -41.20  -29.3
  14.61 -.001703 -41.53  -29.0
  14.62 -.001716 -41.85  -28.6
  14.63 -.001730 -42.18  -28.3
  14.64 -.001743 -42.50  -27.9
  14.66 -.001756 -42.81  -27.6
  14.67 -.001769 -43.12  -27.2
  14.68 -.001781 -43.43  -26.8
  14.69 -.001794 -43.74  -26.5
  14.70 -.001806 -44.04  -26.1
  14.71 -.001818 -44.33  -25.8
  14.72 -.001830 -44.63  -25.5
  14.73 -.001843 -44.92  -25.3
  14.75 -.001855 -45.22  -25.0
  14.76 -.001866 -45.49  -24.7
  14.77 -.001877 -45.76  -24.4
  14.78 -.001888 -46.04  -24.1
  14.79 -.001899 -46.30  -23.8
  14.80 -.001910 -46.58  -23.5
  14.81 -.001921 -46.85  -23.2
  14.82 -.001932 -47.10  -22.9
  14.84 -.001943 -47.36  -22.6
  14.85 -.001953 -47.62  -22.3
  14.86 -.001963 -47.87  -22.0
  14.87 -.001974 -48.13  -21.7
  14.88 -.001984 -48.36  -21.5
  14.89 -.001994 -48.61  -21.2
  14.90 -.002004 -48.85  -21.0
  14.91 -.002013 -49.09  -20.7
  14.93 -.002023 -49.33  -20.5
  14.94 -.002033 -49.56  -20.2
  14.95 -.002042 -49.78  -20.0
  14.96 -.002051 -50.02  -19.7
  14.97 -.002061 -50.24  -19.5
  14.98 -.002069 -50.45  -19.3
  14.99 -.002079 -50.68  -19.0
  15.00 -.002087 -50.89  -18.8
  15.01 -.002096 -51.10  -18.6
  15.03 -.002105 -51.32  -18.4
  15.04 -.002113 -51.53  -18.2
  15.05 -.002122 -51.74  -18.0
  15.06 -.002130 -51.92  -17.7
  15.07 -.002138 -52.13  -17.5
  15.08 -.002146 -52.33  -17.2
  15.09 -.002154 -52.52  -17.0
  15.10 -.002162 -52.71  -16.8
  15.12 -.002170 -52.91  -16.6
  15.13 -.002177 -53.09  -16.4
  15.14 -.002186 -53.29  -16.2
  15.15 -.002193 -53.46  -16.0
  15.16 -.002200 -53.64  -15.8
  15.17 -.002208 -53.83  -15.6
  15.18 -.002215 -54.01  -15.5
  15.19 -.002222 -54.18  -15.3
  15.21 -.002229 -54.36  -15.1
  15.22 -.002237 -54.53  -15.0
  15.23 -.002244 -54.71  -14.9
  15.24 -.002250 -54.86  -14.6
  15.25 -.002258 -55.04  -14.5
  15.26 -.002264 -55.20  -14.3
  15.27 -.002270 -55.36  -14.2
  15.28 -.002277 -55.53  -14.0
  15.29 -.002283 -55.67  -13.8
  15.31 -.002290 -55.83  -13.6
  15.32 -.002296 -55.99  -13.4
  15.33 -.002303 -56.14  -13.3
  15.34 -.002309 -56.29  -13.1
  15.35 -.002315 -56.44  -12.9
  15.36 -.002321 -56.59  -12.8
  15.37 -.002327 -56.73  -12.6
  15.38 -.002332 -56.86  -12.5
  15.40 -.002339 -57.02  -12.4
  15.41 -.002344 -57.16  -12.2
  15.42 -.002351 -57.31  -12.1
  15.43 -.002356 -57.44  -12.0
  15.44 -.002362 -57.58  -11.8
  15.45 -.002367 -57.71  -11.7
  15.46 -.002372 -57.82  -11.5
  15.47 -.002378 -57.97  -11.4
  15.49 -.002383 -58.09  -11.2
  15.50 -.002388 -58.22  -11.1
  15.51 -.002393 -58.35  -11.0
  15.52 -.002398 -58.46  -10.8
  15.53 -.002403 -58.59  -10.6
  15.54 -.002408 -58.71  -10.5
  15.55 -.002413 -58.83  -10.4
  15.56 -.002418 -58.95  -10.3
  15.58 -.002423 -59.06  -10.2
  15.59 -.002427 -59.18  -10.1
  15.60 -.002432 -59.29   -9.9
  15.61 -.002436 -59.39   -9.7
  15.62 -.002441 -59.51   -9.6
  15.63 -.002445 -59.62   -9.5
  15.64 -.002450 -59.73   -9.4
  15.65 -.002455 -59.84   -9.3
  15.67 -.002459 -59.94   -9.2
  15.68 -.002463 -60.05   -9.1
  15.69 -.002468 -60.16   -9.0
  15.70 -.002471 -60.26   -8.9
  15.71 -.002476 -60.37   -8.9
  15.72 -.002480 -60.46   -8.8
  15.73 -.002484 -60.57   -8.7
  15.74 -.002488 -60.66   -8.6
  15.76 -.002492 -60.75   -8.4
  15.77 -.002495 -60.84   -8.3
  15.78 -.002500 -60.94   -8.2
  15.79 -.002503 -61.03   -8.1
  15.80 -.002507 -61.12   -7.9
  15.81 -.002511 -61.21   -7.8
  15.82 -.002514 -61.30   -7.7
  15.83 -.002518 -61.39   -7.6
  15.85 -.002522 -61.48   -7.5
  15.86 -.002525 -61.57   -7.5
  15.87 -.002529 -61.65   -7.4
  15.88 -.002532 -61.74   -7.4
  15.89 -.002536 -61.82   -7.3
  15.90 -.002539 -61.90   -7.2
  15.91 -.002542 -61.97   -7.1
  15.92 -.002546 -62.06   -7.0
  15.93 -.002549 -62.15   -7.0
  15.95 -.002552 -62.23   -6.9
  15.96 -.002556 -62.31   -6.8
  15.97 -.002559 -62.39   -6.7
  15.98 -.002562 -62.46   -6.7
  15.99 -.002565 -62.53   -6.6
  16.00 -.002568 -62.61   -6.5
  16.01 -.002571 -62.69   -6.5
  16.02 -.002574 -62.76   -6.4
  16.04 -.002577 -62.84   -6.4
  16.05 -.002580 -62.91   -6.3
  16.06 -.002583 -62.98   -6.2
  16.07 -.002586 -63.06   -6.2
  16.08 -.002589 -63.13   -6.1
  16.09 -.002592 -63.20   -6.1
  16.10 -.002595 -63.27   -6.1
  16.11 -.002598 -63.33   -6.0
  16.13 -.002601 -63.41   -6.0
  16.14 -.002603 -63.47   -5.9
  16.15 -.002606 -63.53   -5.8
  16.16 -.002609 -63.60   -5.7
  16.17 -.002611 -63.67   -5.6
  16.18 -.002614 -63.74   -5.6
  16.19 -.002617 -63.79   -5.5
  16.20 -.002619 -63.85   -5.4
  16.21 -.002622 -63.92   -5.3
  16.23 -.002624 -63.98   -5.3
  16.24 -.002627 -64.04   -5.2
  16.25 -.002629 -64.10   -5.1
  16.26 -.002632 -64.16   -5.1
  16.27 -.002633 -64.21   -5.0
  16.28 -.002636 -64.26   -4.9
  16.29 -.002638 -64.33   -4.9
  16.30 -.002640 -64.38   -4.8
  16.32 -.002643 -64.43   -4.8
  16.33 -.002645 -64.48   -4.7
  16.34 -.002647 -64.55   -4.6
  16.35 -.002649 -64.59   -4.6
  16.36 -.002651 -64.64   -4.5
  16.37 -.002653 -64.69   -4.5
  16.38 -.002656 -64.76   -4.4
  16.40 -.002658 -64.81   -4.4
  16.41 -.002660 -64.85   -4.4
  16.42 -.002662 -64.90   -4.3
  16.43 -.002664 -64.94   -4.2
  16.44 -.002666 -64.99   -4.2
  16.45 -.002668 -65.04   -4.1
  16.46 -.002670 -65.09   -4.1
  16.47 -.002671 -65.13   -4.0
  16.48 -.002674 -65.18   -4.0
  16.50 -.002675 -65.22   -3.9
  16.51 -.002677 -65.26   -3.8
  16.52 -.002679 -65.31   -3.8
  16.53 -.002681 -65.35   -3.8
  16.54 -.002682 -65.39   -3.7
  16.55 -.002684 -65.44   -3.7
  16.56 -.002686 -65.48   -3.6
  16.57 -.002687 -65.52   -3.6
  16.59 -.002689 -65.56   -3.5
  16.60 -.002691 -65.60   -3.5
  16.61 -.002692 -65.64   -3.4
  16.62 -.002694 -65.68   -3.4
  16.63 -.002696 -65.72   -3.4
  16.64 -.002697 -65.76   -3.3
  16.65 -.002699 -65.80   -3.3
  16.66 -.002700 -65.83   -3.3
  16.68 -.002702 -65.87   -3.2
  16.69 -.002703 -65.91   -3.2
  16.70 -.002705 -65.94   -3.2
  16.71 -.002706 -65.98   -3.1
  16.72 -.002708 -66.02   -3.1
  16.73 -.002709 -66.05   -3.0
  16.74 -.002711 -66.09   -3.0
  16.75 -.002712 -66.12   -3.0
  16.77 -.002714 -66.16   -3.0
  16.78 -.002715 -66.19   -2.9
  16.79 -.002716 -66.22   -2.9
  16.80 -.002718 -66.26   -2.9
  16.81 -.002719 -66.29   -2.9
  16.82 -.002721 -66.33   -2.9
  16.83 -.002722 -66.36   -2.8
  16.84 -.002723 -66.39   -2.8
  16.85 -.002724 -66.42   -2.8
  16.87 -.002725 -66.44   -2.7
  16.88 -.002727 -66.48   -2.7
  16.89 -.002728 -66.52   -2.7
  16.90 -.002729 -66.54   -2.6
  16.91 -.002730 -66.57   -2.6
  16.92 -.002732 -66.60   -2.5
  16.93 -.002733 -66.63   -2.5
  16.94 -.002734 -66.66   -2.5
  16.96 -.002735 -66.68   -2.4
  16.97 -.002736 -66.71   -2.4
  16.98 -.002737 -66.73   -2.3
  16.99 -.002738 -66.76   -2.3
  17.00 -.002739 -66.79   -2.3
  17.01 -.002740 -66.81   -2.2
  17.02 -.002741 -66.84   -2.2
  17.03 -.002742 -66.85   -2.1
  17.05 -.002744 -66.89   -2.1
  17.06 -.002744 -66.91   -2.1
  17.07 -.002745 -66.93   -2.1
  17.08 -.002746 -66.96   -2.1
  17.09 -.002747 -66.98   -2.0
  17.10 -.002748 -67.00   -2.0
  17.11 -.002749 -67.02   -2.0
  17.12 -.002750 -67.05   -1.9
  17.14 -.002751 -67.07   -1.9
  17.15 -.002751 -67.08   -1.9
  17.16 -.002753 -67.11   -1.9
  17.17 -.002754 -67.13   -1.8
  17.18 -.002755 -67.17   -1.9
  17.19 -.002756 -67.18   -1.9
  17.20 -.002756 -67.20   -1.9
  17.21 -.002757 -67.22   -1.9
  17.23 -.002758 -67.24   -1.8
  17.24 -.002759 -67.25   -1.8
  17.25 -.002759 -67.28   -1.7
  17.26 -.002760 -67.30   -1.7
  17.27 -.002761 -67.31   -1.7
  17.28 -.002762 -67.34   -1.6
  17.29 -.002763 -67.36   -1.6
  17.30 -.002764 -67.38   -1.6
  17.32 -.002765 -67.40   -1.6
  17.33 -.002765 -67.42   -1.6
  17.34 -.002766 -67.44   -1.7
  17.35 -.002768 -67.49   -1.8
  17.36 -.002769 -67.51   -1.9
  17.37 -.002769 -67.52   -1.9
  17.38 -.002771 -67.56   -2.0
  17.39 -.002772 -67.57   -2.0
  17.40 -.002772 -67.59   -2.0
  17.42 -.002773 -67.61   -2.0
  17.43 -.002774 -67.63   -1.9
  17.44 -.002774 -67.64   -1.8
  17.45 -.002775 -67.65   -1.7
  17.46 -.002775 -67.67   -1.6
  17.47 -.002776 -67.68   -1.4
  17.48 -.002777 -67.69   -1.3
  17.49 -.002777 -67.72   -1.3
  17.51 -.002778 -67.73   -1.2
  17.52 -.002779 -67.74   -1.2
  17.53 -.002779 -67.76   -1.2
  17.54 -.002780 -67.78   -1.2
  17.55 -.002780 -67.79   -1.2
  17.56 -.002781 -67.80   -1.2
  17.57 -.002781 -67.81   -1.2
  17.58 -.002782 -67.82   -1.2
  17.60 -.002782 -67.83   -1.1
  17.61 -.002783 -67.85   -1.1
  17.62 -.002783 -67.85   -1.0
  17.63 -.002783 -67.86   -1.0
  17.64 -.002784 -67.88   -1.0
  17.65 -.002785 -67.91   -1.0
  17.66 -.002785 -67.91   -1.0
  17.67 -.002786 -67.92   -1.0
  17.69 -.002786 -67.93   -1.0
  17.70 -.002787 -67.95   -1.0
  17.71 -.002787 -67.95   -1.0
  17.72 -.002787 -67.96   -1.0
  17.73 -.002788 -67.97   -1.0
  17.74 -.002788 -67.98   -0.9
  17.75 -.002790 -68.01   -1.0
  17.76 -.002776 -67.68    0.1
  17.78 -.002738 -66.75    4.0
  17.79 -.002670 -65.11   12.2
  17.80 -.002614 -63.73   23.2
  17.81 -.001734 -42.28   99.5
  17.82 -.000642 -15.65  244.9
  17.83 -.000492 -12.00  371.9
  17.84 -.000486 -11.84  467.2
  17.85 -.000181  -4.42  553.7
  17.87 -.000111  -2.70  609.2
  17.88 -.000024  -0.58  633.9
  17.89 -.000016  -0.40  620.4
  17.90 0.000236   5.75  588.8
  17.91 0.000382   9.32  529.8
  17.92 0.000199   4.86  419.2
  17.93 0.000169   4.12  271.3
  17.94 0.000257   6.27  171.3
  17.95 0.000201   4.90  138.3
  17.97 -.001681 -40.98  -37.6
  17.98 -.001718 -41.90 -199.1
  17.99 -.001740 -42.43 -317.4
  18.00 -.001759 -42.88 -408.9
  18.01 -.001777 -43.32 -470.9
  18.02 -.001794 -43.73 -509.0
  18.03 -.001809 -44.10 -500.5
  18.04 -.001824 -44.47 -451.3
  18.06 -.001838 -44.81 -388.9
  18.07 -.001851 -45.14 -301.8
  18.08 -.001865 -45.47 -179.6
  18.09 -.001880 -45.83  -33.8
  18.10 -.001885 -45.95  -30.4
  18.11 -.001886 -45.99  -27.7
  18.12 -.001890 -46.09  -24.9
  18.13 -.001895 -46.20  -22.0
  18.15 -.001904 -46.42  -19.6
  18.16 -.001911 -46.59  -17.5
  18.17 -.001931 -47.09  -16.7
  18.18 -.001950 -47.53  -16.9
  18.19 -.001964 -47.88  -17.8
  18.20 -.001972 -48.09  -18.8
  18.21 -.001982 -48.32  -20.1
  18.22 -.001995 -48.64  -22.0
  18.24 -.002008 -48.97  -23.9
  18.25 -.002022 -49.30  -25.2
  18.26 -.002036 -49.63  -26.0
  18.27 -.002048 -49.94  -26.2
  18.28 -.002061 -50.26  -26.0
  18.29 -.002074 -50.56  -25.3
  18.30 -.002086 -50.85  -25.0
  18.31 -.002098 -51.15  -25.2
  18.32 -.002110 -51.44  -25.5
  18.34 -.002122 -51.75  -25.5
  18.35 -.002134 -52.04  -25.2
  18.36 -.002146 -52.31  -24.9
  18.37 -.002157 -52.58  -24.4
  18.38 -.002168 -52.86  -24.1
  18.39 -.002180 -53.14  -23.8
  18.40 -.002202 -53.69  -24.4
  18.42 -.002210 -53.89  -24.6
  18.43 -.002222 -54.17  -24.8
  18.44 -.002231 -54.39  -24.7
  18.45 -.002239 -54.59  -24.3
  18.46 -.002249 -54.83  -23.8
  18.47 -.002256 -55.01  -23.0
  18.48 -.002269 -55.33  -22.5
  18.49 -.002275 -55.48  -21.6
  18.51 -.002278 -55.55  -20.0
  18.52 -.002279 -55.57  -17.9
  18.53 -.002281 -55.61  -15.4
  18.54 -.002282 -55.65  -13.7
  18.55 -.002289 -55.80  -12.0
  18.56 -.002295 -55.96  -10.8
  18.57 -.002301 -56.10   -9.8
  18.58 -.002307 -56.24   -9.1
  18.59 -.002313 -56.40   -8.8
  18.61 -.002319 -56.54   -8.7
  18.62 -.002324 -56.66   -9.3
  18.63 -.002328 -56.76  -10.0
  18.64 -.002327 -56.73  -10.2
  18.65 -.002327 -56.73   -9.7
  18.66 -.002327 -56.75   -8.8
  18.67 -.002328 -56.76   -7.4
  18.68 -.002331 -56.82   -6.1
  18.70 -.002334 -56.91   -5.1
  18.71 -.002336 -56.96   -4.3
  18.72 -.002338 -57.01   -3.6
  18.73 -.002341 -57.06   -3.3
  18.74 -.002343 -57.13   -3.3
  18.75 -.002347 -57.22   -3.7
  18.76 -.002352 -57.35   -4.6
  18.77 -.002362 -57.59   -5.8
  18.79 -.002388 -58.21   -8.4
  18.80 -.002423 -59.08  -13.0
  18.81 -.002451 -59.76  -18.5
  18.82 -.002470 -60.23  -23.9
  18.83 -.002488 -60.66  -29.1
  18.84 -.002497 -60.89  -33.0
  18.85 -.002510 -61.21  -35.9
  18.86 -.002534 -61.78  -38.4
  18.88 -.002556 -62.32  -40.1
  18.89 -.002581 -62.93  -41.1
  18.90 -.002607 -63.56  -41.3
  18.91 -.002631 -64.14  -40.7
  18.92 -.002656 -64.76  -40.6
  18.93 -.002678 -65.30  -41.6
  18.94 -.002704 -65.93  -43.6
  18.95 -.002728 -66.51  -45.7
  18.96 -.002751 -67.08  -47.6
  18.98 -.002773 -67.60  -48.2
  18.99 -.002794 -68.13  -47.9
  19.00 -.002815 -68.64  -47.4
  19.01 -.002837 -69.16  -46.5
  19.02 -.002856 -69.63  -45.5
  19.03 -.002876 -70.12  -44.6
  19.04 -.002895 -70.59  -43.5
  19.05 -.002915 -71.06  -42.6
  19.07 -.002934 -71.53  -41.5
  19.08 -.002954 -72.01  -40.7
  19.09 -.002973 -72.47  -40.1
  19.10 -.002992 -72.94  -39.6
  19.11 -.003010 -73.39  -39.1
  19.12 -.003029 -73.84  -38.7
  19.13 -.003048 -74.30  -38.4
  19.14 -.003069 -74.83  -38.4
  19.16 -.003087 -75.27  -38.3
  19.17 -.003108 -75.77  -38.4
  19.18 -.003127 -76.24  -38.5
  19.19 -.003146 -76.71  -38.5
  19.20 -.003166 -77.18  -38.6
  19.21 -.003183 -77.59  -38.6
  19.22 -.003201 -78.04  -38.5
  19.23 -.003223 -78.57  -38.5
  19.25 -.003247 -79.16  -38.9
  19.26 -.003270 -79.71  -39.4
  19.27 -.003286 -80.11  -39.5
  19.28 -.003303 -80.53  -39.6
  19.29 -.003320 -80.94  -39.4
  19.30 -.003336 -81.33  -38.9
  19.31 -.003352 -81.71  -38.3
  19.32 -.003367 -82.08  -37.4
  19.34 -.003383 -82.48  -36.5
  19.35 -.003401 -82.92  -35.4
  19.36 -.003422 -83.43  -34.5
  19.37 -.003446 -84.03  -34.5
  19.38 -.003470 -84.59  -35.2
  19.39 -.003479 -84.82  -35.7
  19.40 -.003505 -85.45  -36.6
  19.41 -.003531 -86.08  -38.1
  19.43 -.003554 -86.64  -39.7
  19.44 -.003548 -86.51  -39.1
  19.45 -.003542 -86.34  -36.4
  19.46 -.003536 -86.20  -32.0
  19.47 -.003532 -86.11  -26.3
  19.48 -.003541 -86.33  -21.0
  19.49 -.003567 -86.97  -17.6
  19.50 -.003590 -87.52  -16.2
  19.52 -.003606 -87.92  -16.1
  19.53 -.003614 -88.12  -15.6
  19.54 -.003622 -88.31  -16.1
  19.55 -.003630 -88.49  -17.9
  19.56 -.003639 -88.72  -21.2
  19.57 -.003652 -89.04  -23.7
  19.58 -.003666 -89.37  -25.3
  19.59 -.003678 -89.68  -25.5
  19.60 -.003689 -89.94  -24.2
  19.62 -.003701 -90.22  -22.5
  19.63 -.003714 -90.54  -21.9
  19.64 -.003728 -90.89  -22.4
  19.65 -.003743 -91.24  -23.6
  19.66 -.003758 -91.61  -24.8
  19.67 -.003777 -92.09  -26.2
  19.68 -.003788 -92.34  -26.9
  19.69 -.003798 -92.60  -27.1
  19.71 -.003805 -92.76  -26.8
  19.72 -.003799 -92.62  -25.1
  19.73 -.003772 -91.96  -20.6
  19.74 -.003651 -89.00   -6.4
  19.75 -.003543 -86.39   14.4
  19.76 -.003490 -85.07   36.0
  19.77 -.002981 -72.67   92.3
  19.78 -.003439 -83.84  101.5
  19.80 -.003386 -82.56  109.2
  19.81 -.003323 -81.02  114.8
  19.82 -.003239 -78.96  119.6
  19.83 -.003166 -77.18  121.3
  19.84 -.003090 -75.33  119.5
  19.85 -.003005 -73.27  114.7
  19.86 -.002920 -71.18  107.8
  19.87 -.002822 -68.79  107.6
  19.88 -.002651 -64.64  118.6
  19.90 -.002554 -62.27  129.5
  19.91 -.002469 -60.20  180.1
  19.92 -.002381 -58.05  188.7
  19.93 -.002191 -53.42  201.9
  19.94 -.002046 -49.88  215.3
  19.95 -.001918 -46.76  228.4
  19.96 -.001800 -43.89  238.6
  19.97 -.001688 -41.16  245.3
  19.99 -.001579 -38.50  248.5
  20.00 -.001472 -35.89  247.7
  20.01 -.001365 -33.28  243.8
  20.02 -.001261 -30.75  243.1
  20.03 -.001159 -28.26  239.5
  20.04 -.001060 -25.83  231.9
  20.05 -.000962 -23.46  220.0
  20.06 -.000866 -21.12  212.9
  20.08 -.000772 -18.83  207.8
  20.09 -.000681 -16.61  203.5
  20.10 -.000593 -14.46  199.3
  20.11 -.000506 -12.35  195.2
  20.12 -.000423 -10.32  190.8
  20.13 -.000343  -8.36  186.1
  20.14 -.000266  -6.49  181.3
  20.15 -.000193  -4.71  176.2
  20.17 -.000128  -3.13  170.4
  20.18 -.000075  -1.83  163.3
  20.19 -.000019  -0.48  155.6
  20.20 0.000030   0.72  147.2
  20.21 0.000070   1.72  138.0
  20.22 0.000103   2.50  127.7
  20.23 0.000129   3.14  116.5
  20.24 0.000150   3.66  104.7
  20.26 0.000179   4.37   93.5
  20.27 0.000217   5.29   84.1
  20.28 0.000264   6.43   77.5
  20.29 0.000317   7.74   74.2
  20.30 0.000375   9.14   74.1
  20.31 0.000437  10.67   76.6
  20.32 0.000502  12.25   82.0
  20.33 0.000572  13.94   89.9
  20.35 0.000643  15.67   99.4
  20.36 0.000711  17.34  109.0
  20.37 0.000778  18.97  117.7
  20.38 0.000843  20.55  124.2
  20.39 0.000905  22.07  128.5
  20.40 0.000966  23.56  130.7
  20.41 0.001025  25.00  131.3
  20.42 0.001083  26.40  130.4
  20.43 0.001139  27.76  128.5
  20.45 0.001195  29.14  125.8
  20.46 0.001255  30.59  123.1
  20.47 0.001317  32.12  121.0
  20.48 0.001380  33.65  119.7
  20.49 0.001442  35.16  119.0
  20.50 0.001503  36.66  119.0
  20.51 0.001563  38.11  119.3
  20.52 0.001622  39.54  119.7
  20.54 0.001680  40.97  120.2
  20.55 0.001737  42.36  120.4
  20.56 0.001794  43.74  120.2
  20.57 0.001849  45.08  119.4
  20.58 0.001903  46.40  118.0
  20.59 0.001957  47.72  116.2
  20.60 0.002010  49.01  114.4
  20.61 0.002061  50.27  112.6
  20.63 0.002112  51.51  110.8
  20.64 0.002163  52.73  109.0
  20.65 0.002213  53.96  107.3
  20.66 0.002261  55.14  105.6
  20.67 0.002309  56.31  103.9
  20.68 0.002356  57.45  102.3
  20.69 0.002402  58.57  100.6
  20.70 0.002448  59.69   99.0
  20.72 0.002492  60.78   97.3
  20.73 0.002535  61.83   95.7
  20.74 0.002579  62.88   94.0
  20.75 0.002621  63.91   92.4
  20.76 0.002662  64.93   90.8
  20.77 0.002703  65.93   89.2
  20.78 0.002744  66.91   87.6
  20.79 0.002783  67.87   86.1
  20.80 0.002823  68.83   84.7
  20.82 0.002860  69.75   83.3
  20.83 0.002898  70.67   81.8
  20.84 0.002935  71.57   80.5
  20.85 0.002971  72.45   79.2
  20.86 0.003007  73.33   77.8
  20.87 0.003042  74.17   76.5
  20.88 0.003076  75.02   75.2
  20.89 0.003110  75.84   73.9
  20.91 0.003143  76.65   72.6
  20.92 0.003175  77.43   71.3
  20.93 0.003208  78.23   70.1
  20.94 0.003239  79.00   68.9
  20.95 0.003271  79.77   67.7
  20.96 0.003301  80.51   66.6
  20.97 0.003331  81.24   65.5
  20.98 0.003361  81.96   64.3
  21.00 0.003390  82.66   63.3
  21.01 0.003418  83.35   62.2
  21.02 0.003446  84.02   61.1
  21.03 0.003474  84.71   60.0
  21.04 0.003500  85.36   59.0
  21.05 0.003527  86.00   57.9
  21.06 0.003552  86.63   56.8
  21.07 0.003578  87.26   55.8
  21.08 0.003603  87.87   54.8
  21.10 0.003627  88.46   53.9
  21.11 0.003652  89.06   52.9
  21.12 0.003675  89.63   52.0
  21.13 0.003698  90.19   51.0
  21.14 0.003722  90.76   50.1
  21.15 0.003744  91.31   49.2
  21.16 0.003767  91.86   48.3
  21.17 0.003788  92.39   47.5
  21.19 0.003810  92.91   46.7
  21.20 0.003831  93.42   45.9
  21.21 0.003851  93.92   45.1
  21.22 0.003871  94.40   44.3
  21.23 0.003891  94.89   43.5
  21.24 0.003911  95.38   42.8
  21.25 0.003930  95.84   42.1
  21.26 0.003949  96.31   41.3
  21.28 0.003968  96.77   40.6
  21.29 0.003986  97.20   39.9
  21.30 0.004004  97.64   39.2
  21.31 0.004022  98.08   38.6
  21.32 0.004039  98.50   37.9
  21.33 0.004056  98.92   37.3
  21.34 0.004073  99.33   36.7
  21.35 0.004089  99.72   36.0
  21.36 0.004105 100.12   35.3
  21.38 0.004121 100.50   34.7
  21.39 0.004137 100.88   34.1
  21.40 0.004152 101.25   33.5
  21.41 0.004167 101.62   32.9
  21.42 0.004181 101.97   32.3
  21.43 0.004196 102.33   31.7
  21.44 0.004210 102.67   31.1
  21.46 0.004224 103.01   30.5
  21.47 0.004238 103.36   30.0
  21.48 0.004251 103.68   29.5
  21.49 0.004264 104.00   28.9
  21.50 0.004277 104.32   28.4
  21.51 0.004291 104.64   27.9
  21.52 0.004303 104.93   27.4
  21.53 0.004315 105.23   26.9
  21.55 0.004327 105.53   26.5
  21.56 0.004339 105.81   25.9
  21.57 0.004351 106.11   25.5
  21.58 0.004362 106.37   25.0
  21.59 0.004373 106.65   24.5
  21.60 0.004384 106.91   24.1
  21.61 0.004395 107.18   23.6
  21.62 0.004406 107.44   23.2
  21.64 0.004415 107.68   22.8
  21.65 0.004425 107.92   22.3
  21.66 0.004436 108.18   21.9
  21.67 0.004446 108.42   21.5
  21.68 0.004455 108.65   21.1
  21.69 0.004464 108.88   20.7
  21.70 0.004473 109.09   20.3
  21.71 0.004482 109.31   19.8
  21.72 0.004490 109.51   19.4
  21.74 0.004498 109.70   18.9
  21.75 0.004507 109.91   18.4
  21.76 0.004514 110.10   18.0
  21.77 0.004523 110.30   17.6
  21.78 0.004531 110.50   17.1
  21.79 0.004538 110.68   16.8
  21.80 0.004546 110.87   16.5
  21.81 0.004554 111.07   16.3
  21.83 0.004561 111.24   16.0
  21.84 0.004569 111.43   15.8
  21.85 0.004577 111.62   15.7
  21.86 0.004585 111.81   15.6
  21.87 0.004591 111.96   15.4
  21.88 0.004598 112.14   15.3
  21.89 0.004605 112.31   15.0
  21.90 0.004611 112.46   14.8
  21.92 0.004618 112.62   14.5
  21.93 0.004625 112.79   14.2
  21.94 0.004631 112.95   14.0
  21.95 0.004637 113.09   13.7
  21.96 0.004643 113.24   13.4
  21.97 0.004649 113.38   13.1
  21.98 0.004655 113.52   12.9
  21.99 0.004661 113.67   12.7
  22.00 0.004666 113.80   12.4
  22.02 0.004672 113.94   12.2
  22.03 0.004678 114.09   12.0
  22.04 0.004683 114.22   11.8
  22.05 0.004688 114.34   11.6
  22.06 0.004694 114.48   11.4
  22.07 0.004700 114.61   11.3
  22.08 0.004704 114.73   11.2
  22.09 0.004709 114.84   11.0
  22.11 0.004714 114.97   10.8
  22.12 0.004719 115.09   10.6
  22.13 0.004724 115.21   10.4
  22.14 0.004729 115.32   10.2
  22.15 0.004734 115.45   10.1
  22.16 0.004738 115.56   10.0
  22.17 0.004743 115.67    9.8
  22.18 0.004747 115.78    9.7
  22.20 0.004752 115.88    9.6
  22.21 0.004755 115.98    9.5
  22.22 0.004760 116.10    9.3
  22.23 0.004764 116.20    9.1
  22.24 0.004768 116.29    9.0
  22.25 0.004772 116.37    8.7
  22.26 0.004776 116.47    8.5
  22.27 0.004780 116.57    8.3
  22.29 0.004783 116.66    8.2
  22.30 0.004787 116.75    8.0
  22.31 0.004791 116.84    7.9
  22.32 0.004794 116.92    7.7
  22.33 0.004797 117.00    7.6
  22.34 0.004801 117.08    7.4
  22.35 0.004804 117.17    7.3
  22.36 0.004808 117.25    7.2
  22.38 0.004810 117.32    7.0
  22.39 0.004814 117.40    6.9
  22.40 0.004817 117.48    6.7
