Datos generados por TERE.BAS el 06-14-2007
 t[min] T[§C] V[§C/min]
   0.00 0.001094  26.67   84.1
   0.02 0.001100  26.81  153.4
   0.03 0.001105  26.95  207.7
   0.04 0.001109  27.05  246.9
   0.05 0.001114  27.17  270.9
   0.06 0.001124  27.40  280.1
   0.07 0.001131  27.59  274.2
   0.08 0.001137  27.74  253.0
   0.09 0.001139  27.77  215.9
   0.11 0.001145  27.92  163.4
   0.12 0.001148  27.98   95.1
   0.13 0.001153  28.11   11.1
   0.14 0.001161  28.32   11.1
   0.15 0.001168  28.49   11.2
   0.16 0.001179  28.74   11.6
   0.17 0.001187  28.95   12.0
   0.18 0.001193  29.10   12.3
   0.19 0.001199  29.23   12.8
   0.20 0.001204  29.37   13.3
   0.22 0.001213  29.57   14.0
   0.23 0.001218  29.71   14.1
   0.24 0.001223  29.82   14.2
   0.25 0.001231  30.01   13.9
   0.26 0.001235  30.12   13.3
   0.27 0.001225  29.87   11.5
   0.28 0.001233  30.06   10.1
   0.29 0.001244  30.33    9.6
   0.30 0.001255  30.60    9.8
   0.32 0.001263  30.80   10.2
   0.33 0.001270  30.98   10.7
   0.34 0.001249  30.46    9.1
   0.35 0.001248  30.44    7.6
   0.36 0.001257  30.65    6.7
   0.37 0.001258  30.68    5.8
   0.38 0.001264  30.81    5.5
   0.39 0.001271  30.98    5.8
   0.40 0.001278  31.17    5.2
   0.42 0.001285  31.34    5.1
   0.43 0.001291  31.49    5.7
   0.44 0.001298  31.64    7.1
   0.45 0.001305  31.81    9.3
   0.46 0.001313  32.01   12.1
   0.47 0.001320  32.18   13.0
   0.48 0.001326  32.33   13.2
   0.49 0.001332  32.49   13.7
   0.50 0.001340  32.67   13.8
   0.52 0.001348  32.88   13.9
   0.53 0.001354  33.03   13.9
   0.54 0.001361  33.19   14.0
   0.55 0.001369  33.38   14.1
   0.56 0.001376  33.56   14.2
   0.57 0.001384  33.74   14.2
   0.58 0.001390  33.89   14.2
   0.59 0.001398  34.10   14.3
   0.60 0.001406  34.28   14.5
   0.62 0.001413  34.46   14.6
   0.63 0.001420  34.63   14.6
   0.64 0.001428  34.83   14.6
   0.65 0.001435  35.00   14.8
   0.66 0.001444  35.20   14.9
   0.67 0.001450  35.37   14.9
   0.68 0.001459  35.57   14.9
   0.69 0.001465  35.73   15.0
   0.70 0.001474  35.94   15.1
   0.71 0.001481  36.12   15.1
   0.73 0.001489  36.30   15.1
   0.74 0.001497  36.52   15.3
   0.75 0.001505  36.70   15.4
   0.76 0.001513  36.88   15.4
   0.77 0.001522  37.10   15.6
   0.78 0.001528  37.27   15.6
   0.79 0.001537  37.47   15.7
   0.80 0.001546  37.69   15.8
   0.82 0.001553  37.88   15.9
   0.83 0.001561  38.05   15.9
   0.84 0.001570  38.27   16.0
   0.85 0.001577  38.46   16.0
   0.86 0.001585  38.65   16.0
   0.87 0.001595  38.88   16.2
   0.88 0.001602  39.07   16.2
   0.89 0.001610  39.25   16.2
   0.90 0.001619  39.49   16.4
   0.92 0.001627  39.67   16.4
   0.93 0.001636  39.90   16.4
   0.94 0.001644  40.09   16.6
   0.95 0.001652  40.28   16.6
   0.96 0.001662  40.52   16.7
   0.97 0.001670  40.72   16.8
   0.98 0.001678  40.92   16.8
   0.99 0.001688  41.15   16.9
   1.00 0.001696  41.36   17.1
   1.02 0.001704  41.55   17.1
   1.03 0.001714  41.78   17.1
   1.04 0.001721  41.96   17.2
   1.05 0.001731  42.21   17.2
   1.06 0.001740  42.42   17.3
   1.07 0.001747  42.60   17.3
   1.08 0.001757  42.85   17.3
   1.09 0.001765  43.05   17.4
   1.10 0.001775  43.27   17.5
   1.12 0.001784  43.51   17.5
   1.13 0.001792  43.69   17.6
   1.14 0.001802  43.93   17.7
   1.15 0.001810  44.14   17.7
   1.16 0.001819  44.36   17.8
   1.17 0.001829  44.59   17.8
   1.18 0.001838  44.81   17.9
   1.19 0.001848  45.05   18.1
   1.21 0.001855  45.25   18.0
   1.22 0.001865  45.49   18.1
   1.23 0.001875  45.72   18.2
   1.24 0.001884  45.94   18.3
   1.25 0.001893  46.17   18.4
   1.26 0.001902  46.39   18.4
   1.27 0.001912  46.62   18.5
   1.28 0.001921  46.84   18.5
   1.29 0.001930  47.05   18.4
   1.31 0.001939  47.29   18.4
   1.32 0.001949  47.54   18.5
   1.33 0.001959  47.77   18.6
   1.34 0.001968  47.99   18.6
   1.35 0.001977  48.21   18.6
   1.36 0.001987  48.45   18.7
   1.37 0.001996  48.68   18.8
   1.38 0.002006  48.92   18.8
   1.39 0.002016  49.15   18.9
   1.41 0.002025  49.38   19.0
   1.42 0.002034  49.61   19.0
   1.43 0.002044  49.85   19.0
   1.44 0.002054  50.09   19.0
   1.45 0.002063  50.31   19.1
   1.46 0.002074  50.56   19.2
   1.47 0.002084  50.81   19.3
   1.48 0.002093  51.04   19.3
   1.50 0.002103  51.28   19.4
   1.51 0.002113  51.52   19.5
   1.52 0.002122  51.75   19.5
   1.53 0.002132  52.00   19.6
   1.54 0.002142  52.24   19.6
   1.55 0.002152  52.48   19.6
   1.56 0.002163  52.73   19.7
   1.57 0.002172  52.97   19.7
   1.59 0.002182  53.21   19.7
   1.60 0.002192  53.46   19.7
   1.61 0.002201  53.68   19.7
   1.62 0.002212  53.93   19.8
   1.63 0.002222  54.18   19.8
   1.64 0.002231  54.40   19.8
   1.65 0.002242  54.67   19.8
   1.66 0.002252  54.91   19.8
   1.68 0.002262  55.15   19.9
   1.69 0.002272  55.40   19.9
   1.70 0.002282  55.65   20.0
   1.71 0.002291  55.87   20.0
   1.72 0.002302  56.14   20.0
   1.73 0.002313  56.39   20.2
   1.74 0.002322  56.63   20.1
   1.75 0.002333  56.89   20.2
   1.77 0.002343  57.13   20.3
   1.78 0.002353  57.37   20.2
   1.79 0.002363  57.63   20.3
   1.80 0.002374  57.88   20.3
   1.81 0.002383  58.11   20.3
   1.82 0.002394  58.38   20.4
   1.83 0.002404  58.63   20.4
   1.84 0.002414  58.86   20.3
   1.86 0.002425  59.13   20.3
   1.87 0.002435  59.37   20.4
   1.88 0.002444  59.60   20.3
   1.89 0.002456  59.88   20.4
   1.90 0.002466  60.12   20.5
   1.91 0.002476  60.37   20.4
   1.92 0.002487  60.64   20.5
   1.93 0.002497  60.89   20.6
   1.95 0.002507  61.14   20.7
   1.96 0.002518  61.41   20.8
   1.97 0.002527  61.63   20.8
   1.98 0.002539  61.92   20.8
   1.99 0.002549  62.17   20.9
   2.00 0.002559  62.41   20.9
   2.01 0.002570  62.68   20.9
   2.02 0.002580  62.92   20.9
   2.03 0.002591  63.19   20.9
   2.05 0.002601  63.44   20.9
   2.06 0.002611  63.68   20.8
   2.07 0.002623  63.97   20.9
   2.08 0.002633  64.20   20.9
   2.09 0.002643  64.44   20.9
   2.10 0.002654  64.73   20.9
   2.11 0.002664  64.96   20.9
   2.12 0.002674  65.20   20.9
   2.14 0.002685  65.48   20.9
   2.15 0.002695  65.72   20.8
   2.16 0.002705  65.98   20.8
   2.17 0.002717  66.25   20.8
   2.18 0.002726  66.48   20.8
   2.19 0.002738  66.78   20.9
   2.20 0.002748  67.00   20.9
   2.22 0.002759  67.27   21.0
   2.23 0.002770  67.55   21.1
   2.24 0.002780  67.78   21.1
   2.25 0.002791  68.05   21.2
   2.26 0.002802  68.32   21.2
   2.27 0.002811  68.56   21.2
   2.28 0.002822  68.82   21.2
   2.29 0.002832  69.06   21.1
   2.31 0.002843  69.32   21.1
   2.32 0.002854  69.59   21.0
   2.33 0.002863  69.81   20.9
   2.34 0.002874  70.09   20.9
   2.35 0.002885  70.35   20.9
   2.36 0.002894  70.57   20.8
   2.37 0.002905  70.85   20.8
   2.38 0.002915  71.09   20.7
   2.39 0.002926  71.35   20.8
   2.41 0.002936  71.60   20.8
   2.42 0.002946  71.84   20.7
   2.43 0.002956  72.09   20.7
   2.44 0.002967  72.36   20.7
   2.45 0.002976  72.57   20.6
   2.46 0.002987  72.84   20.5
   2.47 0.002997  73.08   20.5
   2.48 0.003006  73.31   20.4
   2.50 0.003016  73.56   20.2
   2.51 0.003027  73.83   20.3
   2.52 0.003036  74.04   20.1
   2.53 0.003047  74.31   20.1
   2.54 0.003058  74.57   20.2
   2.55 0.003067  74.79   20.1
   2.56 0.003079  75.08   20.2
   2.57 0.003089  75.32   20.4
   2.59 0.003098  75.56   20.4
   2.60 0.003110  75.85   20.6
   2.61 0.003120  76.09   20.7
   2.62 0.003131  76.35   20.8
   2.63 0.003142  76.62   20.9
   2.64 0.003152  76.86   21.0
   2.65 0.003163  77.15   21.1
   2.66 0.003175  77.42   21.3
   2.68 0.003184  77.65   21.3
   2.69 0.003196  77.94   21.4
   2.70 0.003207  78.21   21.6
   2.71 0.003217  78.44   21.6
   2.72 0.003229  78.74   21.6
   2.73 0.003239  79.00   21.7
   2.74 0.003250  79.26   21.7
   2.75 0.003262  79.56   21.8
   2.77 0.003273  79.81   21.9
   2.78 0.003285  80.11   22.0
   2.79 0.003296  80.37   22.1
   2.80 0.003307  80.64   22.3
   2.81 0.003320  80.96   22.4
   2.82 0.003330  81.20   22.5
   2.83 0.003341  81.48   22.6
   2.84 0.003353  81.78   22.6
   2.86 0.003363  82.02   22.7
   2.87 0.003376  82.32   22.7
   2.88 0.003387  82.61   22.7
   2.89 0.003398  82.86   22.7
   2.90 0.003410  83.16   22.7
   2.91 0.003422  83.45   22.8
   2.92 0.003433  83.71   22.8
   2.93 0.003446  84.04   22.9
   2.94 0.003457  84.30   23.1
   2.96 0.003467  84.56   23.1
   2.97 0.003480  84.87   23.1
   2.98 0.003491  85.12   23.2
   2.99 0.003503  85.44   23.2
   3.00 0.003515  85.73   23.3
   3.01 0.003526  85.99   23.3
   3.02 0.003539  86.31   23.3
   3.03 0.003550  86.57   23.4
   3.05 0.003562  86.86   23.4
   3.06 0.003574  87.16   23.4
   3.07 0.003585  87.43   23.5
   3.08 0.003597  87.73   23.6
   3.09 0.003610  88.04   23.6
   3.10 0.003620  88.29   23.6
   3.11 0.003633  88.61   23.6
   3.13 0.003645  88.88   23.6
   3.14 0.003656  89.17   23.6
   3.15 0.003669  89.46   23.6
   3.16 0.003681  89.78   23.8
   3.17 0.003692  90.04   23.7
   3.18 0.003705  90.35   23.8
   3.19 0.003717  90.65   23.9
   3.20 0.003728  90.91   23.8
   3.21 0.003740  91.22   23.8
   3.23 0.003752  91.51   23.9
   3.24 0.003762  91.76   23.8
   3.25 0.003776  92.09   23.8
   3.26 0.003788  92.39   23.8
   3.27 0.003799  92.64   23.7
   3.28 0.003811  92.94   23.7
   3.29 0.003824  93.25   23.8
   3.30 0.003835  93.53   23.7
   3.32 0.003847  93.82   23.7
   3.33 0.003860  94.13   23.9
   3.34 0.003871  94.41   23.9
   3.35 0.003884  94.72   24.0
   3.36 0.003896  95.02   24.1
   3.37 0.003908  95.31   24.1
   3.38 0.003920  95.61   24.2
   3.39 0.003934  95.93   24.4
   3.41 0.003945  96.20   24.4
   3.42 0.003957  96.51   24.4
   3.43 0.003970  96.81   24.5
   3.44 0.003981  97.08   24.4
   3.45 0.003994  97.41   24.4
   3.46 0.004007  97.72   24.5
   3.47 0.004019  98.00   24.5
   3.48 0.004031  98.30   24.5
   3.50 0.004044  98.62   24.5
   3.51 0.004055  98.90   24.5
   3.52 0.004067  99.19   24.5
   3.53 0.004080  99.50   24.5
   3.54 0.004091  99.77   24.4
   3.55 0.004104 100.09   24.4
   3.56 0.004116 100.39   24.4
   3.57 0.004128 100.67   24.3
   3.59 0.004140 100.97   24.3
   3.60 0.004151 101.24   24.2
   3.61 0.004164 101.55   24.2
   3.62 0.004176 101.84   24.1
   3.63 0.004187 102.11   24.0
   3.64 0.004200 102.43   24.0
   3.65 0.004211 102.69   23.9
   3.66 0.004222 102.98   23.8
   3.68 0.004235 103.28   23.7
   3.69 0.004245 103.53   23.6
   3.70 0.004257 103.83   23.5
   3.71 0.004270 104.13   23.5
   3.72 0.004280 104.38   23.4
   3.73 0.004292 104.68   23.3
   3.74 0.004304 104.97   23.3
   3.75 0.004314 105.21   23.2
   3.76 0.004327 105.53   23.1
   3.78 0.004338 105.79   23.1
   3.79 0.004349 106.06   23.0
   3.80 0.004361 106.35   22.9
   3.81 0.004371 106.59   22.8
   3.82 0.004382 106.87   22.6
   3.83 0.004393 107.14   22.5
   3.84 0.004404 107.39   22.4
   3.85 0.004415 107.67   22.2
   3.87 0.004426 107.93   22.1
   3.88 0.004438 108.23   22.2
   3.89 0.004447 108.46   22.0
   3.90 0.004458 108.72   21.9
   3.91 0.004469 109.00   21.9
   3.92 0.004480 109.26   21.8
   3.93 0.004490 109.49   21.7
   3.95 0.004501 109.78   21.6
   3.96 0.004511 110.02   21.5
   3.97 0.004521 110.27   21.4
   3.98 0.004533 110.55   21.3
   3.99 0.004542 110.77   21.2
   4.00 0.004552 111.03   21.0
   4.01 0.004564 111.31   21.1
   4.02 0.004573 111.52   20.9
   4.04 0.004582 111.75   20.7
   4.05 0.004594 112.04   20.6
   4.06 0.004604 112.28   20.6
   4.07 0.004613 112.50   20.4
   4.08 0.004624 112.77   20.4
   4.09 0.004633 113.00   20.3
   4.10 0.004643 113.24   20.2
   4.11 0.004652 113.47   20.1
   4.12 0.004663 113.72   20.0
   4.14 0.004671 113.93   19.8
   4.15 0.004682 114.18   19.8
   4.16 0.004691 114.41   19.6
   4.17 0.004700 114.62   19.4
   4.18 0.004710 114.87   19.3
   4.19 0.004719 115.10   19.2
   4.20 0.004728 115.30   19.0
   4.21 0.004738 115.55   19.0
   4.23 0.004746 115.76   18.8
   4.24 0.004757 116.01   18.8
   4.25 0.004766 116.23   18.7
   4.26 0.004774 116.43   18.7
   4.27 0.004784 116.68   18.6
   4.28 0.004792 116.88   18.5
   4.29 0.004801 117.08   18.4
   4.31 0.004809 117.29   18.2
   4.32 0.004817 117.48   17.9
   4.33 0.004826 117.71   17.8
   4.34 0.004835 117.93   17.6
   4.35 0.004843 118.12   17.4
   4.36 0.004852 118.33   17.2
   4.37 0.004861 118.55   17.2
   4.38 0.004869 118.75   17.2
   4.39 0.004878 118.98   17.1
   4.41 0.004886 119.17   17.2
   4.42 0.004895 119.38   17.2
   4.43 0.004903 119.59   17.2
   4.44 0.004910 119.76   17.1
   4.45 0.004918 119.93   16.8
   4.46 0.004927 120.15   16.6
   4.47 0.004935 120.36   16.6
   4.48 0.004942 120.54   16.4
   4.50 0.004951 120.75   16.3
   4.51 0.004959 120.94   16.2
   4.52 0.004966 121.12   16.1
   4.53 0.004976 121.35   16.1
   4.54 0.004982 121.50   16.0
   4.55 0.004990 121.70   16.0
   4.56 0.004998 121.91   16.0
   4.57 0.005006 122.08   15.9
   4.59 0.005013 122.27   15.8
   4.60 0.005021 122.46   15.7
   4.61 0.005028 122.63   15.6
   4.62 0.005035 122.80   15.4
   4.63 0.005043 122.99   15.3
   4.64 0.005051 123.18   15.2
   4.65 0.005057 123.34   15.0
   4.66 0.005066 123.54   15.0
   4.68 0.005072 123.71   14.9
   4.69 0.005079 123.87   14.7
   4.70 0.005086 124.05   14.7
   4.71 0.005094 124.23   14.6
   4.72 0.005100 124.38   14.5
   4.73 0.005107 124.56   14.4
   4.74 0.005114 124.73   14.3
   4.75 0.005121 124.90   14.2
   4.77 0.005128 125.07   14.1
   4.78 0.005133 125.20   13.9
   4.79 0.005139 125.34   13.6
   4.80 0.005146 125.50   13.4
   4.81 0.005153 125.68   13.3
   4.82 0.005160 125.84   13.2
   4.83 0.005167 126.02   13.2
   4.84 0.005174 126.19   13.2
   4.86 0.005179 126.32   13.1
   4.87 0.005187 126.51   13.2
   4.88 0.005193 126.66   13.3
   4.89 0.005200 126.82   13.3
   4.90 0.005206 126.96   13.4
   4.91 0.005213 127.14   13.4
   4.92 0.005219 127.28   13.2
   4.93 0.005225 127.43   13.1
   4.95 0.005232 127.60   13.0
   4.96 0.005237 127.72   12.8
   4.97 0.005243 127.88   12.7
   4.98 0.005250 128.04   12.7
   4.99 0.005255 128.17   12.5
   5.00 0.005261 128.32   12.4
   5.01 0.005268 128.48   12.3
   5.02 0.005273 128.61   12.2
   5.03 0.005279 128.76   12.1
   5.05 0.005285 128.90   12.0
   5.06 0.005290 129.02   11.9
   5.07 0.005297 129.18   11.8
   5.08 0.005302 129.31   11.8
   5.09 0.005307 129.44   11.6
   5.10 0.005314 129.60   11.6
   5.11 0.005319 129.72   11.5
   5.12 0.005324 129.85   11.4
   5.14 0.005330 129.99   11.3
   5.15 0.005335 130.11   11.2
   5.16 0.005341 130.26   11.2
   5.17 0.005346 130.38   11.1
   5.18 0.005351 130.51   11.0
   5.19 0.005357 130.65   10.9
   5.20 0.005361 130.76   10.9
   5.22 0.005366 130.88   10.7
   5.23 0.005372 131.02   10.6
   5.24 0.005377 131.14   10.6
   5.25 0.005382 131.26   10.5
   5.26 0.005388 131.42   10.5
   5.27 0.005393 131.53   10.5
   5.28 0.005398 131.64   10.4
   5.29 0.005403 131.78   10.4
   5.30 0.005408 131.89   10.3
   5.32 0.005412 132.00   10.3
   5.33 0.005418 132.14   10.2
   5.34 0.005422 132.24   10.1
   5.35 0.005427 132.36   10.0
   5.36 0.005433 132.50   10.0
   5.37 0.005436 132.58    9.9
   5.38 0.005441 132.70    9.7
   5.39 0.005447 132.84    9.7
   5.41 0.005450 132.92    9.6
   5.42 0.005455 133.03    9.4
   5.43 0.005460 133.17    9.4
   5.44 0.005464 133.26    9.3
   5.45 0.005468 133.37    9.2
   5.46 0.005475 133.52    9.3
   5.47 0.005478 133.61    9.2
   5.48 0.005482 133.71    9.2
   5.50 0.005487 133.83    9.3
   5.51 0.005491 133.93    9.2
   5.52 0.005495 134.03    9.1
   5.53 0.005501 134.16    9.1
   5.54 0.005505 134.25    9.1
   5.55 0.005508 134.35    8.9
   5.56 0.005514 134.48    8.9
   5.57 0.005517 134.55    8.8
   5.59 0.005521 134.66    8.6
   5.60 0.005526 134.78    8.7
   5.61 0.005529 134.85    8.5
   5.62 0.005533 134.95    8.4
   5.63 0.005538 135.07    8.4
   5.64 0.005541 135.14    8.2
   5.65 0.005545 135.24    8.1
   5.66 0.005550 135.36    8.1
   5.68 0.005553 135.43    8.0
   5.69 0.005556 135.51    7.9
   5.70 0.005560 135.60    7.8
   5.71 0.005563 135.69    7.7
   5.72 0.005566 135.76    7.5
   5.73 0.005572 135.89    7.6
   5.74 0.005575 135.97    7.5
   5.75 0.005579 136.06    7.4
   5.77 0.005583 136.16    7.5
   5.78 0.005586 136.24    7.4
   5.79 0.005589 136.31    7.3
   5.80 0.005594 136.43    7.4
   5.81 0.005596 136.49    7.4
   5.82 0.005599 136.55    7.2
   5.83 0.005603 136.64    7.1
   5.84 0.005607 136.75    7.1
   5.86 0.005610 136.82    6.9
   5.87 0.005613 136.91    6.9
   5.88 0.005615 136.95    6.7
   5.89 0.005619 137.04    6.6
   5.90 0.005622 137.12    6.6
   5.91 0.005624 137.16    6.4
   5.92 0.005628 137.25    6.2
   5.93 0.005630 137.32    6.2
   5.95 0.005634 137.42    6.2
   5.96 0.005638 137.52    6.2
   5.97 0.005642 137.60    6.3
   5.98 0.005645 137.67    6.4
   5.99 0.005648 137.74    6.5
   6.00 0.005650 137.80    6.5
   6.01 0.005653 137.88    6.5
   6.02 0.005657 137.98    6.5
   6.04 0.005661 138.08    6.6
   6.05 0.005664 138.13    6.5
   6.06 0.005666 138.20    6.4
   6.07 0.005669 138.26    6.3
   6.08 0.005671 138.31    6.1
   6.09 0.005673 138.37    5.9
   6.10 0.005676 138.44    5.8
   6.11 0.005680 138.52    5.7
   6.13 0.005682 138.58    5.6
   6.14 0.005686 138.68    5.6
   6.15 0.005688 138.74    5.5
   6.16 0.005690 138.78    5.4
   6.17 0.005693 138.84    5.4
   6.18 0.005696 138.92    5.5
   6.19 0.005698 138.98    5.5
   6.20 0.005701 139.04    5.5
   6.22 0.005705 139.14    5.5
   6.23 0.005708 139.21    5.5
   6.24 0.005709 139.24    5.4
   6.25 0.005713 139.34    5.5
   6.26 0.005716 139.41    5.5
   6.27 0.005718 139.46    5.6
   6.28 0.005721 139.54    5.7
   6.29 0.005725 139.62    5.8
   6.31 0.005726 139.66    5.7
   6.32 0.005729 139.72    5.6
   6.33 0.005731 139.77    5.5
   6.34 0.005732 139.80    5.2
   6.35 0.005735 139.87    5.0
   6.36 0.005739 139.97    5.0
   6.37 0.005742 140.03    5.0
   6.38 0.005744 140.09    5.0
   6.39 0.005746 140.15    5.0
   6.41 0.005749 140.21    5.0
   6.42 0.005750 140.25    5.0
   6.43 0.005753 140.32    5.0
   6.44 0.005756 140.40    5.1
   6.45 0.005757 140.41    5.0
   6.46 0.005759 140.46    4.9
   6.47 0.005762 140.53    4.7
   6.49 0.005763 140.56    4.4
   6.50 0.005765 140.61    4.3
   6.51 0.005768 140.68    4.3
   6.52 0.005769 140.72    4.2
   6.53 0.005772 140.78    4.2
   6.54 0.005775 140.86    4.3
   6.55 0.005777 140.90    4.3
   6.56 0.005779 140.95    4.3
   6.58 0.005782 141.02    4.5
   6.59 0.005784 141.07    4.6
   6.60 0.005785 141.10    4.5
   6.61 0.005786 141.13    4.4
   6.62 0.005789 141.19    4.3
   6.63 0.005791 141.23    4.2
   6.64 0.005793 141.28    4.1
   6.65 0.005795 141.35    4.0
   6.67 0.005797 141.40    4.0
   6.68 0.005799 141.45    4.0
   6.69 0.005802 141.50    4.0
   6.70 0.005804 141.55    4.0
   6.71 0.005805 141.58    4.0
   6.72 0.005807 141.64    4.1
   6.73 0.005809 141.69    4.1
   6.74 0.005811 141.73    4.1
   6.75 0.005812 141.76    4.0
   6.77 0.005815 141.82    3.9
   6.78 0.005817 141.87    3.8
   6.79 0.005817 141.89    3.7
   6.80 0.005820 141.94    3.6
   6.81 0.005821 141.97    3.5
   6.82 0.005821 141.97    3.4
   6.83 0.005823 142.01    3.2
   6.85 0.005824 142.04    3.0
   6.86 0.005825 142.08    2.9
   6.87 0.005828 142.13    2.8
   6.88 0.005830 142.19    2.9
   6.89 0.005831 142.23    2.9
   6.90 0.005832 142.24    2.9
   6.91 0.005834 142.29    3.0
   6.93 0.005836 142.35    3.1
   6.94 0.005839 142.40    3.3
