Datos generados por TERE.BAS el 06-11-2007
 t[min] T[§C] V[§C/min]
   0.00 -.000319  -7.79  -24.6
   0.01 0.000164   4.01   -7.5
   0.02 -.000000  -0.00   -5.3
   0.03 -.000000  -0.01   -3.2
   0.04 -.000009  -0.21   -1.6
   0.06 -.000006  -0.16    0.2
   0.07 -.000164  -4.01  -10.1
   0.08 0.000105   2.57    2.7
   0.09 0.000018   0.43    7.3
   0.10 0.003102  75.64  248.8
   0.11 -.003511 -85.59  -61.5
   0.12 -.003502 -85.38 -322.2
   0.13 -.003348 -81.63 -551.0
   0.15 -.003514 -85.68 -706.3
   0.16 -.000022  -0.55 -556.7
   0.17 -.000051  -1.25 -409.0
   0.18 0.000020   0.48 -255.8
   0.19 -.000084  -2.04 -110.8
   0.20 -.000120  -2.92   18.2
   0.21 0.000118   2.87  189.3
   0.22 -.000101  -2.46  335.4
   0.23 -.000002  -0.04  771.2
   0.25 0.000041   1.01  652.7
   0.26 -.000049  -1.18  478.5
   0.27 -.000018  -0.43  272.3
   0.28 -.000022  -0.53    4.2
   0.29 -.000030  -0.74    3.8
   0.30 -.000020  -0.48    1.8
   0.31 -.000009  -0.23    6.6
   0.32 -.000012  -0.30    2.1
   0.33 -.000023  -0.55   -7.4
   0.34 -.000024  -0.58    3.2
   0.36 -.000051  -1.24   -6.1
   0.37 0.000014   0.33   -2.2
   0.38 -.000014  -0.34    3.4
   0.39 -.000014  -0.34    1.5
   0.40 -.000007  -0.17    2.4
   0.41 -.000022  -0.53    1.8
   0.42 -.000008  -0.19    1.4
   0.43 -.000010  -0.24    1.5
   0.44 0.000012   0.28    4.0
   0.46 -.000018  -0.45    3.7
   0.47 -.000013  -0.33    2.9
   0.48 -.000019  -0.46    1.4
   0.49 -.000011  -0.26   -1.9
   0.50 -.000007  -0.17    0.4
   0.51 -.000018  -0.44   -0.5
   0.52 -.000018  -0.44   -1.2
   0.53 -.000006  -0.14   -0.3
   0.54 -.000020  -0.49   -1.9
   0.56 -.000018  -0.45   -2.2
   0.57 -.000010  -0.23   -1.7
   0.58 -.000017  -0.41    0.1
   0.59 -.000017  -0.41   -0.4
   0.60 -.000006  -0.15    0.3
   0.61 -.000019  -0.46   -0.5
   0.62 -.000011  -0.26   -0.0
   0.63 -.000006  -0.16    1.2
   0.64 -.000015  -0.37    0.7
   0.66 -.000008  -0.19    0.7
   0.67 -.000019  -0.48    0.8
   0.68 -.000010  -0.25    0.5
   0.69 -.000015  -0.36   -0.1
   0.70 -.000014  -0.33    0.1
   0.71 -.000010  -0.24    0.0
   0.72 -.000020  -0.48   -0.9
   0.73 -.000005  -0.11    0.3
   0.75 -.000009  -0.21    0.1
   0.76 -.000015  -0.37   -0.1
   0.77 -.000013  -0.32    0.3
   0.78 -.000018  -0.44   -0.3
   0.79 -.000007  -0.18    0.6
   0.80 -.000017  -0.42   -0.3
   0.81 -.000006  -0.14    0.4
   0.82 -.000015  -0.38   -0.0
   0.83 -.000008  -0.18    0.2
   0.84 -.000014  -0.34    0.2
   0.86 -.000017  -0.40   -0.8
   0.87 -.000008  -0.19    0.2
   0.88 -.000022  -0.53   -0.2
   0.89 -.000005  -0.11    0.3
   0.90 -.000020  -0.48   -0.3
   0.91 -.000006  -0.14   -0.2
   0.92 -.000021  -0.52   -0.5
   0.93 -.000008  -0.19   -0.5
   0.95 -.000023  -0.55   -0.7
   0.96 -.000004  -0.10   -0.1
   0.97 -.000022  -0.54   -0.3
   0.98 -.000012  -0.29   -0.2
   0.99 -.000016  -0.39   -0.6
   1.00 -.000016  -0.38   -0.2
   1.01 -.000011  -0.26   -0.6
   1.02 -.000016  -0.39    0.1
   1.03 -.000008  -0.19    0.1
   1.05 -.000019  -0.48    0.4
   1.06 -.000006  -0.15    0.4
   1.07 -.000022  -0.54    0.2
   1.08 0.000001   0.02    0.7
   1.09 -.000012  -0.30    1.4
   1.10 -.000010  -0.24    0.9
   1.11 -.000010  -0.24    1.1
   1.12 -.000021  -0.52    0.1
   1.13 -.000001  -0.03    0.7
   1.15 -.000026  -0.62   -0.4
   1.16 -.000005  -0.11   -0.1
   1.17 -.000026  -0.63   -0.8
   1.18 -.000004  -0.11   -0.7
   1.19 -.000021  -0.50   -0.9
   1.20 -.000010  -0.23   -1.5
   1.21 -.000025  -0.60   -1.3
   1.22 -.000005  -0.13   -0.4
   1.24 -.000022  -0.54   -0.7
   1.25 -.000007  -0.17    0.3
   1.26 -.000021  -0.52   -0.9
   1.27 -.000006  -0.14    1.0
   1.28 -.000020  -0.50   -0.4
   1.29 -.000009  -0.23    0.8
   1.30 -.000018  -0.45   -0.5
   1.31 -.000014  -0.34    0.4
   1.33 -.000149  -3.64  -10.4
   1.34 -.000061  -1.48  -11.7
   1.35 0.000123   2.99    0.5
   1.36 -.000109  -2.65   -5.4
   1.37 0.000012   0.29   -2.1
   1.38 -.000013  -0.32    0.2
   1.39 -.000009  -0.21    1.6
   1.40 -.000161  -3.92   -7.4
   1.42 0.000133   3.24    6.9
   1.43 -.000146  -3.55   -1.3
   1.44 0.000053   1.29    6.9
   1.45 0.000334   8.15   36.1
   1.46 -.000081  -1.97   16.2
   1.47 -.000053  -1.30    5.5
   1.48 -.000043  -1.04   12.2
   1.49 -.000026  -0.63    1.4
   1.50 -.000024  -0.59    0.6
   1.52 -.000019  -0.47   -1.5
   1.53 -.000027  -0.67   -3.9
   1.54 -.000081  -1.98  -23.9
   1.55 0.000272   6.62    8.8
   1.56 0.000026   0.62   -4.7
   1.57 0.000105   2.57    3.7
   1.58 -.000044  -1.08   25.3
   1.59 -.000026  -0.64   15.8
   1.61 -.000028  -0.69    8.0
   1.62 0.000005   0.13    3.4
   1.63 -.000024  -0.57   -2.6
   1.64 -.000011  -0.28   -7.5
   1.65 -.000003  -0.06  -11.5
   1.66 -.000006  -0.14  -16.7
   1.67 -.000017  -0.43  -28.0
   1.69 0.000098   2.40    0.7
   1.70 -.000042  -1.03   -1.2
   1.71 -.000029  -0.70    6.0
   1.72 -.000028  -0.69    1.6
   1.73 -.000026  -0.63   -1.2
   1.74 -.000021  -0.51   -3.9
   1.75 -.000012  -0.28   -2.8
   1.76 -.000012  -0.30   -4.2
   1.77 -.000020  -0.49   -5.3
   1.79 -.000020  -0.49   -5.4
   1.80 -.000017  -0.41   -5.3
   1.81 -.000015  -0.36   -6.0
   1.82 -.000020  -0.48    3.4
   1.83 -.000017  -0.41    1.9
   1.84 -.000012  -0.30    1.6
   1.85 -.000015  -0.37    1.0
   1.86 -.000015  -0.38    0.3
   1.88 -.000015  -0.36    0.0
   1.89 -.000013  -0.31    0.6
   1.90 -.000015  -0.37    1.0
   1.91 -.000017  -0.42    0.6
   1.92 -.000270  -6.58  -19.3
   1.93 -.000006  -0.14  -15.1
   1.94 0.000551  13.43   31.9
   1.96 -.000084  -2.05   21.8
   1.97 0.000037   0.90   22.1
   1.98 -.003240 -79.00 -230.0
   1.99 -.003200 -78.02 -434.0
   2.00 -.003143 -76.62 -589.1
   2.01 -.003095 -75.45 -696.8
   2.02 -.002991 -72.92 -753.3
   2.03 -.002875 -70.09 -759.4
   2.04 -.002741 -66.82 -715.4
   2.06 -.002621 -63.91 -647.1
   2.07 -.002513 -61.26 -513.6
   2.08 -.002421 -59.03 -287.4
   2.09 -.002357 -57.47  -72.5
   2.10 -.002318 -56.52  188.3
   2.11 -.002271 -55.36  187.8
   2.12 -.002207 -53.80  182.3
   2.14 -.002097 -51.13  176.6
   2.15 -.001981 -48.29  169.5
   2.16 -.001867 -45.51  165.1
   2.17 -.001754 -42.76  164.2
   2.18 -.001640 -39.98  168.6
   2.19 -.001529 -37.27  177.0
   2.20 -.001418 -34.58  188.4
   2.21 -.001312 -31.99  201.1
   2.23 -.001206 -29.41  212.2
   2.24 -.001100 -26.83  218.9
   2.25 -.000994 -24.23  221.1
   2.26 -.000888 -21.65  219.3
   2.27 -.000785 -19.15  217.0
   2.28 -.000686 -16.72  214.6
   2.29 -.000585 -14.27  212.2
   2.30 -.000488 -11.91  209.6
   2.31 -.000390  -9.51  207.2
   2.33 -.000293  -7.15  204.8
   2.34 -.000197  -4.81  202.6
   2.35 -.000105  -2.56  200.1
   2.36 -.000014  -0.35  197.3
   2.37 0.000066   1.60  193.6
   2.38 0.000156   3.81  190.3
   2.39 0.000243   5.93  187.2
   2.41 0.000328   8.00  184.1
   2.42 0.000410   9.99  180.7
   2.43 0.000491  11.98  177.5
   2.44 0.000573  13.98  174.3
   2.45 0.000653  15.92  171.4
   2.46 0.000732  17.84  168.7
   2.47 0.000808  19.70  166.2
   2.48 0.000883  21.53  163.9
   2.50 0.000955  23.30  161.6
   2.51 0.001024  24.96  158.2
   2.52 0.001093  26.66  155.0
   2.53 0.001162  28.33  151.9
   2.54 0.001228  29.94  148.7
   2.55 0.001292  31.51  145.3
   2.56 0.001354  33.03  141.8
   2.57 0.001415  34.51  138.4
   2.59 0.001476  35.99  135.1
   2.60 0.001535  37.42  131.9
   2.61 0.001593  38.83  128.9
   2.62 0.001649  40.22  126.1
   2.63 0.001706  41.59  123.5
   2.64 0.001762  42.98  121.0
   2.65 0.001818  44.32  118.7
   2.66 0.001873  45.68  116.9
   2.68 0.001930  47.07  115.4
   2.69 0.001988  48.47  114.4
   2.70 0.002045  49.87  113.7
   2.71 0.002101  51.23  113.2
   2.72 0.002156  52.57  112.9
   2.73 0.002211  53.92  112.6
   2.74 0.002265  55.24  112.3
   2.75 0.002318  56.52  111.8
   2.77 0.002367  57.73  110.9
   2.78 0.002418  58.96  109.8
   2.79 0.002469  60.21  108.4
   2.80 0.002518  61.40  106.8
   2.81 0.002566  62.57  105.1
   2.82 0.002612  63.71  103.2
   2.83 0.002658  64.81  101.3
   2.84 0.002704  65.95   99.5
   2.86 0.002749  67.03   97.7
   2.87 0.002795  68.15   96.1
   2.88 0.002839  69.24   94.7
   2.89 0.002881  70.25   93.2
   2.90 0.002923  71.27   91.6
   2.91 0.002963  72.26   90.0
   2.92 0.003005  73.28   88.6
   2.93 0.003045  74.25   87.2
   2.95 0.003084  75.21   85.8
   2.96 0.003124  76.19   84.5
   2.97 0.003161  77.09   83.0
   2.98 0.003197  77.96   81.5
   2.99 0.003235  78.88   80.0
   3.00 0.003272  79.80   78.7
   3.01 0.003309  80.69   77.6
   3.02 0.003345  81.56   76.5
   3.04 0.003380  82.43   75.5
   3.05 0.003414  83.26   74.4
   3.06 0.003446  84.04   73.2
   3.07 0.003478  84.81   71.9
   3.08 0.003511  85.61   70.6
   3.09 0.003543  86.40   69.5
   3.10 0.003571  87.08   68.1
   3.11 0.003603  87.87   66.7
   3.13 0.003634  88.63   65.4
   3.14 0.003665  89.38   64.3
   3.15 0.003695  90.10   63.3
   3.16 0.003722  90.77   62.3
   3.17 0.003749  91.43   61.3
   3.18 0.003776  92.09   60.3
   3.19 0.003804  92.76   59.3
   3.20 0.003830  93.40   58.2
   3.21 0.003857  94.05   57.2
   3.23 0.003882  94.67   56.2
   3.24 0.003904  95.20   54.7
   3.25 0.003928  95.81   53.4
   3.26 0.003952  96.38   52.2
   3.27 0.003973  96.90   51.0
   3.28 0.003997  97.47   49.9
   3.29 0.004021  98.06   49.0
   3.31 0.004042  98.58   48.0
   3.32 0.004063  99.10   47.0
   3.33 0.004087  99.67   46.3
   3.34 0.004110 100.24   45.8
   3.35 0.004132 100.78   45.6
   3.36 0.004154 101.30   45.4
   3.37 0.004174 101.81   44.9
   3.38 0.004194 102.29   44.5
   3.40 0.004212 102.73   43.8
   3.41 0.004231 103.18   42.9
   3.42 0.004250 103.64   42.0
   3.43 0.004270 104.13   41.3
   3.44 0.004290 104.61   40.5
   3.45 0.004309 105.08   39.7
   3.46 0.004326 105.50   38.9
   3.47 0.004344 105.94   38.3
   3.49 0.004360 106.34   37.8
   3.50 0.004375 106.71   37.1
   3.51 0.004392 107.11   36.4
   3.52 0.004409 107.54   35.9
   3.53 0.004426 107.95   35.3
   3.54 0.004442 108.33   34.6
   3.55 0.004456 108.67   33.7
   3.56 0.004469 108.98   32.8
   3.58 0.004483 109.33   31.9
   3.59 0.004497 109.67   31.1
   3.60 0.004511 110.03   30.5
   3.61 0.004525 110.36   29.9
   3.62 0.004538 110.68   29.3
   3.63 0.004553 111.05   28.7
   3.64 0.004567 111.39   28.3
   3.65 0.004581 111.73   28.0
   3.67 0.004595 112.07   27.9
   3.68 0.004607 112.37   27.9
   3.69 0.004618 112.63   27.6
   3.70 0.004630 112.93   27.2
   3.71 0.004642 113.21   26.6
   3.72 0.004653 113.49   26.0
   3.73 0.004663 113.72   25.2
   3.74 0.004674 113.98   24.5
   3.76 0.004685 114.26   23.7
   3.77 0.004697 114.54   23.1
   3.78 0.004708 114.82   22.6
   3.79 0.004717 115.03   22.2
   3.80 0.004727 115.28   21.9
   3.81 0.004732 115.41   21.2
   3.82 0.004741 115.63   20.5
   3.83 0.004751 115.87   19.9
   3.84 0.004761 116.12   19.5
   3.86 0.004773 116.40   19.3
   3.87 0.004783 116.64   19.1
   3.88 0.004794 116.91   19.0
   3.89 0.004802 117.11   19.0
   3.90 0.004809 117.28   18.9
   3.91 0.004818 117.51   18.9
   3.92 0.004827 117.73   19.0
   3.94 0.004837 117.97   19.2
   3.95 0.004845 118.17   18.9
   3.96 0.004851 118.31   18.3
   3.97 0.004858 118.49   17.6
   3.98 0.004865 118.66   16.9
   3.99 0.004873 118.86   16.4
   4.00 0.004880 119.01   15.9
   4.01 0.004888 119.22   15.6
   4.03 0.004897 119.44   15.5
   4.04 0.004903 119.58   15.2
   4.05 0.004909 119.72   14.8
   4.06 0.004916 119.90   14.5
   4.07 0.004925 120.12   14.6
   4.08 0.004931 120.26   14.6
   4.09 0.004935 120.37   14.3
   4.10 0.004943 120.56   14.1
   4.12 0.004949 120.71   13.8
   4.13 0.004956 120.88   13.6
   4.14 0.004960 120.98   13.2
   4.15 0.004967 121.14   12.9
   4.16 0.004972 121.25   12.6
   4.17 0.004978 121.41   12.4
   4.18 0.004986 121.60   12.2
   4.19 0.004993 121.77   12.2
   4.21 0.005000 121.93   12.4
   4.22 0.005003 122.02   12.3
   4.23 0.005004 122.05   11.8
   4.24 0.005012 122.23   11.5
   4.25 0.005018 122.38   11.4
   4.26 0.005020 122.44   11.1
   4.27 0.005025 122.55   10.6
   4.28 0.005029 122.66   10.2
   4.30 0.005035 122.80    9.7
   4.31 0.005040 122.93    9.4
   4.32 0.005047 123.09    9.5
   4.33 0.005050 123.17    9.5
   4.34 0.005056 123.30    9.8
   4.35 0.005062 123.45   10.1
   4.36 0.005066 123.56   10.0
   4.37 0.005071 123.68   10.1
   4.39 0.005074 123.76   10.2
   4.40 0.005079 123.87   10.0
   4.41 0.005083 123.97    9.8
   4.42 0.005087 124.06    9.4
   4.43 0.005091 124.16    9.1
   4.44 0.005094 124.25    8.7
   4.45 0.005099 124.35    8.6
   4.46 0.005102 124.44    8.3
   4.48 0.005106 124.52    8.0
   4.49 0.005110 124.62    7.8
   4.50 0.005114 124.71    7.7
   4.51 0.005118 124.81    7.7
   4.52 0.005122 124.91    7.7
   4.53 0.005125 125.00    7.7
   4.54 0.005126 125.02    7.5
   4.55 0.005131 125.13    7.3
   4.57 0.005132 125.17    7.0
   4.58 0.005135 125.25    6.8
   4.59 0.005138 125.32    6.5
   4.60 0.005141 125.38    6.3
   4.61 0.005145 125.47    6.1
   4.62 0.005148 125.54    5.9
   4.63 0.005151 125.62    5.8
   4.64 0.005154 125.71    5.8
   4.66 0.005158 125.79    6.0
   4.67 0.005161 125.87    6.2
   4.68 0.005164 125.95    6.3
   4.69 0.005168 126.04    6.5
   4.70 0.005170 126.10    6.5
   4.71 0.005173 126.17    6.5
   4.72 0.005177 126.26    6.5
   4.73 0.005178 126.28    6.3
   4.75 0.005181 126.36    6.2
   4.76 0.005184 126.44    6.0
   4.77 0.005187 126.50    5.8
   4.78 0.005189 126.55    5.6
   4.79 0.005192 126.62    5.5
   4.80 0.005192 126.62    5.2
   4.81 0.005189 126.56    4.5
   4.82 0.005192 126.62    4.0
   4.84 0.005192 126.64    3.5
   4.85 0.005193 126.65    2.9
   4.86 0.005195 126.69    2.6
   4.87 0.005196 126.74    2.2
   4.88 0.005199 126.79    2.1
   4.89 0.005201 126.85    2.1
   4.90 0.005203 126.89    2.3
   4.91 0.005203 126.90    2.5
   4.93 0.005202 126.88    2.6
   4.94 0.005202 126.88    2.7
   4.95 0.005204 126.91    2.5
   4.96 0.005206 126.96    2.4
   4.97 0.005208 127.01    2.3
   4.98 0.005211 127.10    2.4
   4.99 0.005214 127.16    2.6
   5.00 0.005214 127.18    2.7
   5.02 0.005215 127.20    2.8
   5.03 0.005216 127.21    3.0
   5.04 0.005217 127.25    3.2
   5.05 0.005218 127.27    3.3
   5.06 0.005220 127.31    3.2
   5.07 0.005222 127.35    3.1
   5.08 0.005225 127.43    3.0
   5.09 0.005227 127.49    3.0
   5.11 0.005230 127.54    3.1
   5.12 0.005232 127.60    3.3
   5.13 0.005235 127.67    3.8
   5.14 0.005236 127.70    4.0
   5.15 0.005238 127.74    4.2
   5.16 0.005240 127.80    4.3
   5.17 0.005240 127.80    4.3
   5.18 0.005241 127.81    4.0
   5.20 0.005242 127.84    3.6
   5.21 0.005243 127.86    3.2
   5.22 0.005244 127.91    2.9
   5.23 0.005246 127.94    2.7
   5.24 0.005247 127.96    2.5
   5.25 0.005246 127.95    2.2
   5.26 0.005248 127.99    2.1
   5.27 0.005249 128.02    2.0
   5.29 0.005249 128.02    1.9
   5.30 0.005251 128.06    1.9
   5.31 0.005254 128.14    2.1
   5.32 0.005256 128.18    2.3
   5.33 0.005253 128.12    2.1
   5.34 0.005255 128.17    2.1
   5.35 0.005259 128.25    2.2
   5.37 0.005260 128.29    2.5
   5.38 0.005259 128.27    2.5
   5.39 0.005260 128.29    2.4
   5.40 0.005263 128.35    2.5
   5.41 0.005264 128.38    2.5
   5.42 0.005263 128.36    2.2
   5.43 0.005263 128.36    2.0
   5.44 0.005264 128.38    1.9
   5.45 0.005266 128.44    2.0
   5.47 0.005267 128.46    1.8
   5.48 0.005268 128.49    1.6
   5.49 0.005270 128.52    1.8
   5.50 0.005272 128.57    2.0
   5.51 0.005273 128.60    2.1
   5.52 0.005274 128.63    2.2
   5.53 0.005273 128.60    2.2
   5.54 0.005274 128.63    2.3
   5.56 0.005277 128.69    2.4
   5.57 0.005278 128.71    2.3
   5.58 0.005278 128.73    2.2
   5.59 0.005278 128.72    2.1
   5.60 0.005277 128.69    1.7
   5.61 0.005279 128.75    1.5
   5.62 0.005280 128.77    1.4
   5.64 0.005280 128.77    1.3
   5.65 0.005280 128.77    1.2
   5.66 0.005279 128.75    1.1
   5.67 0.005278 128.74    0.7
   5.68 0.005278 128.74    0.4
   5.69 0.005279 128.75    0.3
   5.70 0.005280 128.78    0.3
   5.71 0.005282 128.82    0.5
   5.72 0.005282 128.83    0.6
   5.74 0.005281 128.80    0.4
   5.75 0.005281 128.80    0.4
   5.76 0.005280 128.78    0.4
   5.77 0.005282 128.81    0.5
   5.78 0.005281 128.80    0.5
   5.79 0.005282 128.83    0.6
   5.80 0.005284 128.87    0.6
   5.82 0.005285 128.89    0.6
   5.83 0.005283 128.84    0.5
   5.84 0.005281 128.81    0.3
   5.85 0.005283 128.84    0.4
   5.86 0.005282 128.83    0.4
   5.87 0.005284 128.87    0.4
   5.88 0.005285 128.90    0.5
   5.89 0.005286 128.93    0.6
   5.91 0.005285 128.89    0.6
   5.92 0.005284 128.86    0.4
   5.93 0.005285 128.89    0.3
   5.94 0.005285 128.91    0.4
   5.95 0.005286 128.93    0.7
   5.96 0.005287 128.94    0.8
   5.97 0.005284 128.87    0.5
   5.98 0.005282 128.82    0.1
   6.00 0.005282 128.83   -0.3
   6.01 0.005281 128.81   -0.6
   6.02 0.005279 128.76   -0.9
   6.03 0.005280 128.77   -1.0
   6.04 0.005280 128.78   -1.1
   6.05 0.005282 128.83   -1.1
   6.06 0.005284 128.87   -0.9
   6.07 0.005284 128.88   -0.5
   6.09 0.005284 128.88   -0.1
   6.10 0.005283 128.84    0.3
   6.11 0.005282 128.82    0.4
   6.12 0.005284 128.87    0.5
   6.13 0.005285 128.89    0.8
   6.14 0.005285 128.90    0.9
   6.15 0.005284 128.87    0.7
   6.16 0.005284 128.86    0.4
   6.18 0.005284 128.87    0.2
   6.19 0.005285 128.90    0.1
   6.20 0.005285 128.90    0.2
   6.21 0.005284 128.87    0.3
   6.22 0.005284 128.87    0.3
   6.23 0.005284 128.87    0.1
   6.24 0.005284 128.88   -0.0
   6.25 0.005285 128.90   -0.0
   6.27 0.005282 128.83   -0.1
   6.28 0.005282 128.81   -0.2
   6.29 0.005279 128.75   -0.6
   6.30 0.005279 128.74   -1.0
   6.31 0.005271 128.55   -1.9
   6.32 0.005211 127.09   -7.1
   6.33 0.000063   1.53 -407.2
   6.34 0.000006   0.16 -738.7
   6.36 0.000090   2.21 -990.0
   6.37 0.001375  33.52 %-1069.9
   6.38 0.005002 122.00 -816.0
   6.39 0.004943 120.55 -562.6
   6.40 0.004882 119.07 -309.4
   6.41 0.004833 117.87  -54.5
   6.42 0.004797 116.99  203.7
   6.44 0.004605 112.31  453.8
   6.45 0.004705 114.75  720.4
   6.46 0.004628 112.86  983.4
   6.47 0.004554 111.07  781.0
   6.48 0.004490 109.49  505.7
   6.49 0.004425 107.92  170.4
   6.50 0.004360 106.34 -113.8
   6.51 0.004297 104.79 -114.9
   6.53 0.004234 103.26 -116.3
   6.54 0.004173 101.77 -118.0
   6.55 0.004111 100.25 -119.1
   6.56 0.004049  98.75 -118.1
   6.57 0.003988  97.27 -128.8
   6.58 0.003928  95.80 -126.3
   6.59 0.003869  94.36 -124.6
   6.60 0.003809  92.90 -123.6
   6.61 0.003750  91.46 -122.5
   6.63 0.003692  90.04 -121.5
   6.64 0.003634  88.62 -120.5
   6.65 0.003577  87.23 -119.6
   6.66 0.003520  85.84 -118.7
   6.67 0.003463  84.45 -117.7
   6.68 0.003407  83.09 -116.8
   6.69 0.003352  81.74 -115.8
   6.71 0.003297  80.40 -114.9
   6.72 0.003242  79.06 -114.0
   6.73 0.003188  77.75 -112.9
   6.74 0.003134  76.42 -112.0
   6.75 0.003081  75.15 -111.1
   6.76 0.003028  73.85 -110.1
   6.77 0.002976  72.57 -109.2
   6.78 0.002923  71.29 -108.4
   6.80 0.002872  70.05 -107.4
   6.81 0.002821  68.79 -106.6
   6.82 0.002770  67.55 -105.8
   6.83 0.002719  66.31 -104.9
   6.84 0.002669  65.08 -104.2
   6.85 0.002619  63.86 -103.5
   6.86 0.002570  62.66 -102.7
   6.87 0.002521  61.47 -101.9
   6.89 0.002473  60.30 -101.1
   6.90 0.002425  59.13 -100.2
   6.91 0.002377  57.97  -99.4
   6.92 0.002330  56.81  -98.6
   6.93 0.002283  55.66  -97.8
   6.94 0.002237  54.54  -96.9
   6.95 0.002190  53.41  -96.0
   6.96 0.002144  52.29  -95.2
   6.98 0.002099  51.19  -94.5
   6.99 0.002054  50.09  -93.7
   7.00 0.002010  49.00  -93.0
   7.01 0.001965  47.92  -92.3
   7.02 0.001921  46.85  -91.6
   7.03 0.001878  45.79  -90.8
   7.04 0.001834  44.73  -90.0
   7.05 0.001792  43.69  -89.3
   7.07 0.001749  42.64  -88.6
   7.08 0.001707  41.63  -87.9
   7.09 0.001665  40.61  -87.1
   7.10 0.001624  39.60  -86.4
   7.11 0.001583  38.61  -85.7
   7.12 0.001542  37.61  -84.9
   7.13 0.001502  36.63  -84.1
   7.14 0.001462  35.66  -83.4
   7.16 0.001423  34.70  -82.7
   7.17 0.001384  33.74  -81.9
   7.18 0.001345  32.80  -81.1
   7.19 0.001306  31.86  -80.4
   7.20 0.001268  30.93  -79.7
   7.21 0.001231  30.01  -79.0
   7.22 0.001193  29.08  -78.3
   7.23 0.001155  28.17  -77.7
   7.25 0.001119  27.28  -77.0
   7.26 0.001082  26.39  -76.4
   7.27 0.001046  25.50  -75.7
   7.28 0.001010  24.62  -75.1
   7.29 0.000974  23.75  -74.5
   7.30 0.000938  22.88  -73.9
   7.31 0.000903  22.03  -73.3
   7.32 0.000868  21.17  -72.7
   7.34 0.000833  20.32  -72.2
   7.35 0.000799  19.48  -71.6
   7.36 0.000765  18.64  -71.1
   7.37 0.000731  17.82  -70.6
   7.38 0.000696  16.97  -70.1
   7.39 0.000663  16.17  -69.6
   7.40 0.000629  15.35  -69.1
   7.41 0.000596  14.54  -68.7
   7.43 0.000564  13.75  -68.1
   7.44 0.000532  12.96  -67.6
   7.45 0.000500  12.18  -67.1
   7.46 0.000468  11.41  -66.5
   7.47 0.000437  10.64  -65.9
   7.48 0.000405   9.88  -65.3
   7.49 0.000374   9.11  -64.8
   7.50 0.000343   8.37  -64.2
   7.52 0.000313   7.63  -63.6
   7.53 0.000282   6.89  -63.0
   7.54 0.000253   6.16  -62.5
   7.55 0.000223   5.44  -62.0
   7.56 0.000194   4.73  -61.4
   7.57 0.000165   4.01  -60.9
   7.58 0.000136   3.30  -60.4
   7.59 0.000107   2.61  -59.9
   7.61 0.000078   1.90  -59.3
   7.62 0.000050   1.22  -58.8
   7.63 0.000022   0.54  -58.4
   7.64 -.000005  -0.13  -57.9
   7.65 -.000033  -0.81  -57.4
   7.66 -.000061  -1.48  -56.9
   7.67 -.000088  -2.14  -56.5
   7.68 -.000114  -2.78  -56.0
   7.70 -.000141  -3.44  -55.5
   7.71 -.000167  -4.08  -55.0
   7.72 -.000194  -4.73  -54.6
   7.73 -.000219  -5.35  -54.1
   7.74 -.000245  -5.97  -53.7
   7.75 -.000270  -6.59  -53.2
   7.76 -.000296  -7.22  -52.8
   7.77 -.000321  -7.83  -52.3
   7.79 -.000346  -8.43  -51.9
   7.80 -.000371  -9.04  -51.4
   7.81 -.000395  -9.62  -51.0
   7.82 -.000419 -10.23  -50.6
   7.83 -.000444 -10.82  -50.2
   7.84 -.000468 -11.40  -49.8
   7.85 -.000491 -11.97  -49.4
   7.86 -.000515 -12.54  -49.0
   7.88 -.000538 -13.12  -48.6
   7.89 -.000561 -13.67  -48.2
   7.90 -.000584 -14.24  -47.8
   7.91 -.000606 -14.79  -47.4
   7.92 -.000629 -15.33  -46.9
   7.93 -.000652 -15.90  -46.6
   7.94 -.000674 -16.43  -46.2
   7.95 -.000696 -16.97  -45.8
   7.96 -.000718 -17.50  -45.5
   7.98 -.000739 -18.03  -45.1
   7.99 -.000761 -18.54  -44.7
   8.00 -.000782 -19.07  -44.4
   8.01 -.000804 -19.59  -44.1
   8.02 -.000825 -20.11  -43.8
   8.03 -.000845 -20.61  -43.4
   8.04 -.000866 -21.12  -43.1
   8.06 -.000886 -21.61  -42.6
   8.07 -.000907 -22.11  -42.3
   8.08 -.000927 -22.61  -42.0
   8.09 -.000947 -23.10  -41.7
   8.10 -.000967 -23.57  -41.4
   8.11 -.000987 -24.06  -41.1
   8.12 -.001006 -24.53  -40.7
   8.13 -.001026 -25.01  -40.4
   8.15 -.001045 -25.49  -40.1
   8.16 -.001064 -25.94  -39.8
   8.17 -.001083 -26.40  -39.4
   8.18 -.001102 -26.86  -39.1
   8.19 -.001120 -27.32  -38.8
   8.20 -.001139 -27.77  -38.5
   8.21 -.001158 -28.23  -38.3
   8.22 -.001176 -28.68  -38.0
   8.23 -.001195 -29.13  -37.8
   8.25 -.001213 -29.57  -37.5
   8.26 -.001230 -30.00  -37.3
   8.27 -.001249 -30.44  -37.0
   8.28 -.001266 -30.88  -36.8
   8.29 -.001284 -31.30  -36.6
   8.30 -.001301 -31.72  -36.3
   8.31 -.001318 -32.14  -36.0
   8.33 -.001335 -32.56  -35.6
   8.34 -.001352 -32.97  -35.3
   8.35 -.001369 -33.38  -35.0
   8.36 -.001385 -33.78  -34.7
   8.37 -.001402 -34.19  -34.4
   8.38 -.001419 -34.59  -34.1
   8.39 -.001435 -34.99  -33.8
   8.40 -.001451 -35.39  -33.6
   8.42 -.001467 -35.78  -33.4
   8.43 -.001483 -36.17  -33.1
   8.44 -.001499 -36.55  -32.9
   8.45 -.001515 -36.93  -32.6
   8.46 -.001530 -37.31  -32.4
   8.47 -.001545 -37.68  -32.1
   8.48 -.001561 -38.06  -31.9
   8.49 -.001576 -38.43  -31.6
   8.51 -.001591 -38.79  -31.3
   8.52 -.001606 -39.15  -31.0
   8.53 -.001621 -39.51  -30.8
   8.54 -.001636 -39.88  -30.6
   8.55 -.001650 -40.23  -30.3
   8.56 -.001665 -40.59  -30.1
   8.57 -.001679 -40.94  -29.9
   8.58 -.001693 -41.29  -29.7
   8.60 -.001708 -41.64  -29.4
   8.61 -.001722 -41.97  -29.2
   8.62 -.001736 -42.32  -29.0
   8.63 -.001749 -42.64  -28.8
   8.64 -.001763 -42.98  -28.5
   8.65 -.001777 -43.33  -28.3
   8.66 -.001790 -43.65  -28.1
   8.67 -.001804 -43.98  -27.9
   8.69 -.001817 -44.31  -27.7
   8.70 -.001830 -44.62  -27.5
   8.71 -.001843 -44.95  -27.3
   8.72 -.001857 -45.27  -27.1
   8.73 -.001870 -45.58  -26.9
   8.74 -.001882 -45.89  -26.7
   8.75 -.001895 -46.20  -26.5
   8.76 -.001908 -46.52  -26.3
   8.78 -.001920 -46.82  -26.1
   8.79 -.001933 -47.13  -25.9
   8.80 -.001945 -47.43  -25.7
   8.81 -.001958 -47.73  -25.5
   8.82 -.001970 -48.02  -25.3
   8.83 -.001982 -48.33  -25.2
   8.84 -.001994 -48.63  -25.0
   8.85 -.002006 -48.91  -24.9
   8.86 -.002018 -49.21  -24.7
   8.88 -.002030 -49.50  -24.5
   8.89 -.002042 -49.78  -24.4
   8.90 -.002053 -50.06  -24.2
   8.91 -.002065 -50.35  -24.0
   8.92 -.002077 -50.63  -23.9
   8.93 -.002088 -50.91  -23.7
   8.94 -.002099 -51.19  -23.5
   8.96 -.002111 -51.46  -23.3
   8.97 -.002122 -51.73  -23.2
   8.98 -.002133 -52.01  -23.0
   8.99 -.002144 -52.27  -22.9
   9.00 -.002155 -52.54  -22.7
   9.01 -.002165 -52.79  -22.5
   9.02 -.002176 -53.05  -22.3
   9.03 -.002186 -53.31  -22.0
   9.05 -.002197 -53.56  -21.8
   9.06 -.002207 -53.81  -21.6
   9.07 -.002218 -54.07  -21.4
   9.08 -.002227 -54.31  -21.2
   9.09 -.002238 -54.56  -21.0
   9.10 -.002247 -54.79  -20.8
   9.11 -.002257 -55.03  -20.6
   9.12 -.002267 -55.28  -20.5
   9.13 -.002277 -55.52  -20.4
   9.15 -.002286 -55.75  -20.2
   9.16 -.002297 -56.00  -20.0
   9.17 -.002306 -56.23  -19.9
   9.18 -.002316 -56.47  -19.8
   9.19 -.002326 -56.70  -19.7
   9.20 -.002335 -56.92  -19.5
   9.21 -.002344 -57.16  -19.4
   9.23 -.002354 -57.38  -19.3
   9.24 -.002363 -57.62  -19.2
   9.25 -.002372 -57.83  -19.0
   9.26 -.002381 -58.06  -18.9
   9.27 -.002390 -58.27  -18.8
   9.28 -.002399 -58.50  -18.6
   9.29 -.002408 -58.71  -18.5
   9.30 -.002417 -58.92  -18.3
   9.32 -.002426 -59.15  -18.2
   9.33 -.002435 -59.36  -18.1
   9.34 -.002443 -59.56  -17.9
   9.35 -.002451 -59.77  -17.8
   9.36 -.002460 -59.98  -17.7
   9.37 -.002469 -60.19  -17.6
   9.38 -.002477 -60.40  -17.5
   9.39 -.002485 -60.59  -17.3
   9.40 -.002494 -60.80  -17.2
   9.42 -.002502 -61.00  -17.1
   9.43 -.002510 -61.20  -16.9
   9.44 -.002519 -61.41  -16.9
   9.45 -.002526 -61.59  -16.7
   9.46 -.002534 -61.78  -16.6
   9.47 -.002542 -61.98  -16.5
   9.48 -.002550 -62.17  -16.3
   9.49 -.002557 -62.35  -16.1
   9.51 -.002565 -62.53  -16.0
   9.52 -.002572 -62.71  -15.8
   9.53 -.002579 -62.89  -15.6
   9.54 -.002586 -63.05  -15.3
   9.55 -.002593 -63.21  -15.0
   9.56 -.002598 -63.35  -14.6
   9.57 -.002603 -63.47  -14.2
   9.59 -.002608 -63.59  -13.6
   9.60 -.002613 -63.71  -13.0
   9.61 -.002618 -63.83  -12.4
   9.62 -.002622 -63.92  -11.7
   9.63 -.002626 -64.01  -11.0
   9.64 -.002629 -64.11  -10.3
   9.65 -.002633 -64.20   -9.6
   9.66 -.002637 -64.30   -9.1
   9.68 -.002641 -64.38   -8.6
   9.69 -.002644 -64.46   -8.3
   9.70 -.002648 -64.56   -8.0
   9.71 -.002652 -64.65   -7.7
   9.72 -.002656 -64.75   -7.6
   9.73 -.002659 -64.82   -7.4
   9.74 -.002662 -64.91   -7.3
   9.75 -.002666 -64.99   -7.3
   9.76 -.002669 -65.07   -7.2
   9.78 -.002672 -65.15   -7.1
   9.79 -.002676 -65.24   -7.1
   9.80 -.002679 -65.32   -7.0
   9.81 -.002682 -65.39   -6.9
   9.82 -.002686 -65.48   -6.8
   9.83 -.002689 -65.56   -6.8
   9.84 -.002692 -65.63   -6.7
   9.86 -.002695 -65.70   -6.6
   9.87 -.002698 -65.78   -6.5
   9.88 -.002701 -65.86   -6.5
   9.89 -.002704 -65.91   -6.3
   9.90 -.002706 -65.98   -6.2
   9.91 -.002709 -66.05   -6.1
   9.92 -.002712 -66.12   -5.9
   9.93 -.002714 -66.18   -5.8
   9.95 -.002717 -66.25   -5.7
   9.96 -.002719 -66.30   -5.6
   9.97 -.002722 -66.36   -5.5
   9.98 -.002725 -66.44   -5.4
   9.99 -.002728 -66.51   -5.3
  10.00 -.002730 -66.57   -5.3
  10.01 -.002733 -66.63   -5.3
  10.02 -.002736 -66.70   -5.3
  10.03 -.002738 -66.76   -5.3
  10.05 -.002741 -66.83   -5.3
  10.06 -.002744 -66.89   -5.3
  10.07 -.002747 -66.97   -5.4
  10.08 -.002750 -67.05   -5.5
  10.09 -.002754 -67.13   -5.6
  10.10 -.002757 -67.22   -5.7
  10.11 -.002760 -67.30   -5.9
  10.13 -.002763 -67.37   -6.0
  10.14 -.002767 -67.46   -6.2
  10.15 -.002771 -67.55   -6.4
  10.16 -.002774 -67.64   -6.6
  10.17 -.002778 -67.73   -6.8
  10.18 -.002782 -67.82   -6.9
  10.19 -.002785 -67.90   -7.0
  10.20 -.002789 -68.00   -7.1
  10.22 -.002793 -68.09   -7.2
  10.23 -.002797 -68.19   -7.3
  10.24 -.002801 -68.29   -7.4
  10.25 -.002805 -68.38   -7.5
  10.26 -.002808 -68.47   -7.5
  10.27 -.002812 -68.56   -7.6
  10.28 -.002816 -68.66   -7.6
  10.29 -.002820 -68.76   -7.7
  10.30 -.002825 -68.86   -7.8
  10.32 -.002829 -68.96   -7.9
  10.33 -.002833 -69.06   -7.9
  10.34 -.002836 -69.15   -8.0
  10.35 -.002841 -69.25   -8.0
  10.36 -.002845 -69.36   -8.0
  10.37 -.002849 -69.45   -8.1
  10.38 -.002853 -69.55   -8.1
  10.40 -.002857 -69.66   -8.2
  10.41 -.002861 -69.76   -8.2
  10.42 -.002865 -69.86   -8.2
  10.43 -.002869 -69.96   -8.2
  10.44 -.002874 -70.07   -8.2
  10.45 -.002878 -70.16   -8.3
  10.46 -.002882 -70.27   -8.3
  10.47 -.002886 -70.36   -8.3
  10.49 -.002890 -70.47   -8.3
  10.50 -.002894 -70.57   -8.3
  10.51 -.002899 -70.67   -8.3
  10.52 -.002902 -70.75   -8.2
  10.53 -.002907 -70.88   -8.3
  10.54 -.002911 -70.96   -8.2
  10.55 -.002914 -71.06   -8.2
  10.56 -.002919 -71.17   -8.2
  10.57 -.002923 -71.27   -8.2
  10.59 -.002927 -71.37   -8.2
  10.60 -.002932 -71.47   -8.2
  10.61 -.002935 -71.57   -8.2
  10.62 -.002940 -71.67   -8.2
  10.63 -.002944 -71.77   -8.2
  10.64 -.002948 -71.87   -8.3
  10.65 -.002952 -71.96   -8.2
  10.67 -.002956 -72.06   -8.2
  10.68 -.002960 -72.16   -8.2
  10.69 -.002964 -72.26   -8.2
  10.70 -.002968 -72.36   -8.1
  10.71 -.002972 -72.45   -8.1
  10.72 -.002976 -72.55   -8.0
  10.73 -.002980 -72.66   -8.1
  10.74 -.002984 -72.75   -8.0
  10.76 -.002988 -72.85   -8.0
  10.77 -.002992 -72.93   -8.0
  10.78 -.002996 -73.04   -8.0
  10.79 -.003000 -73.14   -8.0
  10.80 -.003004 -73.23   -8.0
  10.81 -.003007 -73.32   -7.9
  10.82 -.003012 -73.43   -7.9
  10.83 -.003015 -73.51   -7.9
  10.85 -.003019 -73.60   -7.9
  10.86 -.003023 -73.69   -7.8
  10.87 -.003027 -73.79   -7.8
  10.88 -.003031 -73.90   -7.8
  10.89 -.003034 -73.98   -7.7
  10.90 -.003038 -74.07   -7.7
  10.91 -.003042 -74.17   -7.7
  10.92 -.003046 -74.26   -7.7
  10.94 -.003049 -74.34   -7.6
  10.95 -.003054 -74.45   -7.7
  10.96 -.003057 -74.54   -7.7
  10.97 -.003061 -74.62   -7.6
  10.98 -.003065 -74.73   -7.6
  10.99 -.003068 -74.80   -7.6
  11.00 -.003072 -74.90   -7.5
  11.01 -.003076 -74.98   -7.5
  11.03 -.003079 -75.07   -7.5
  11.04 -.003083 -75.17   -7.4
  11.05 -.003087 -75.26   -7.4
  11.06 -.003090 -75.34   -7.4
  11.07 -.003094 -75.42   -7.3
  11.08 -.003098 -75.52   -7.3
  11.09 -.003101 -75.60   -7.3
  11.10 -.003105 -75.70   -7.3
  11.12 -.003108 -75.77   -7.3
  11.13 -.003112 -75.87   -7.2
  11.14 -.003115 -75.96   -7.2
  11.15 -.003119 -76.05   -7.2
  11.16 -.003123 -76.13   -7.2
  11.17 -.003126 -76.22   -7.2
  11.18 -.003130 -76.30   -7.2
  11.19 -.003133 -76.38   -7.2
  11.21 -.003136 -76.46   -7.1
  11.22 -.003140 -76.56   -7.1
  11.23 -.003143 -76.63   -7.0
  11.24 -.003147 -76.72   -7.0
  11.25 -.003150 -76.79   -6.9
  11.26 -.003153 -76.88   -6.8
  11.27 -.003157 -76.96   -6.8
  11.28 -.003160 -77.04   -6.8
  11.30 -.003163 -77.12   -6.7
  11.31 -.003166 -77.20   -6.7
  11.32 -.003170 -77.28   -6.7
  11.33 -.003173 -77.35   -6.6
  11.34 -.003176 -77.44   -6.6
  11.35 -.003180 -77.53   -6.6
  11.36 -.003183 -77.61   -6.6
  11.37 -.003186 -77.68   -6.6
  11.38 -.003189 -77.76   -6.6
  11.40 -.003192 -77.83   -6.5
  11.41 -.003195 -77.90   -6.5
  11.42 -.003198 -77.98   -6.4
  11.43 -.003202 -78.05   -6.4
  11.44 -.003205 -78.13   -6.3
  11.45 -.003208 -78.20   -6.3
  11.46 -.003211 -78.29   -6.2
  11.47 -.003214 -78.36   -6.2
  11.49 -.003217 -78.43   -6.2
  11.50 -.003220 -78.51   -6.2
  11.51 -.003224 -78.59   -6.3
  11.52 -.003226 -78.66   -6.3
  11.53 -.003230 -78.74   -6.3
  11.54 -.003233 -78.81   -6.3
  11.55 -.003236 -78.89   -6.2
  11.57 -.003239 -78.96   -6.2
  11.58 -.003242 -79.03   -6.2
  11.59 -.003244 -79.10   -6.1
  11.60 -.003247 -79.16   -6.0
  11.61 -.003250 -79.24   -6.0
  11.62 -.003253 -79.31   -5.9
  11.63 -.003256 -79.38   -5.8
  11.64 -.003259 -79.45   -5.8
  11.66 -.003261 -79.51   -5.7
  11.67 -.003264 -79.59   -5.7
  11.68 -.003267 -79.65   -5.7
  11.69 -.003270 -79.72   -5.7
  11.70 -.003272 -79.78   -5.6
  11.71 -.003276 -79.86   -5.7
  11.72 -.003278 -79.93   -5.7
  11.73 -.003281 -79.99   -5.6
  11.74 -.003284 -80.06   -5.6
  11.76 -.003287 -80.13   -5.6
  11.77 -.003289 -80.20   -5.6
  11.78 -.003292 -80.26   -5.6
  11.79 -.003295 -80.33   -5.6
  11.80 -.003298 -80.40   -5.6
  11.81 -.003300 -80.46   -5.5
  11.82 -.003303 -80.52   -5.5
  11.84 -.003306 -80.59   -5.4
  11.85 -.003308 -80.65   -5.4
  11.86 -.003311 -80.72   -5.4
  11.87 -.003313 -80.77   -5.3
  11.88 -.003316 -80.85   -5.3
  11.89 -.003319 -80.92   -5.3
  11.90 -.003321 -80.97   -5.3
  11.91 -.003323 -81.03   -5.2
  11.93 -.003326 -81.10   -5.2
  11.94 -.003329 -81.16   -5.2
  11.95 -.003331 -81.20   -5.1
  11.96 -.003333 -81.26   -5.1
  11.97 -.003336 -81.33   -5.0
  11.98 -.003338 -81.38   -5.0
  11.99 -.003341 -81.45   -5.0
  12.00 -.003343 -81.51   -4.9
  12.01 -.003346 -81.57   -4.9
  12.03 -.003348 -81.62   -4.9
  12.04 -.003350 -81.68   -4.9
  12.05 -.003353 -81.74   -4.8
  12.06 -.003355 -81.80   -4.9
  12.07 -.003358 -81.87   -4.9
  12.08 -.003360 -81.92   -4.9
  12.09 -.003363 -81.98   -4.8
  12.11 -.003365 -82.04   -4.9
  12.12 -.003367 -82.09   -4.8
  12.13 -.003370 -82.15   -4.8
  12.14 -.003371 -82.19   -4.7
  12.15 -.003374 -82.27   -4.8
  12.16 -.003376 -82.32   -4.7
  12.17 -.003378 -82.36   -4.6
  12.18 -.003381 -82.43   -4.6
  12.20 -.003383 -82.48   -4.6
  12.21 -.003385 -82.53   -4.6
  12.22 -.003388 -82.59   -4.6
  12.23 -.003390 -82.65   -4.6
  12.24 -.003392 -82.69   -4.5
  12.25 -.003395 -82.77   -4.5
  12.26 -.003397 -82.82   -4.6
  12.27 -.003399 -82.88   -4.6
  12.28 -.003401 -82.92   -4.6
  12.30 -.003404 -82.98   -4.6
  12.31 -.003406 -83.04   -4.5
  12.32 -.003408 -83.08   -4.5
  12.33 -.003410 -83.14   -4.5
  12.34 -.003412 -83.19   -4.5
  12.35 -.003414 -83.24   -4.4
  12.36 -.003416 -83.28   -4.4
  12.38 -.003418 -83.34   -4.3
  12.39 -.003420 -83.38   -4.2
  12.40 -.003423 -83.44   -4.2
  12.41 -.003424 -83.49   -4.2
  12.42 -.003427 -83.54   -4.1
  12.43 -.003428 -83.59   -4.1
  12.44 -.003430 -83.64   -4.1
  12.45 -.003432 -83.68   -4.0
  12.47 -.003435 -83.74   -4.1
  12.48 -.003436 -83.78   -4.1
  12.49 -.003438 -83.82   -4.0
  12.50 -.003440 -83.88   -4.0
  12.51 -.003442 -83.92   -4.0
  12.52 -.003444 -83.97   -3.9
  12.53 -.003446 -84.02   -3.9
  12.54 -.003448 -84.07   -3.9
  12.55 -.003450 -84.10   -3.9
  12.57 -.003452 -84.15   -3.9
  12.58 -.003453 -84.19   -3.8
  12.59 -.003455 -84.24   -3.8
  12.60 -.003457 -84.29   -3.8
  12.61 -.003459 -84.33   -3.8
  12.62 -.003461 -84.37   -3.7
  12.63 -.003463 -84.42   -3.7
  12.65 -.003464 -84.46   -3.6
  12.66 -.003466 -84.51   -3.6
  12.67 -.003468 -84.54   -3.6
  12.68 -.003469 -84.59   -3.6
  12.69 -.003471 -84.63   -3.5
  12.70 -.003473 -84.67   -3.5
  12.71 -.003475 -84.72   -3.5
  12.72 -.003477 -84.77   -3.5
  12.74 -.003478 -84.80   -3.5
  12.75 -.003480 -84.84   -3.5
  12.76 -.003482 -84.89   -3.5
  12.77 -.003484 -84.93   -3.5
  12.78 -.003485 -84.97   -3.5
  12.79 -.003487 -85.02   -3.5
  12.80 -.003489 -85.06   -3.5
  12.81 -.003491 -85.10   -3.5
  12.82 -.003492 -85.14   -3.5
  12.84 -.003494 -85.19   -3.5
  12.85 -.003496 -85.22   -3.5
  12.86 -.003497 -85.27   -3.5
  12.87 -.003499 -85.30   -3.5
  12.88 -.003500 -85.34   -3.4
  12.89 -.003502 -85.38   -3.4
  12.90 -.003504 -85.42   -3.3
  12.91 -.003505 -85.46   -3.3
  12.93 -.003507 -85.51   -3.3
  12.94 -.003509 -85.54   -3.3
  12.95 -.003510 -85.58   -3.2
  12.96 -.003512 -85.61   -3.2
  12.97 -.003513 -85.65   -3.2
  12.98 -.003514 -85.68   -3.1
  12.99 -.003516 -85.72   -3.1
  13.01 -.003517 -85.75   -3.0
  13.02 -.003520 -85.81   -3.1
  13.03 -.003520 -85.83   -3.0
  13.04 -.003522 -85.86   -3.0
  13.05 -.003523 -85.90   -2.9
  13.06 -.003525 -85.94   -2.9
  13.07 -.003526 -85.97   -2.9
  13.08 -.003527 -86.00   -2.9
  13.10 -.003529 -86.05   -2.9
  13.11 -.003530 -86.07   -2.9
  13.12 -.003532 -86.11   -2.9
  13.13 -.003533 -86.14   -2.9
  13.14 -.003535 -86.18   -2.8
  13.15 -.003536 -86.21   -2.9
  13.16 -.003538 -86.25   -2.9
  13.17 -.003539 -86.28   -2.8
  13.18 -.003540 -86.31   -2.8
  13.20 -.003542 -86.35   -2.8
  13.21 -.003543 -86.39   -2.8
  13.22 -.003544 -86.40   -2.7
  13.23 -.003546 -86.45   -2.8
  13.24 -.003547 -86.48   -2.8
  13.25 -.003548 -86.51   -2.7
  13.26 -.003550 -86.55   -2.8
  13.28 -.003552 -86.59   -2.8
  13.29 -.003552 -86.61   -2.8
  13.30 -.003554 -86.65   -2.8
  13.31 -.003555 -86.67   -2.7
  13.32 -.003557 -86.71   -2.7
  13.33 -.003558 -86.74   -2.7
  13.34 -.003559 -86.77   -2.7
  13.35 -.003560 -86.79   -2.6
  13.37 -.003561 -86.81   -2.5
  13.38 -.003562 -86.85   -2.5
  13.39 -.003564 -86.88   -2.4
  13.40 -.003565 -86.91   -2.4
  13.41 -.003566 -86.94   -2.4
  13.42 -.003567 -86.97   -2.4
  13.43 -.003568 -87.00   -2.4
  13.44 -.003570 -87.03   -2.4
  13.45 -.003571 -87.05   -2.4
  13.47 -.003572 -87.08   -2.4
  13.48 -.003573 -87.11   -2.4
  13.49 -.003575 -87.15   -2.4
  13.50 -.003575 -87.17   -2.4
  13.51 -.003576 -87.19   -2.4
  13.52 -.003578 -87.23   -2.4
  13.53 -.003579 -87.26   -2.4
  13.54 -.003580 -87.28   -2.4
  13.56 -.003581 -87.31   -2.3
  13.57 -.003582 -87.34   -2.3
  13.58 -.003584 -87.37   -2.4
  13.59 -.003585 -87.39   -2.3
  13.60 -.003586 -87.41   -2.3
  13.61 -.003587 -87.44   -2.2
  13.62 -.003588 -87.47   -2.2
  13.64 -.003589 -87.51   -2.2
  13.65 -.003590 -87.53   -2.2
  13.66 -.003591 -87.55   -2.2
  13.67 -.003593 -87.59   -2.2
  13.68 -.003593 -87.61   -2.2
  13.69 -.003594 -87.63   -2.2
  13.70 -.003596 -87.66   -2.2
  13.71 -.003597 -87.69   -2.2
  13.72 -.003598 -87.72   -2.2
  13.74 -.003599 -87.74   -2.2
  13.75 -.003599 -87.75   -2.2
  13.76 -.003601 -87.78   -2.1
  13.77 -.003602 -87.82   -2.1
  13.78 -.003603 -87.84   -2.1
  13.79 -.003604 -87.86   -2.1
  13.80 -.003605 -87.88   -2.0
  13.81 -.003606 -87.91   -2.0
  13.83 -.003606 -87.92   -2.0
  13.84 -.003608 -87.96   -2.0
  13.85 -.003608 -87.97   -1.9
  13.86 -.003609 -88.00   -1.9
  13.87 -.003610 -88.02   -1.9
  13.88 -.003611 -88.05   -1.9
  13.89 -.003612 -88.07   -1.9
  13.90 -.003613 -88.09   -1.9
  13.92 -.003614 -88.11   -1.9
  13.93 -.003615 -88.13   -1.9
  13.94 -.003616 -88.16   -1.9
  13.95 -.003617 -88.19   -1.9
  13.96 -.003618 -88.21   -1.9
  13.97 -.003619 -88.22   -1.9
  13.98 -.003620 -88.25   -1.9
  13.99 -.003621 -88.28   -1.9
  14.01 -.003622 -88.30   -1.9
  14.02 -.003622 -88.32   -1.9
  14.03 -.003624 -88.35   -1.9
  14.04 -.003624 -88.36   -1.9
  14.05 -.003625 -88.39   -1.9
  14.06 -.003626 -88.41   -1.8
  14.07 -.003628 -88.44   -1.9
  14.08 -.003628 -88.45   -1.8
  14.10 -.003629 -88.48   -1.9
  14.11 -.003630 -88.50   -1.8
  14.12 -.003631 -88.53   -1.9
  14.13 -.003632 -88.54   -1.9
  14.14 -.003633 -88.56   -1.9
  14.15 -.003634 -88.60   -1.9
  14.16 -.003634 -88.60   -1.9
  14.17 -.003635 -88.62   -1.8
  14.19 -.003636 -88.65   -1.8
  14.20 -.003637 -88.67   -1.7
  14.21 -.003637 -88.67   -1.7
  14.22 -.003639 -88.71   -1.6
  14.23 -.003639 -88.72   -1.6
  14.24 -.003640 -88.73   -1.5
  14.25 -.003640 -88.75   -1.5
  14.26 -.003641 -88.77   -1.5
  14.28 -.003642 -88.79   -1.5
  14.29 -.003643 -88.81   -1.5
  14.30 -.003643 -88.82   -1.5
  14.31 -.003644 -88.84   -1.5
  14.32 -.003645 -88.86   -1.5
  14.33 -.003646 -88.88   -1.5
  14.34 -.003647 -88.91   -1.5
  14.35 -.003648 -88.93   -1.6
  14.37 -.003648 -88.95   -1.6
  14.38 -.003649 -88.95   -1.6
  14.39 -.003650 -88.99   -1.6
  14.40 -.003651 -89.00   -1.6
  14.41 -.003651 -89.02   -1.6
  14.42 -.003652 -89.04   -1.6
  14.43 -.003653 -89.06   -1.6
  14.44 -.003654 -89.07   -1.6
  14.46 -.003654 -89.09   -1.6
  14.47 -.003655 -89.11   -1.5
  14.48 -.003656 -89.12   -1.5
  14.49 -.003656 -89.14   -1.5
  14.50 -.003657 -89.15   -1.4
  14.51 -.003657 -89.17   -1.3
  14.52 -.003658 -89.19   -1.4
  14.53 -.003659 -89.20   -1.3
  14.55 -.003659 -89.22   -1.3
  14.56 -.003660 -89.24   -1.3
  14.57 -.003661 -89.26   -1.3
  14.58 -.003662 -89.27   -1.4
  14.59 -.003663 -89.30   -1.4
  14.60 -.003664 -89.32   -1.5
  14.61 -.003664 -89.32   -1.4
  14.62 -.003664 -89.33   -1.4
  14.64 -.003665 -89.35   -1.4
  14.65 -.003666 -89.37   -1.3
  14.66 -.003666 -89.38   -1.3
  14.67 -.003667 -89.40   -1.3
  14.68 -.003667 -89.41   -1.2
  14.69 -.003668 -89.43   -1.2
  14.70 -.003669 -89.44   -1.2
  14.71 -.003669 -89.46   -1.2
  14.73 -.003670 -89.48   -1.2
  14.74 -.003671 -89.49   -1.3
  14.75 -.003671 -89.50   -1.3
  14.76 -.003672 -89.51   -1.2
  14.77 -.003672 -89.53   -1.2
  14.78 -.003673 -89.54   -1.2
  14.79 -.003674 -89.56   -1.2
  14.80 -.003674 -89.57   -1.2
  14.82 -.003675 -89.59   -1.2
  14.83 -.003675 -89.60   -1.2
  14.84 -.003676 -89.61   -1.1
  14.85 -.003676 -89.62   -1.1
  14.86 -.003676 -89.63   -1.1
  14.87 -.003677 -89.65   -1.1
  14.88 -.003678 -89.66   -1.1
  14.89 -.003678 -89.67   -1.1
  14.91 -.003679 -89.69   -1.1
  14.92 -.003679 -89.70   -1.0
  14.93 -.003680 -89.71   -1.1
  14.94 -.003680 -89.72   -1.0
  14.95 -.003681 -89.74   -1.0
  14.96 -.003682 -89.76   -1.1
  14.97 -.003682 -89.77   -1.1
  14.98 -.003682 -89.78   -1.1
  15.00 -.003683 -89.80   -1.1
  15.01 -.003683 -89.80   -1.1
  15.02 -.003684 -89.82   -1.1
  15.03 -.003684 -89.83   -1.1
  15.04 -.003685 -89.84   -1.1
  15.05 -.003686 -89.85   -1.0
  15.06 -.003686 -89.86   -1.0
  15.07 -.003687 -89.88   -1.0
  15.09 -.003687 -89.89   -1.0
  15.10 -.003688 -89.90   -1.0
  15.11 -.003688 -89.91   -1.0
  15.12 -.003688 -89.92   -1.0
  15.13 -.003688 -89.92   -0.9
  15.14 -.003689 -89.94   -0.9
  15.15 -.003689 -89.94   -0.9
  15.16 -.003690 -89.96   -0.9
  15.18 -.003656 -89.13    1.8
  15.19 -.003590 -87.52    9.1
  15.20 -.003539 -86.28   18.9
  15.21 -.003475 -84.71   31.6
  15.22 -.003298 -80.40   54.8
  15.23 -.003209 -78.25   79.4
  15.24 -.003117 -76.00  104.3
  15.25 -.003031 -73.89  127.9
  15.27 -.002947 -71.85  148.7
  15.28 -.002864 -69.83  165.4
  15.29 -.002786 -67.92  176.7
  15.30 -.002711 -66.09  181.0
  15.31 -.002589 -63.13  184.0
  15.32 -.002507 -61.13  184.4
  15.33 -.002441 -59.51  179.5
  15.34 -.002385 -58.16  169.3
  15.36 -.002349 -57.28  162.7
  15.37 -.002321 -56.60  153.0
  15.38 -.002293 -55.90  141.5
  15.39 -.002263 -55.17  128.6
  15.40 -.002226 -54.26  115.5
  15.41 -.002157 -52.59  105.1
  15.42 -.002077 -50.65   98.0
  15.43 -.001997 -48.68   94.1
  15.45 -.001915 -46.70   97.5
  15.46 -.001834 -44.72  105.1
  15.47 -.001754 -42.77  115.5
  15.48 -.001674 -40.83  127.5
  15.49 -.001595 -38.88  139.0
  15.50 -.001516 -36.95  148.5
  15.51 -.001437 -35.05  155.4
  15.52 -.001359 -33.14  159.0
  15.54 -.001283 -31.27  159.3
  15.55 -.001207 -29.42  158.5
  15.56 -.001131 -27.58  157.5
  15.57 -.001057 -25.76  156.2
  15.58 -.000982 -23.95  155.0
  15.59 -.000907 -22.10  153.9
  15.60 -.000834 -20.33  152.7
  15.61 -.000763 -18.59  151.3
  15.63 -.000692 -16.87  149.9
  15.64 -.000621 -15.13  148.5
  15.65 -.000551 -13.45  147.0
  15.66 -.000482 -11.76  145.6
  15.67 -.000414 -10.11  144.1
  15.68 -.000347  -8.46  142.5
  15.69 -.000280  -6.82  141.0
  15.70 -.000214  -5.22  139.4
  15.72 -.000149  -3.63  137.8
  15.73 -.000086  -2.09  136.2
  15.74 -.000023  -0.57  134.6
  15.75 0.000037   0.91  132.8
  15.76 0.000097   2.36  130.8
  15.77 0.000157   3.83  128.9
  15.78 0.000218   5.30  127.0
  15.79 0.000278   6.78  125.4
  15.80 0.000335   8.18  123.6
  15.82 0.000392   9.56  121.9
  15.83 0.000448  10.92  120.3
  15.84 0.000505  12.31  118.8
  15.85 0.000558  13.62  117.3
  15.86 0.000613  14.94  115.9
  15.87 0.000665  16.22  114.4
  15.88 0.000717  17.48  112.7
  15.90 0.000768  18.73  110.9
  15.91 0.000818  19.93  109.0
  15.92 0.000867  21.15  107.2
  15.93 0.000916  22.34  105.6
  15.94 0.000964  23.50  103.9
  15.95 0.001012  24.66  102.2
  15.96 0.001058  25.80  100.5
  15.97 0.001103  26.91   99.0
  15.98 0.001150  28.03   97.5
  16.00 0.001196  29.16   96.2
  16.01 0.001242  30.28   95.1
  16.02 0.001288  31.41   94.2
  16.03 0.001334  32.53   93.5
  16.04 0.001379  33.63   92.8
  16.05 0.001424  34.72   92.2
  16.06 0.001468  35.79   91.7
  16.07 0.001511  36.84   91.1
  16.09 0.001553  37.88   90.5
  16.10 0.001596  38.91   89.7
  16.11 0.001637  39.93   88.8
  16.12 0.001678  40.92   87.7
  16.13 0.001719  41.91   86.6
  16.14 0.001758  42.87   85.4
  16.15 0.001797  43.83   84.2
  16.16 0.001836  44.78   83.0
  16.18 0.001874  45.70   81.9
  16.19 0.001913  46.64   80.8
  16.20 0.001950  47.56   79.8
  16.21 0.001986  48.44   78.7
  16.22 0.002023  49.32   77.6
  16.23 0.002059  50.20   76.6
  16.24 0.002094  51.06   75.6
  16.26 0.002128  51.90   74.6
  16.27 0.002163  52.75   73.6
  16.28 0.002197  53.57   72.6
  16.29 0.002230  54.38   71.6
  16.30 0.002263  55.18   70.6
  16.31 0.002295  55.97   69.6
  16.32 0.002328  56.76   68.6
  16.33 0.002359  57.53   67.7
  16.34 0.002391  58.30   66.8
  16.36 0.002421  59.05   65.9
  16.37 0.002452  59.79   65.1
  16.38 0.002481  60.51   64.2
  16.39 0.002511  61.23   63.2
  16.40 0.002539  61.92   62.3
  16.41 0.002567  62.61   61.4
  16.42 0.002596  63.30   60.5
  16.43 0.002624  63.99   59.6
  16.45 0.002652  64.67   58.8
  16.46 0.002678  65.32   57.9
  16.47 0.002705  65.97   57.1
  16.48 0.002731  66.61   56.3
  16.49 0.002757  67.24   55.6
  16.50 0.002783  67.86   54.9
  16.51 0.002808  68.48   54.1
  16.52 0.002833  69.09   53.4
  16.54 0.002858  69.69   52.7
  16.55 0.002882  70.28   51.9
  16.56 0.002906  70.86   51.2
  16.57 0.002929  71.43   50.5
  16.58 0.002953  72.00   49.8
  16.59 0.002975  72.55   49.1
  16.60 0.002998  73.10   48.4
  16.61 0.003020  73.64   47.7
  16.63 0.003042  74.18   47.1
  16.64 0.003063  74.70   46.3
  16.65 0.003084  75.21   45.7
  16.66 0.003105  75.73   45.0
  16.67 0.003126  76.24   44.4
  16.68 0.003147  76.74   43.8
  16.69 0.003167  77.23   43.2
  16.70 0.003187  77.71   42.6
  16.72 0.003206  78.19   42.0
  16.73 0.003226  78.67   41.5
  16.74 0.003245  79.13   40.9
  16.75 0.003263  79.58   40.3
  16.76 0.003282  80.03   39.8
  16.77 0.003300  80.48   39.2
  16.78 0.003319  80.93   38.7
  16.79 0.003337  81.37   38.2
  16.81 0.003354  81.78   37.6
  16.82 0.003371  82.22   37.2
  16.83 0.003388  82.62   36.6
  16.84 0.003405  83.04   36.1
  16.85 0.003422  83.45   35.7
  16.86 0.003438  83.85   35.2
  16.87 0.003455  84.25   34.8
  16.88 0.003470  84.63   34.2
  16.90 0.003486  85.01   33.7
  16.91 0.003501  85.37   33.2
  16.92 0.003517  85.76   32.7
  16.93 0.003532  86.13   32.3
  16.94 0.003547  86.49   31.9
  16.95 0.003561  86.84   31.4
  16.96 0.003576  87.20   31.0
  16.97 0.003590  87.55   30.5
  16.99 0.003604  87.88   30.1
  17.00 0.003618  88.23   29.7
  17.01 0.003632  88.56   29.4
  17.02 0.003645  88.89   29.0
  17.03 0.003658  89.20   28.5
  17.04 0.003671  89.53   28.1
  17.05 0.003684  89.84   27.6
  17.06 0.003696  90.14   27.2
  17.08 0.003709  90.45   26.9
  17.09 0.003721  90.76   26.5
  17.10 0.003734  91.05   26.1
  17.11 0.003746  91.36   25.8
  17.12 0.003758  91.65   25.4
  17.13 0.003770  91.93   25.1
  17.14 0.003781  92.21   24.8
  17.15 0.003792  92.48   24.5
  17.17 0.003804  92.76   24.2
  17.18 0.003814  93.01   23.8
  17.19 0.003825  93.29   23.4
  17.20 0.003837  93.56   23.1
  17.21 0.003848  93.83   22.8
  17.22 0.003858  94.08   22.5
  17.23 0.003868  94.33   22.2
  17.24 0.003878  94.58   21.9
  17.26 0.003888  94.82   21.6
  17.27 0.003898  95.06   21.3
  17.28 0.003907  95.29   21.0
  17.29 0.003917  95.52   20.6
  17.30 0.003927  95.76   20.3
  17.31 0.003936  95.99   20.0
  17.32 0.003945  96.22   19.7
  17.33 0.003955  96.44   19.4
  17.35 0.003963  96.66   19.2
  17.36 0.003973  96.88   19.0
  17.37 0.003982  97.10   18.8
  17.38 0.003991  97.32   18.6
  17.39 0.003999  97.53   18.5
  17.40 0.004008  97.74   18.3
  17.41 0.004016  97.93   18.0
  17.42 0.004024  98.14   17.8
  17.44 0.004032  98.33   17.5
  17.45 0.004040  98.52   17.2
  17.46 0.004048  98.72   17.0
  17.47 0.004056  98.91   16.7
  17.48 0.004064  99.11   16.5
  17.49 0.004071  99.29   16.3
  17.50 0.004078  99.46   16.0
  17.51 0.004086  99.64   15.8
  17.52 0.004093  99.82   15.6
  17.54 0.004100 100.00   15.4
  17.55 0.004108 100.18   15.2
  17.56 0.004115 100.35   15.0
  17.57 0.004121 100.51   14.8
  17.58 0.004128 100.67   14.6
  17.59 0.004134 100.83   14.3
  17.60 0.004141 100.98   14.1
  17.62 0.004147 101.14   13.9
  17.63 0.004153 101.27   13.6
  17.64 0.004160 101.46   13.4
  17.65 0.004167 101.62   13.2
  17.66 0.004173 101.77   13.1
  17.67 0.004178 101.90   12.9
  17.68 0.004184 102.03   12.7
  17.69 0.004190 102.18   12.5
  17.71 0.004196 102.32   12.4
  17.72 0.004201 102.46   12.2
  17.73 0.004208 102.62   12.1
  17.74 0.004213 102.75   12.0
  17.75 0.004218 102.87   11.8
  17.76 0.004224 103.01   11.5
  17.77 0.004229 103.13   11.4
  17.78 0.004234 103.26   11.3
  17.79 0.004240 103.40   11.2
  17.81 0.004245 103.52   11.1
  17.82 0.004250 103.66   10.9
  17.83 0.004255 103.78   10.8
  17.84 0.004261 103.91   10.7
  17.85 0.004266 104.03   10.5
  17.86 0.004271 104.15   10.5
  17.87 0.004276 104.27   10.4
  17.89 0.004280 104.39   10.3
  17.90 0.004284 104.48   10.2
  17.91 0.004288 104.59    9.9
  17.92 0.004293 104.71    9.8
  17.93 0.004298 104.82    9.6
  17.94 0.004302 104.92    9.4
  17.95 0.004307 105.03    9.2
  17.96 0.004311 105.14    9.1
  17.98 0.004315 105.24    9.0
  17.99 0.004319 105.34    8.9
  18.00 0.004324 105.45    8.8
  18.01 0.004328 105.54    8.7
  18.02 0.004330 105.61    8.6
  18.03 0.004334 105.69    8.3
  18.04 0.004338 105.80    8.1
  18.05 0.004342 105.88    7.9
  18.06 0.004345 105.98    7.8
  18.08 0.004350 106.09    7.7
  18.09 0.004353 106.17    7.6
  18.10 0.004358 106.27    7.6
  18.11 0.004361 106.36    7.6
  18.12 0.004365 106.45    7.6
  18.13 0.004368 106.52    7.6
  18.14 0.004371 106.61    7.6
  18.15 0.004374 106.68    7.4
  18.17 0.004378 106.76    7.3
  18.18 0.004380 106.82    7.1
  18.19 0.004383 106.90    6.8
  18.20 0.004387 106.98    6.6
  18.21 0.004390 107.07    6.5
  18.22 0.004394 107.15    6.4
  18.23 0.004397 107.24    6.4
  18.25 0.004400 107.31    6.4
  18.26 0.004403 107.38    6.4
  18.27 0.004406 107.45    6.4
  18.28 0.004409 107.53    6.4
  18.29 0.004412 107.61    6.4
  18.30 0.004415 107.67    6.4
  18.31 0.004418 107.74    6.2
  18.32 0.004421 107.82    6.1
  18.33 0.004424 107.89    6.0
  18.35 0.004427 107.97    6.0
  18.36 0.004429 108.02    5.9
  18.37 0.004432 108.08    5.8
  18.38 0.004435 108.16    5.8
  18.39 0.004438 108.22    5.7
  18.40 0.004441 108.30    5.7
  18.41 0.004444 108.37    5.7
  18.42 0.004446 108.43    5.6
  18.44 0.004449 108.49    5.6
  18.45 0.004451 108.56    5.5
  18.46 0.004454 108.62    5.5
  18.47 0.004456 108.68    5.4
  18.48 0.004459 108.75    5.4
  18.49 0.004462 108.81    5.4
  18.50 0.004464 108.86    5.3
  18.52 0.004466 108.92    5.2
  18.53 0.004468 108.98    5.1
  18.54 0.004471 109.04    5.0
  18.55 0.004474 109.10    5.0
  18.56 0.004476 109.15    4.9
  18.57 0.004479 109.23    4.9
  18.58 0.004481 109.28    4.9
  18.59 0.004483 109.33    4.8
  18.61 0.004485 109.38    4.8
  18.62 0.004487 109.44    4.7
  18.63 0.004490 109.49    4.7
  18.64 0.004492 109.54    4.7
  18.65 0.004494 109.60    4.6
  18.66 0.004496 109.64    4.5
  18.67 0.004498 109.71    4.5
  18.68 0.004501 109.76    4.4
  18.69 0.004503 109.81    4.4
  18.71 0.004504 109.84    4.3
  18.72 0.004506 109.90    4.2
  18.73 0.004508 109.95    4.2
  18.74 0.004511 110.01    4.2
  18.75 0.004513 110.06    4.2
  18.76 0.004515 110.10    4.2
  18.77 0.004516 110.15    4.1
  18.78 0.004519 110.21    4.1
  18.80 0.004521 110.25    4.1
  18.81 0.004522 110.29    4.0
  18.82 0.004524 110.33    4.0
  18.83 0.004526 110.37    4.0
  18.84 0.004528 110.43    3.9
  18.85 0.004530 110.47    3.8
  18.86 0.004531 110.51    3.7
  18.88 0.004533 110.55    3.7
  18.89 0.004534 110.59    3.6
  18.90 0.004536 110.63    3.5
  18.91 0.004538 110.68    3.5
  18.92 0.004540 110.72    3.5
  18.93 0.004542 110.76    3.5
  18.94 0.004543 110.80    3.5
  18.95 0.004545 110.85    3.5
  18.96 0.004547 110.88    3.4
  18.98 0.004548 110.93    3.4
  18.99 0.004550 110.97    3.5
  19.00 0.004552 111.01    3.5
  19.01 0.004554 111.05    3.5
  19.02 0.004555 111.09    3.4
  19.03 0.004556 111.12    3.4
  19.04 0.004558 111.16    3.3
  19.06 0.004559 111.20    3.3
  19.07 0.004561 111.24    3.2
  19.08 0.004563 111.28    3.2
  19.09 0.004564 111.30    3.1
  19.10 0.004566 111.35    3.1
  19.11 0.004567 111.37    3.0
  19.12 0.004568 111.40    2.9
  19.13 0.004569 111.44    2.9
  19.15 0.004571 111.47    2.9
  19.16 0.004572 111.50    2.8
  19.17 0.004574 111.54    2.8
  19.18 0.004575 111.57    2.7
  19.19 0.004576 111.59    2.6
  19.20 0.004577 111.63    2.6
  19.21 0.004578 111.66    2.6
  19.22 0.004580 111.69    2.6
  19.24 0.004581 111.72    2.6
  19.25 0.004582 111.74    2.5
  19.26 0.004583 111.78    2.5
  19.27 0.004585 111.81    2.5
  19.28 0.004586 111.85    2.5
  19.29 0.004587 111.87    2.5
  19.30 0.004589 111.91    2.6
  19.31 0.004590 111.95    2.6
  19.33 0.004592 111.98    2.6
  19.34 0.004593 112.00    2.7
  19.35 0.004594 112.03    2.6
  19.36 0.004595 112.05    2.6
  19.37 0.004595 112.07    2.5
  19.38 0.004597 112.11    2.4
  19.39 0.004597 112.12    2.3
  19.40 0.004598 112.13    2.2
  19.42 0.004598 112.14    2.0
  19.43 0.004599 112.17    1.8
  19.44 0.004601 112.20    1.8
  19.45 0.004602 112.22    1.7
  19.46 0.004603 112.26    1.8
  19.47 0.004604 112.28    1.8
  19.48 0.004605 112.30    1.8
  19.49 0.004606 112.33    1.9
  19.50 0.004608 112.38    2.0
  19.52 0.004609 112.39    2.1
  19.53 0.004610 112.42    2.3
  19.54 0.004610 112.44    2.3
  19.55 0.004612 112.47    2.3
  19.56 0.004612 112.49    2.2
  19.57 0.004613 112.51    2.2
  19.58 0.004615 112.54    2.1
  19.60 0.004615 112.55    2.1
  19.61 0.004616 112.57    2.0
  19.62 0.004617 112.59    1.9
  19.63 0.004617 112.61    1.8
  19.64 0.004619 112.64    1.8
  19.65 0.004619 112.66    1.7
  19.66 0.004620 112.66    1.7
  19.67 0.004620 112.68    1.6
  19.69 0.004621 112.70    1.6
  19.70 0.004622 112.72    1.5
  19.71 0.004623 112.75    1.5
  19.72 0.004624 112.78    1.6
  19.73 0.004625 112.79    1.6
  19.74 0.004626 112.83    1.7
  19.75 0.004627 112.84    1.7
  19.76 0.004628 112.86    1.7
  19.77 0.004629 112.88    1.8
  19.79 0.004629 112.89    1.8
  19.80 0.004630 112.92    1.8
  19.81 0.004631 112.95    1.8
  19.82 0.004632 112.97    1.8
  19.83 0.004633 112.98    1.7
  19.84 0.004634 113.01    1.7
  19.85 0.004634 113.03    1.7
  19.87 0.004636 113.06    1.7
  19.88 0.004636 113.06    1.7
  19.89 0.004637 113.08    1.7
  19.90 0.004637 113.08    1.6
  19.91 0.004638 113.11    1.6
  19.92 0.004635 113.03    1.2
  19.93 0.004633 112.99    0.7
  19.94 0.004631 112.94    0.1
  19.96 0.004631 112.95   -0.3
  19.97 0.004633 112.98   -0.6
  19.98 0.004632 112.97   -0.9
  19.99 0.004632 112.97   -1.0
  20.00 0.004633 112.98   -1.0
  20.01 0.004634 113.01   -0.9
  20.02 0.004635 113.03   -0.5
  20.03 0.004635 113.05   -0.1
  20.05 0.004636 113.05    0.5
  20.06 0.004636 113.07    0.9
  20.07 0.004636 113.08    1.1
  20.08 0.004636 113.05    1.0
  20.09 0.004636 113.06    0.8
  20.10 0.004637 113.09    0.9
  20.11 0.004638 113.11    0.9
  20.12 0.004639 113.15    0.9
  20.14 0.004640 113.17    0.9
  20.15 0.004641 113.19    1.1
  20.16 0.004642 113.21    1.2
  20.17 0.004643 113.23    1.4
  20.18 0.004644 113.25    1.5
  20.19 0.004645 113.28    1.7
  20.20 0.004645 113.29    1.9
  20.21 0.004646 113.31    1.9
  20.23 0.004647 113.33    1.8
  20.24 0.004648 113.35    1.7
  20.25 0.004648 113.37    1.7
  20.26 0.004649 113.39    1.7
  20.27 0.004650 113.40    1.6
  20.28 0.004651 113.42    1.6
  20.29 0.004652 113.45    1.6
  20.30 0.004653 113.47    1.6
  20.32 0.004653 113.48    1.6
  20.33 0.004655 113.52    1.6
  20.34 0.004656 113.54    1.7
  20.35 0.004657 113.57    1.7
  20.36 0.004656 113.56    1.7
  20.37 0.004657 113.58    1.7
  20.38 0.004658 113.60    1.6
  20.39 0.004659 113.62    1.6
  20.41 0.004659 113.64    1.5
  20.42 0.004660 113.65    1.5
  20.43 0.004660 113.64    1.3
  20.44 0.004661 113.67    1.3
  20.45 0.004661 113.68    1.1
  20.53 0.004667 113.82    1.5
  20.54 0.004667 113.83    1.8
  20.55 0.004669 113.86    2.2
  20.56 0.004669 113.87    2.3
  20.57 0.004670 113.90    2.5
  20.58 0.004671 113.91    2.5
  20.59 0.004672 113.93    2.6
  20.60 0.004672 113.95    2.5
  20.62 0.004673 113.96    2.4
  20.63 0.004673 113.98    2.1
  20.64 0.004674 114.00    1.9
  20.65 0.004675 114.01    1.4
  20.66 0.004675 114.03    1.4
  20.67 0.004677 114.05    1.4
  20.68 0.004677 114.06    1.4
  20.69 0.004678 114.09    1.4
  20.71 0.004678 114.10    1.4
  20.72 0.004679 114.12    1.4
  20.73 0.004680 114.14    1.4
  20.74 0.004680 114.14    1.4
  20.75 0.004680 114.15    1.3
  20.76 0.004681 114.17    1.3
  20.77 0.004682 114.19    1.3
  20.78 0.004682 114.20    1.2
  20.80 0.004683 114.22    1.2
  20.81 0.004684 114.24    1.2
  20.82 0.004685 114.26    1.2
  20.83 0.004686 114.28    1.3
  20.84 0.004687 114.30    1.4
  20.85 0.004687 114.31    1.4
  20.86 0.004688 114.33    1.5
  20.87 0.004689 114.35    1.5
  20.89 0.004690 114.37    1.5
  20.90 0.004691 114.40    1.5
  20.91 0.004691 114.41    1.6
  20.92 0.004692 114.43    1.6
  20.93 0.004693 114.46    1.6
  20.94 0.004694 114.48    1.6
  20.95 0.004695 114.50    1.6
  20.96 0.004695 114.51    1.7
  20.98 0.004696 114.52    1.6
  20.99 0.004696 114.53    1.5
  21.00 0.004697 114.55    1.5
  21.01 0.004697 114.55    1.4
  21.02 0.004698 114.57    1.3
  21.03 0.004698 114.58    1.2
  21.04 0.004698 114.59    1.1
  21.05 0.004700 114.61    1.1
  21.07 0.004700 114.62    1.0
  21.08 0.004701 114.64    1.1
  21.09 0.004702 114.68    1.2
  21.10 0.004703 114.69    1.2
  21.11 0.004703 114.71    1.3
  21.12 0.004705 114.74    1.4
  21.13 0.004705 114.74    1.5
  21.14 0.004706 114.76    1.5
  21.16 0.004707 114.80    1.6
  21.17 0.004708 114.83    1.7
  21.18 0.004709 114.84    1.7
  21.19 0.004710 114.86    1.8
  21.20 0.004710 114.88    1.8
  21.21 0.004711 114.89    1.7
  21.22 0.004712 114.92    1.7
  21.23 0.004713 114.95    1.8
  21.25 0.004713 114.95    1.7
  21.26 0.004715 114.99    1.8
  21.27 0.004715 115.00    1.7
  21.28 0.004716 115.01    1.6
  21.29 0.004717 115.03    1.6
  21.30 0.004717 115.05    1.6
  21.31 0.004718 115.07    1.6
  21.32 0.004719 115.08    1.6
  21.34 0.004719 115.08    1.4
  21.35 0.004719 115.10    1.3
  21.36 0.004720 115.12    1.3
  21.37 0.004720 115.12    1.2
  21.38 0.004721 115.14    1.1
  21.39 0.004722 115.15    1.1
  21.40 0.004722 115.16    1.1
  21.41 0.004722 115.16    1.0
  21.43 0.004722 115.17    0.9
  21.44 0.004722 115.16    0.8
  21.45 0.004722 115.16    0.7
  21.46 0.004722 115.17    0.6
  21.47 0.004722 115.15    0.4
  21.48 0.004722 115.17    0.3
  21.49 0.004724 115.20    0.3
  21.50 0.004724 115.21    0.4
  21.52 0.004725 115.25    0.5
  21.53 0.004726 115.25    0.7
  21.54 0.004727 115.29    0.9
  21.55 0.004729 115.32    1.2
  21.56 0.004729 115.34    1.4
  21.57 0.004730 115.35    1.6
  21.58 0.004730 115.36    1.7
  21.59 0.004730 115.36    1.7
  21.61 0.004731 115.38    1.6
  21.62 0.004732 115.41    1.5
  21.63 0.004732 115.42    1.5
  21.64 0.004733 115.44    1.4
  21.65 0.004734 115.45    1.3
  21.66 0.004734 115.46    1.2
  21.67 0.004735 115.48    1.2
  21.68 0.004736 115.51    1.3
  21.70 0.004737 115.53    1.4
  21.71 0.004737 115.53    1.4
  21.72 0.004738 115.54    1.4
  21.73 0.004739 115.57    1.4
  21.74 0.004740 115.60    1.4
  21.75 0.004740 115.61    1.4
  21.76 0.004741 115.63    1.4
  21.77 0.004742 115.65    1.5
  21.79 0.004742 115.66    1.5
  21.80 0.004744 115.69    1.5
  21.81 0.004744 115.69    1.5
  21.82 0.004744 115.71    1.5
  21.83 0.004745 115.73    1.5
  21.84 0.004746 115.74    1.4
  21.85 0.004746 115.76    1.4
  21.86 0.004747 115.77    1.3
  21.88 0.004747 115.77    1.2
  21.89 0.004747 115.78    1.1
  21.90 0.004748 115.79    1.1
  21.91 0.004748 115.80    1.0
  21.92 0.004749 115.83    1.0
  21.93 0.004749 115.81    1.0
  21.94 0.004699 114.60   -3.0
  21.95 0.004653 113.49   -9.8
  21.97 0.004571 111.47  -21.6
  21.98 0.004460 108.76  -39.4
  21.99 0.004371 106.60  -60.0
  22.00 0.004272 104.17  -83.0
  22.01 0.004193 102.25 -105.3
  22.02 0.004107 100.17 -126.5
  22.03 0.004022  98.09 -145.1
  22.04 0.003942  96.14 -159.8
  22.06 0.003862  94.19 -169.2
  22.07 0.003785  92.30 -172.3
  22.08 0.003706  90.37 -172.4
  22.09 0.003628  88.48 -168.8
  22.10 0.003551  86.59 -164.3
  22.11 0.003476  84.76 -161.4
  22.12 0.003399  82.90 -158.7
  22.13 0.003324  81.07 -157.3
  22.15 0.003250  79.25 -155.5
  22.16 0.003177  77.47 -153.8
  22.17 0.003104  75.69 -152.5
  22.18 0.003032  73.94 -151.1
  22.19 0.002960  72.19 -149.8
  22.20 0.002890  70.48 -148.4
  22.21 0.002820  68.77 -147.0
  22.22 0.002751  67.08 -145.5
  22.24 0.002682  65.40 -144.2
  22.25 0.002614  63.74 -142.8
  22.26 0.002546  62.09 -141.4
  22.27 0.002479  60.45 -140.1
  22.28 0.002412  58.82 -138.9
  22.29 0.002347  57.23 -137.6
  22.30 0.002282  55.64 -136.4
  22.31 0.002218  54.09 -135.1
  22.33 0.002155  52.54 -133.8
  22.34 0.002091  50.99 -132.5
  22.35 0.002028  49.46 -131.3
  22.36 0.001966  47.93 -130.0
  22.37 0.001902  46.39 -129.0
  22.38 0.001838  44.83 -128.2
  22.39 0.001776  43.31 -127.4
  22.40 0.001715  41.81 -126.7
  22.42 0.001651  40.27 -126.3
  22.43 0.001592  38.81 -125.7
  22.44 0.001533  37.38 -125.0
  22.45 0.001474  35.95 -124.2
  22.46 0.001416  34.53 -123.2
  22.47 0.001359  33.15 -122.0
  22.48 0.001302  31.76 -120.6
  22.49 0.001246  30.39 -119.1
  22.51 0.001191  29.04 -117.6
  22.52 0.001135  27.69 -116.2
  22.53 0.001081  26.36 -114.8
  22.54 0.001027  25.04 -113.5
  22.55 0.000973  23.73 -112.4
  22.56 0.000920  22.44 -111.3
  22.57 0.000867  21.15 -110.3
  22.58 0.000816  19.90 -109.2
  22.60 0.000764  18.63 -108.2
  22.61 0.000713  17.40 -107.1
  22.62 0.000663  16.16 -106.1
  22.63 0.000613  14.94 -105.1
  22.64 0.000562  13.71 -104.1
  22.65 0.000514  12.53 -103.1
  22.66 0.000465  11.34 -102.1
  22.67 0.000417  10.17 -101.1
  22.68 0.000370   9.01 -100.1
  22.70 0.000323   7.87  -99.1
  22.71 0.000276   6.73  -98.1
  22.72 0.000230   5.61  -97.1
  22.73 0.000185   4.50  -96.1
  22.74 0.000139   3.38  -95.1
  22.75 0.000095   2.31  -94.1
  22.76 0.000050   1.22  -93.1
  22.77 0.000006   0.14  -92.3
  22.79 -.000038  -0.93  -91.4
  22.80 -.000082  -2.00  -90.6
  22.81 -.000125  -3.04  -89.9
  22.82 -.000168  -4.10  -89.1
  22.83 -.000210  -5.12  -88.4
  22.84 -.000252  -6.14  -87.7
  22.85 -.000294  -7.16  -86.9
  22.87 -.000334  -8.15  -86.1
  22.88 -.000374  -9.13  -85.4
  22.89 -.000415 -10.12  -84.5
  22.90 -.000455 -11.09  -83.7
  22.91 -.000494 -12.04  -82.8
  22.92 -.000533 -13.00  -82.0
  22.93 -.000572 -13.95  -81.2
  22.94 -.000610 -14.87  -80.3
  22.96 -.000648 -15.79  -79.5
  22.97 -.000686 -16.72  -78.8
  22.98 -.000723 -17.63  -78.0
  22.99 -.000760 -18.52  -77.3
  23.00 -.000796 -19.41  -76.6
  23.01 -.000832 -20.28  -75.8
  23.02 -.000869 -21.18  -75.2
  23.03 -.000904 -22.03  -74.5
  23.04 -.000939 -22.90  -73.8
  23.06 -.000973 -23.73  -73.0
  23.07 -.001009 -24.59  -72.4
  23.08 -.001043 -25.43  -71.7
  23.09 -.001077 -26.25  -71.1
  23.10 -.001111 -27.08  -70.5
  23.11 -.001144 -27.88  -69.8
  23.12 -.001176 -28.68  -69.2
  23.13 -.001208 -29.46  -68.5
  23.15 -.001241 -30.26  -67.7
  23.16 -.001273 -31.03  -67.1
  23.17 -.001304 -31.80  -66.4
  23.18 -.001335 -32.54  -65.6
  23.19 -.001365 -33.29  -64.9
  23.20 -.001397 -34.05  -64.2
  23.21 -.001427 -34.79  -63.6
  23.22 -.001457 -35.51  -62.9
  23.24 -.001487 -36.26  -62.3
  23.25 -.001516 -36.97  -61.8
  23.26 -.001546 -37.69  -61.2
  23.27 -.001575 -38.40  -60.7
  23.28 -.001604 -39.10  -60.2
  23.29 -.001632 -39.80  -59.7
  23.30 -.001660 -40.48  -59.2
  23.31 -.001688 -41.16  -58.6
  23.33 -.001716 -41.84  -58.1
  23.34 -.001744 -42.51  -57.6
  23.35 -.001771 -43.18  -57.1
  23.36 -.001798 -43.83  -56.5
  23.37 -.001824 -44.48  -56.0
  23.38 -.001851 -45.12  -55.4
  23.39 -.001877 -45.76  -54.9
  23.40 -.001903 -46.39  -54.3
  23.42 -.001929 -47.02  -53.8
  23.43 -.001953 -47.62  -53.3
  23.44 -.001978 -48.23  -52.7
  23.45 -.002004 -48.85  -52.2
  23.46 -.002028 -49.46  -51.7
  23.47 -.002053 -50.04  -51.2
  23.48 -.002077 -50.64  -50.8
  23.49 -.002102 -51.24  -50.3
  23.51 -.002125 -51.81  -49.9
  23.52 -.002149 -52.40  -49.5
  23.53 -.002173 -52.98  -49.1
  23.54 -.002197 -53.55  -48.7
  23.55 -.002220 -54.12  -48.4
  23.56 -.002242 -54.67  -48.0
  23.57 -.002265 -55.22  -47.5
  23.58 -.002287 -55.77  -47.1
  23.59 -.002309 -56.30  -46.7
  23.61 -.002332 -56.85  -46.2
  23.62 -.002353 -57.38  -45.8
  23.63 -.002374 -57.88  -45.3
  23.64 -.002395 -58.39  -44.7
  23.65 -.002416 -58.91  -44.2
  23.66 -.002437 -59.42  -43.7
  23.67 -.002458 -59.93  -43.3
  23.68 -.002478 -60.42  -42.8
  23.70 -.002498 -60.91  -42.4
  23.71 -.002518 -61.38  -41.9
  23.72 -.002538 -61.87  -41.5
  23.73 -.002557 -62.33  -41.0
  23.74 -.002575 -62.79  -40.5
  23.75 -.002592 -63.20  -39.9
  23.76 -.002605 -63.52  -38.8
  23.77 -.002617 -63.82  -37.4
  23.79 -.002627 -64.06  -35.5
  23.80 -.002637 -64.30  -33.3
  23.81 -.002646 -64.51  -31.0
  23.82 -.002656 -64.75  -28.5
  23.83 -.002664 -64.96  -26.0
  23.84 -.002673 -65.17  -23.7
  23.85 -.002682 -65.38  -21.7
  23.86 -.002690 -65.58  -20.0
  23.88 -.002698 -65.77  -18.8
  23.89 -.002706 -65.97  -18.0
  23.90 -.002713 -66.14  -17.4
  23.91 -.002720 -66.32  -16.9
  23.92 -.002727 -66.48  -16.4
  23.93 -.002734 -66.66  -15.9
  23.94 -.002742 -66.86  -15.6
  23.95 -.002751 -67.06  -15.4
  23.96 -.002759 -67.28  -15.3
  23.98 -.002770 -67.53  -15.5
  23.99 -.002780 -67.77  -15.9
  24.00 -.002791 -68.04  -16.5
  24.01 -.002802 -68.31  -17.3
  24.02 -.002813 -68.58  -18.2
  24.03 -.002824 -68.86  -19.1
  24.04 -.002836 -69.14  -20.0
  24.05 -.002848 -69.44  -20.9
  24.07 -.002860 -69.73  -21.6
  24.08 -.002872 -70.02  -22.2
  24.09 -.002884 -70.32  -22.8
  24.10 -.002897 -70.63  -23.2
  24.11 -.002909 -70.92  -23.6
  24.12 -.002922 -71.24  -23.9
  24.13 -.002935 -71.55  -24.2
  24.14 -.002947 -71.84  -24.4
  24.16 -.002960 -72.16  -24.6
  24.17 -.002972 -72.47  -24.8
  24.18 -.002985 -72.78  -25.0
  24.19 -.002998 -73.09  -25.1
  24.20 -.003011 -73.40  -25.2
  24.21 -.003023 -73.71  -25.3
  24.22 -.003037 -74.04  -25.4
  24.23 -.003049 -74.35  -25.5
  24.25 -.003062 -74.66  -25.5
  24.26 -.003075 -74.98  -25.6
  24.27 -.003088 -75.28  -25.7
  24.28 -.003100 -75.58  -25.6
  24.29 -.003113 -75.89  -25.6
  24.30 -.003125 -76.20  -25.5
  24.31 -.003138 -76.51  -25.5
  24.32 -.003151 -76.82  -25.4
  24.34 -.003163 -77.12  -25.3
  24.35 -.003175 -77.41  -25.2
  24.36 -.003188 -77.72  -25.1
  24.37 -.003200 -78.03  -25.1
  24.38 -.003213 -78.33  -25.0
  24.39 -.003225 -78.63  -25.0
  24.40 -.003237 -78.93  -24.9
  24.41 -.003250 -79.23  -24.9
  24.43 -.003262 -79.52  -24.8
  24.44 -.003274 -79.81  -24.7
  24.45 -.003286 -80.11  -24.6
  24.46 -.003298 -80.40  -24.5
  24.47 -.003309 -80.68  -24.4
  24.48 -.003322 -80.98  -24.2
  24.49 -.003333 -81.27  -24.1
  24.50 -.003345 -81.55  -24.0
  24.52 -.003357 -81.84  -23.9
  24.53 -.003368 -82.12  -23.8
  24.54 -.003380 -82.40  -23.7
  24.55 -.003391 -82.67  -23.6
  24.56 -.003403 -82.97  -23.5
  24.57 -.003414 -83.23  -23.3
  24.58 -.003425 -83.51  -23.2
  24.59 -.003436 -83.78  -23.1
  24.60 -.003448 -84.05  -22.9
  24.62 -.003458 -84.31  -22.7
  24.63 -.003469 -84.59  -22.6
  24.64 -.003480 -84.85  -22.5
  24.65 -.003491 -85.11  -22.3
  24.66 -.003502 -85.38  -22.2
  24.67 -.003513 -85.64  -22.1
  24.68 -.003523 -85.90  -21.9
  24.69 -.003534 -86.16  -21.8
  24.71 -.003545 -86.42  -21.7
  24.72 -.003555 -86.67  -21.6
  24.73 -.003566 -86.93  -21.5
  24.74 -.003576 -87.18  -21.4
  24.75 -.003586 -87.43  -21.2
  24.76 -.003596 -87.68  -21.1
  24.77 -.003606 -87.92  -21.0
  24.78 -.003617 -88.17  -20.8
  24.80 -.003627 -88.42  -20.7
  24.81 -.003637 -88.67  -20.6
  24.82 -.003647 -88.91  -20.5
  24.83 -.003657 -89.15  -20.4
  24.84 -.003667 -89.40  -20.3
  24.85 -.003676 -89.63  -20.1
  24.86 -.003686 -89.86  -20.0
  24.87 -.003695 -90.09  -19.9
  24.88 -.003705 -90.34  -19.8
  24.90 -.003714 -90.55  -19.6
  24.91 -.003724 -90.80  -19.5
  24.92 -.003733 -91.02  -19.4
  24.93 -.003743 -91.25  -19.2
  24.94 -.003752 -91.47  -19.1
  24.95 -.003761 -91.69  -19.0
  24.96 -.003770 -91.91  -18.8
  24.97 -.003779 -92.12  -18.6
  24.99 -.003788 -92.34  -18.5
  25.00 -.003797 -92.56  -18.3
  25.01 -.003805 -92.77  -18.2
  25.02 -.003814 -92.97  -18.0
  25.03 -.003823 -93.19  -17.8
  25.04 -.003831 -93.40  -17.7
  25.05 -.003839 -93.60  -17.6
  25.06 -.003848 -93.81  -17.4
  25.08 -.003856 -94.02  -17.3
  25.09 -.003865 -94.23  -17.3
  25.10 -.003873 -94.42  -17.1
  25.11 -.003881 -94.63  -17.0
  25.12 -.003890 -94.83  -16.9
  25.13 -.003898 -95.02  -16.8
  25.14 -.003906 -95.23  -16.8
  25.15 -.003914 -95.42  -16.7
  25.17 -.003922 -95.62  -16.6
  25.18 -.003930 -95.80  -16.4
  25.19 -.003938 -96.00  -16.3
  25.20 -.003945 -96.18  -16.1
  25.21 -.003953 -96.37  -16.0
  25.22 -.003961 -96.56  -15.9
  25.23 -.003968 -96.74  -15.7
  25.24 -.003976 -96.93  -15.6
  25.26 -.003983 -97.10  -15.5
  25.27 -.003990 -97.28  -15.3
  25.28 -.003998 -97.47  -15.2
  25.29 -.004005 -97.65  -15.2
  25.30 -.004013 -97.83  -15.1
  25.31 -.004020 -98.01  -15.0
  25.32 -.004027 -98.18  -14.9
  25.33 -.004034 -98.36  -14.8
  25.35 -.004042 -98.53  -14.7
  25.36 -.004049 -98.70  -14.7
  25.37 -.004055 -98.87  -14.5
  25.38 -.004062 -99.04  -14.5
  25.39 -.004070 -99.22  -14.4
  25.40 -.004076 -99.38  -14.2
  25.41 -.004083 -99.55  -14.1
  25.42 -.004090 -99.71  -14.0
  25.43 -.004096 -99.87  -13.9
  25.45 -.004103 %-100.03  -13.8
  25.46 -.004110 %-100.20  -13.7
  25.47 -.004116 %-100.34  -13.6
  25.48 -.004123 %-100.51  -13.5
  25.49 -.004129 %-100.66  -13.3
  25.50 -.004135 %-100.81  -13.2
  25.51 -.004142 %-100.97  -13.1
  25.52 -.004148 %-101.12  -13.0
  25.54 -.004154 %-101.28  -12.9
  25.55 -.004160 %-101.42  -12.8
  25.56 -.004167 %-101.59  -12.7
  25.57 -.004173 %-101.73  -12.7
  25.58 -.004179 %-101.88  -12.6
  25.59 -.004185 %-102.03  -12.5
  25.60 -.004191 %-102.17  -12.4
  25.61 -.004197 %-102.32  -12.4
  25.63 -.004203 %-102.47  -12.3
  25.64 -.004209 %-102.62  -12.3
  25.65 -.004215 %-102.75  -12.2
  25.66 -.004221 %-102.90  -12.1
  25.67 -.004226 %-103.04  -12.0
  25.68 -.004232 %-103.18  -11.9
  25.69 -.004238 %-103.32  -11.8
  25.70 -.004244 %-103.45  -11.7
  25.72 -.004249 %-103.60  -11.7
  25.73 -.004255 %-103.74  -11.6
  25.74 -.004261 %-103.87  -11.5
  25.75 -.004266 %-104.01  -11.5
  25.76 -.004272 %-104.14  -11.4
  25.77 -.004277 %-104.27  -11.3
  25.78 -.004283 %-104.41  -11.3
  25.79 -.004288 %-104.54  -11.2
  25.81 -.004293 %-104.65  -11.1
  25.82 -.004298 %-104.78  -10.9
  25.83 -.004304 %-104.93  -10.9
  25.84 -.004309 %-105.05  -10.8
  25.85 -.004314 %-105.18  -10.7
  25.86 -.004319 %-105.30  -10.6
  25.87 -.004325 %-105.43  -10.6
  25.88 -.004329 %-105.55  -10.5
  25.90 -.004335 %-105.68  -10.5
  25.91 -.004340 %-105.80  -10.4
  25.92 -.004345 %-105.92  -10.4
  25.93 -.004349 %-106.04  -10.3
  25.94 -.004354 %-106.15  -10.2
  25.95 -.004359 %-106.28  -10.1
  25.96 -.004364 %-106.40  -10.0
  25.97 -.004369 %-106.51   -9.9
  25.99 -.004373 %-106.61   -9.8
  26.00 -.004378 %-106.74   -9.7
  26.01 -.004383 %-106.86   -9.7
  26.02 -.004387 %-106.96   -9.6
  26.03 -.004392 %-107.08   -9.5
  26.04 -.004397 %-107.20   -9.5
  26.05 -.004402 %-107.31   -9.5
  26.06 -.004406 %-107.42   -9.4
  26.07 -.004411 %-107.53   -9.4
  26.09 -.004415 %-107.65   -9.3
  26.10 -.004420 %-107.75   -9.3
  26.11 -.004424 %-107.86   -9.3
  26.12 -.004428 %-107.96   -9.1
  26.13 -.004433 %-108.07   -9.0
  26.14 -.004437 %-108.16   -9.0
  26.15 -.004441 %-108.28   -8.9
  26.16 -.004446 %-108.39   -8.8
  26.18 -.004450 %-108.48   -8.7
  26.19 -.004454 %-108.59   -8.7
  26.20 -.004458 %-108.69   -8.6
  26.21 -.004462 %-108.79   -8.5
  26.22 -.004466 %-108.88   -8.5
  26.23 -.004471 %-108.99   -8.4
  26.24 -.004475 %-109.09   -8.4
  26.25 -.004479 %-109.19   -8.4
  26.27 -.004482 %-109.28   -8.3
  26.28 -.004487 %-109.38   -8.2
  26.29 -.004491 %-109.48   -8.2
  26.30 -.004494 %-109.57   -8.1
  26.31 -.004498 %-109.66   -8.1
  26.32 -.004502 %-109.76   -8.0
  26.33 -.004506 %-109.85   -8.0
  26.34 -.004510 %-109.95   -7.9
  26.36 -.004514 %-110.04   -7.8
  26.37 -.004518 %-110.13   -7.8
  26.38 -.004521 %-110.22   -7.7
  26.39 -.004525 %-110.32   -7.7
  26.40 -.004528 %-110.40   -7.6
  26.41 -.004532 %-110.49   -7.6
  26.42 -.004536 %-110.58   -7.5
  26.43 -.004539 %-110.66   -7.5
  26.44 -.004543 %-110.75   -7.4
  26.46 -.004547 %-110.85   -7.4
  26.47 -.004551 %-110.94   -7.3
  26.48 -.004553 %-111.00   -7.3
  26.49 -.004557 %-111.09   -7.2
  26.50 -.004560 %-111.18   -7.1
  26.51 -.004564 %-111.26   -7.0
  26.52 -.004567 %-111.33   -7.0
  26.53 -.004571 %-111.43   -6.9
  26.55 -.004574 %-111.51   -6.9
  26.56 -.004578 %-111.60   -6.9
  26.57 -.004581 %-111.68   -6.9
  26.58 -.004584 %-111.76   -6.8
  26.59 -.004587 %-111.83   -6.8
  26.60 -.004591 %-111.91   -6.8
  26.61 -.004594 %-111.99   -6.7
  26.62 -.004597 %-112.07   -6.7
  26.64 -.004600 %-112.15   -6.6
  26.65 -.004604 %-112.23   -6.6
  26.66 -.004607 %-112.31   -6.5
  26.67 -.004610 %-112.39   -6.5
  26.68 -.004613 %-112.46   -6.4
  26.69 -.004616 %-112.54   -6.4
  26.70 -.004619 %-112.61   -6.4
  26.71 -.004622 %-112.69   -6.4
  26.73 -.004625 %-112.76   -6.3
  26.74 -.004628 %-112.83   -6.3
  26.75 -.004631 %-112.91   -6.2
  26.76 -.004634 %-112.98   -6.2
  26.77 -.004637 %-113.05   -6.1
  26.78 -.004640 %-113.13   -6.1
  26.79 -.004643 %-113.19   -6.0
  26.80 -.004646 %-113.27   -6.0
  26.82 -.004649 %-113.33   -5.9
  26.83 -.004652 %-113.41   -5.9
  26.84 -.004655 %-113.49   -5.9
  26.85 -.004658 %-113.57   -5.9
  26.86 -.004661 %-113.63   -5.9
  26.87 -.004664 %-113.70   -5.9
  26.88 -.004667 %-113.78   -5.9
  26.89 -.004670 %-113.85   -6.0
  26.91 -.004672 %-113.91   -5.9
  26.92 -.004676 %-113.99   -6.0
  26.93 -.004678 %-114.05   -5.9
  26.94 -.004681 %-114.12   -5.9
  26.95 -.004684 %-114.18   -5.8
  26.96 -.004687 %-114.25   -5.7
  26.97 -.004689 %-114.32   -5.7
  26.98 -.004691 %-114.37   -5.6
  26.99 -.004695 %-114.45   -5.5
  27.01 -.004696 %-114.50   -5.4
  27.02 -.004700 %-114.57   -5.4
  27.03 -.004702 %-114.64   -5.3
  27.04 -.004704 %-114.69   -5.2
  27.05 -.004707 %-114.76   -5.3
  27.06 -.004710 %-114.82   -5.2
  27.07 -.004713 %-114.89   -5.2
  27.08 -.004715 %-114.96   -5.2
  27.10 -.004718 %-115.03   -5.3
  27.11 -.004721 %-115.08   -5.3
  27.12 -.004723 %-115.13   -5.2
  27.13 -.004725 %-115.20   -5.2
  27.14 -.004728 %-115.25   -5.1
  27.15 -.004730 %-115.32   -5.1
  27.16 -.004733 %-115.38   -5.1
  27.17 -.004735 %-115.45   -5.0
  27.19 -.004738 %-115.50   -5.0
  27.20 -.004740 %-115.56   -4.9
  27.21 -.004742 %-115.60   -4.9
  27.22 -.004745 %-115.67   -4.8
  27.23 -.004747 %-115.72   -4.8
  27.24 -.004749 %-115.78   -4.8
  27.25 -.004752 %-115.85   -4.8
  27.27 -.004754 %-115.89   -4.7
  27.28 -.004756 %-115.94   -4.7
  27.29 -.004758 %-115.99   -4.6
  27.30 -.004760 %-116.05   -4.6
  27.31 -.004763 %-116.11   -4.5
  27.32 -.004764 %-116.15   -4.5
  27.33 -.004766 %-116.20   -4.4
  27.34 -.004769 %-116.26   -4.4
  27.35 -.004771 %-116.30   -4.3
  27.37 -.004772 %-116.34   -4.2
  27.38 -.004775 %-116.40   -4.1
  27.39 -.004777 %-116.47   -4.2
  27.40 -.004779 %-116.51   -4.2
  27.41 -.004781 %-116.56   -4.2
  27.42 -.004783 %-116.61   -4.2
  27.43 -.004785 %-116.65   -4.2
  27.44 -.004787 %-116.71   -4.2
  27.46 -.004789 %-116.76   -4.1
  27.47 -.004791 %-116.80   -4.1
  27.48 -.004793 %-116.86   -4.1
  27.49 -.004795 %-116.89   -4.1
  27.50 -.004797 %-116.95   -4.0
  27.51 -.004799 %-116.99   -4.0
  27.52 -.004801 %-117.05   -4.0
  27.53 -.004803 %-117.09   -4.0
  27.55 -.004805 %-117.14   -4.0
  27.56 -.004807 %-117.18   -4.0
  27.57 -.004809 %-117.24   -3.9
  27.58 -.004811 %-117.28   -3.9
  27.59 -.004812 %-117.32   -3.9
  27.60 -.004814 %-117.37   -3.9
  27.61 -.004816 %-117.41   -3.9
  27.62 -.004818 %-117.47   -3.8
  27.64 -.004820 %-117.51   -3.8
  27.65 -.004822 %-117.55   -3.8
  27.66 -.004824 %-117.60   -3.8
  27.67 -.004826 %-117.65   -3.8
  27.68 -.004828 %-117.70   -3.8
  27.69 -.004829 %-117.73   -3.7
  27.70 -.004831 %-117.77   -3.7
  27.71 -.004832 %-117.81   -3.7
  27.73 -.004835 %-117.86   -3.6
  27.74 -.004836 %-117.91   -3.6
  27.75 -.004837 %-117.93   -3.5
  27.76 -.004839 %-117.97   -3.5
  27.77 -.004841 %-118.01   -3.4
  27.78 -.004842 %-118.05   -3.3
  27.79 -.004844 %-118.08   -3.2
  27.80 -.004846 %-118.14   -3.2
  27.82 -.004847 %-118.16   -3.2
  27.83 -.004848 %-118.20   -3.2
  27.84 -.004850 %-118.24   -3.1
  27.85 -.004852 %-118.28   -3.1
  27.86 -.004853 %-118.32   -3.1
  27.87 -.004855 %-118.36   -3.2
  27.88 -.004857 %-118.41   -3.2
  27.89 -.004858 %-118.44   -3.2
  27.90 -.004860 %-118.49   -3.3
  27.92 -.004861 %-118.51   -3.2
  27.93 -.004863 %-118.54   -3.2
  27.94 -.004864 %-118.59   -3.2
  27.95 -.004866 %-118.63   -3.2
  27.96 -.004867 %-118.66   -3.2
  27.97 -.004869 %-118.70   -3.1
  27.98 -.004870 %-118.72   -3.0
  27.99 -.004872 %-118.77   -3.0
  28.01 -.004873 %-118.80   -2.9
  28.02 -.004875 %-118.84   -2.9
  28.03 -.004876 %-118.86   -2.9
  28.04 -.004877 %-118.90   -2.9
  28.05 -.004879 %-118.94   -2.9
  28.06 -.004880 %-118.97   -2.8
  28.07 -.004881 %-119.00   -2.8
  28.08 -.004883 %-119.03   -2.8
  28.10 -.004884 %-119.08   -2.8
  28.11 -.004885 %-119.10   -2.8
  28.12 -.004887 %-119.14   -2.8
  28.13 -.004889 %-119.18   -2.8
  28.14 -.004890 %-119.21   -2.8
  28.15 -.004891 %-119.25   -2.9
  28.16 -.004892 %-119.27   -2.8
  28.17 -.004894 %-119.31   -2.8
  28.18 -.004895 %-119.34   -2.8
  28.20 -.004896 %-119.37   -2.8
  28.21 -.004898 %-119.41   -2.7
  28.22 -.004900 %-119.45   -2.7
  28.23 -.004900 %-119.46   -2.7
  28.24 -.004902 %-119.51   -2.7
  28.25 -.004903 %-119.53   -2.7
  28.26 -.004904 %-119.56   -2.7
  28.28 -.004906 %-119.59   -2.6
  28.29 -.004907 %-119.63   -2.6
  28.30 -.004908 %-119.66   -2.6
  28.31 -.004910 %-119.69   -2.6
  28.32 -.004911 %-119.73   -2.6
  28.33 -.004912 %-119.75   -2.6
  28.34 -.004913 %-119.78   -2.6
  28.35 -.004914 %-119.81   -2.6
  28.37 -.004916 %-119.85   -2.6
  28.38 -.004917 %-119.88   -2.6
  28.39 -.004919 %-119.92   -2.6
  28.40 -.004920 %-119.94   -2.6
  28.41 -.004921 %-119.96   -2.5
  28.42 -.004922 %-119.99   -2.5
  28.43 -.004923 %-120.01   -2.4
  28.44 -.004924 %-120.04   -2.4
  28.45 -.004925 %-120.07   -2.3
  28.47 -.004926 %-120.10   -2.3
  28.48 -.004927 %-120.11   -2.2
  28.49 -.004928 %-120.14   -2.1
  28.50 -.004929 %-120.17   -2.1
  28.51 -.004929 %-120.18   -2.0
  28.52 -.004931 %-120.22   -2.0
  28.53 -.004932 %-120.23   -2.0
  28.54 -.004920 %-119.94   -1.0
  28.56 -.004829 %-117.72    6.9
  28.57 -.004749 %-115.78   19.6
  28.58 -.004676 %-114.00   35.3
  28.59 -.004606 %-112.29   52.8
  28.60 -.003786 -92.29  128.9
  28.61 -.004427 %-107.93  139.6
  28.62 -.004328 %-105.51  150.9
  28.63 -.004232 %-103.18  161.0
  28.65 -.004149 %-101.16  167.8
  28.66 -.004073 -99.31  169.3
  28.67 -.003996 -97.43  164.7
  28.68 -.003921 -95.59  153.9
  28.69 -.003849 -93.85  142.9
  28.70 -.003775 -92.03  131.2
  28.71 -.003708 -90.40  117.7
  28.72 -.003639 -88.72  102.2
  28.74 -.003564 -86.89  153.6
  28.75 -.003491 -85.12  149.2
  28.76 -.003422 -83.42  146.1
  28.77 -.003351 -81.70  144.4
  28.78 -.003284 -80.05  143.2
  28.79 -.003217 -78.42  141.8
  28.80 -.003148 -76.76  140.8
  28.81 -.003082 -75.14  139.8
  28.83 -.003017 -73.56  138.6
  28.84 -.002953 -72.00  137.5
  28.85 -.002891 -70.47  135.7
  28.86 -.002828 -68.94  133.7
  28.87 -.002766 -67.44  131.8
  28.88 -.002708 -66.01  129.9
  28.89 -.002648 -64.57  128.0
  28.90 -.002595 -63.26  125.7
  28.92 -.002546 -62.08  122.8
  28.93 -.002501 -60.97  119.1
  28.94 -.002463 -60.05  114.5
  28.95 -.002430 -59.24  108.9
  28.96 -.002407 -58.68  101.9
  28.97 -.002385 -58.15   93.8
  28.98 -.002356 -57.45   85.7
  28.99 -.002328 -56.76   77.9
  29.01 -.002295 -55.96   71.4
  29.02 -.002243 -54.68   67.6
  29.03 -.002179 -53.13   67.6
  29.04 -.002115 -51.57   70.7
  29.05 -.002053 -50.05   76.4
  29.06 -.001992 -48.56   84.0
  29.07 -.001932 -47.09   92.6
  29.08 -.001869 -45.56  101.6
  29.09 -.001806 -44.04  109.6
  29.11 -.001746 -42.58  115.8
  29.12 -.001684 -41.06  120.5
  29.13 -.001622 -39.54  123.2
  29.14 -.001560 -38.04  123.7
  29.15 -.001500 -36.58  123.3
  29.16 -.001440 -35.12  122.9
  29.17 -.001380 -33.64  122.6
  29.18 -.001320 -32.19  122.3
  29.20 -.001260 -30.72  122.0
  29.21 -.001202 -29.31  121.4
  29.22 -.001143 -27.88  120.7
  29.23 -.001085 -26.46  120.1
  29.24 -.001030 -25.10  119.1
  29.25 -.000972 -23.69  118.2
  29.26 -.000915 -22.31  117.4
  29.27 -.000862 -21.02  116.3
  29.29 -.000805 -19.64  115.3
  29.30 -.000750 -18.29  114.3
  29.31 -.000696 -16.97  113.3
  29.32 -.000642 -15.66  112.3
  29.33 -.000589 -14.37  111.3
  29.34 -.000535 -13.04  110.5
  29.35 -.000484 -11.80  109.5
  29.36 -.000431 -10.52  108.6
  29.38 -.000379  -9.24  107.7
  29.39 -.000328  -7.99  106.9
  29.40 -.000278  -6.77  106.1
  29.41 -.000228  -5.57  105.0
  29.42 -.000180  -4.38  103.9
  29.43 -.000131  -3.20  102.8
  29.44 -.000084  -2.06  101.6
  29.45 -.000040  -0.98  100.1
  29.46 -.000001  -0.02   98.1
  29.48 0.000045   1.09   96.3
  29.49 0.000092   2.24   94.6
  29.50 0.000137   3.34   93.1
  29.51 0.000181   4.41   91.8
  29.52 0.000224   5.46   90.6
  29.53 0.000265   6.47   89.5
  29.54 0.000308   7.51   88.5
  29.56 0.000351   8.57   87.8
  29.57 0.000393   9.59   87.2
  29.58 0.000436  10.63   86.9
  29.59 0.000478  11.64   86.6
  29.60 0.000517  12.62   85.6
  29.61 0.000556  13.56   84.6
  29.62 0.000602  14.67   84.1
  29.63 0.000637  15.53   83.3
  29.64 0.000675  16.46   82.5
  29.66 0.000713  17.40   81.6
  29.67 0.000750  18.28   80.4
  29.68 0.000784  19.12   79.0
  29.69 0.000819  19.96   77.5
  29.70 0.000854  20.82   76.0
  29.71 0.000887  21.64   74.5
  29.72 0.000920  22.44   73.1
  29.73 0.000954  23.26   71.6
  29.75 0.000987  24.06   70.1
  29.76 0.001019  24.85   69.2
  29.77 0.001051  25.62   68.0
  29.78 0.001082  26.38   67.0
  29.79 0.001112  27.12   66.1
  29.80 0.001142  27.86   65.2
  29.81 0.001170  28.54   64.1
  29.82 0.001201  29.28   63.1
  29.84 0.001228  29.95   62.1
  29.85 0.001257  30.65   61.1
  29.86 0.001287  31.38   60.2
  29.87 0.001317  32.11   59.5
  29.88 0.001347  32.84   59.1
  29.89 0.001377  33.59   58.9
  29.90 0.001407  34.32   58.8
  29.91 0.001438  35.07   59.0
  29.93 0.001466  35.75   59.1
  29.94 0.001496  36.48   59.4
  29.95 0.001526  37.22   59.5
  29.96 0.001556  37.94   59.7
  29.97 0.001586  38.66   59.7
  29.98 0.001615  39.38   59.6
  29.99 0.001646  40.13   59.6
  30.00 0.001675  40.85   59.6
  30.01 0.001705  41.58   59.5
  30.03 0.001732  42.23   59.3
  30.04 0.001760  42.93   59.1
  30.05 0.001788  43.60   58.8
  30.06 0.001817  44.30   58.4
  30.07 0.001845  44.99   57.9
  30.08 0.001872  45.65   57.4
  30.09 0.001898  46.28   56.8
  30.11 0.001924  46.91   56.1
  30.12 0.001950  47.54   55.3
  30.13 0.001975  48.15   54.6
  30.14 0.002000  48.77   53.9
  30.15 0.002026  49.40   53.3
  30.16 0.002051  50.01   52.6
  30.17 0.002076  50.62   52.0
  30.18 0.002101  51.22   51.4
  30.20 0.002124  51.81   50.8
  30.21 0.002148  52.38   50.3
  30.22 0.002172  52.96   49.9
  30.23 0.002196  53.54   49.5
  30.24 0.002219  54.11   49.0
  30.25 0.002242  54.68   48.6
  30.26 0.002266  55.25   48.1
  30.27 0.002288  55.80   47.6
  30.28 0.002310  56.32   47.1
  30.30 0.002334  56.90   46.7
  30.31 0.002355  57.43   46.4
  30.32 0.002377  57.97   46.0
  30.33 0.002398  58.47   45.5
  30.34 0.002419  58.99   45.0
  30.35 0.002440  59.51   44.5
  30.36 0.002461  60.00   43.9
  30.37 0.002480  60.49   43.3
  30.39 0.002501  60.98   42.8
  30.40 0.002521  61.48   42.3
  30.41 0.002541  61.97   41.8
  30.42 0.002561  62.46   41.3
  30.43 0.002581  62.93   40.9
  30.44 0.002601  63.43   40.6
  30.45 0.002620  63.88   40.3
  30.46 0.002641  64.39   40.1
  30.48 0.002659  64.84   39.8
  30.49 0.002678  65.30   39.6
  30.50 0.002697  65.76   39.3
  30.51 0.002715  66.21   39.0
  30.52 0.002731  66.60   38.5
  30.53 0.002750  67.06   38.0
  30.54 0.002767  67.48   37.5
  30.55 0.002787  67.97   37.2
  30.57 0.002804  68.38   36.8
  30.58 0.002821  68.78   36.4
  30.59 0.002837  69.19   35.9
  30.60 0.002854  69.60   35.5
  30.61 0.002872  70.03   35.2
  30.62 0.002888  70.43   34.9
  30.63 0.002904  70.83   34.6
  30.64 0.002920  71.22   34.3
  30.66 0.002934  71.56   33.7
  30.67 0.002949  71.92   33.1
  30.68 0.002964  72.28   32.4
  30.69 0.002979  72.66   31.9
  30.70 0.002995  73.03   31.5
  30.71 0.003010  73.40   31.1
  30.72 0.003025  73.77   30.7
  30.73 0.003040  74.14   30.4
  30.75 0.003055  74.49   30.2
  30.76 0.003069  74.84   30.0
  30.77 0.003083  75.19   29.9
  30.78 0.003096  75.51   29.7
  30.79 0.003110  75.85   29.4
  30.80 0.003125  76.20   29.1
  30.81 0.003137  76.50   28.7
  30.82 0.003150  76.81   28.2
  30.84 0.003163  77.14   27.8
  30.85 0.003177  77.47   27.4
  30.86 0.003190  77.80   27.1
  30.87 0.003204  78.12   26.9
  30.88 0.003217  78.44   26.8
  30.89 0.003229  78.74   26.6
  30.90 0.003241  79.04   26.4
  30.91 0.003253  79.33   26.1
  30.92 0.003265  79.61   25.8
  30.94 0.003277  79.92   25.6
  30.95 0.003288  80.19   25.2
  30.96 0.003301  80.50   24.8
  30.97 0.003312  80.77   24.5
  30.98 0.003324  81.07   24.2
  30.99 0.003336  81.36   24.0
  31.00 0.003347  81.63   23.8
  31.01 0.003358  81.88   23.6
  31.03 0.003368  82.14   23.3
  31.04 0.003380  82.42   23.1
  31.05 0.003390  82.68   22.8
  31.06 0.003401  82.94   22.6
  31.07 0.003412  83.20   22.3
  31.08 0.003422  83.46   22.0
  31.09 0.003433  83.72   21.8
  31.10 0.003443  83.96   21.5
  31.12 0.003454  84.23   21.4
  31.13 0.003464  84.47   21.3
  31.14 0.003473  84.70   21.1
  31.15 0.003484  84.96   20.9
  31.16 0.003493  85.19   20.7
  31.17 0.003503  85.43   20.5
  31.18 0.003513  85.67   20.3
  31.19 0.003523  85.91   20.2
  31.21 0.003530  86.09   19.8
  31.22 0.003539  86.30   19.4
  31.23 0.003548  86.53   19.1
  31.24 0.003558  86.76   18.8
  31.25 0.003568  87.01   18.7
  31.26 0.003577  87.23   18.6
  31.27 0.003586  87.44   18.4
  31.28 0.003594  87.65   18.3
  31.30 0.003602  87.83   18.1
  31.31 0.003610  88.03   17.8
  31.32 0.003618  88.23   17.7
  31.33 0.003625  88.40   17.4
  31.34 0.003633  88.60   17.1
  31.35 0.003640  88.78   16.6
  31.36 0.003647  88.94   16.1
  31.37 0.003655  89.14   15.7
  31.39 0.003663  89.34   15.5
  31.40 0.003672  89.56   15.5
  31.41 0.003680  89.74   15.5
  31.42 0.003688  89.93   15.6
  31.43 0.003694  90.10   15.5
  31.44 0.003702  90.28   15.5
  31.45 0.003709  90.46   15.5
  31.46 0.003718  90.67   15.5
  31.48 0.003726  90.87   15.6
  31.49 0.003733  91.03   15.5
  31.50 0.003741  91.23   15.4
  31.51 0.003748  91.40   15.3
  31.52 0.003756  91.60   15.2
  31.53 0.003763  91.76   15.2
  31.54 0.003770  91.94   15.1
  31.55 0.003777  92.10   15.1
  31.56 0.003784  92.28   14.9
  31.58 0.003791  92.46   14.8
  31.59 0.003797  92.61   14.5
  31.60 0.003804  92.77   14.3
  31.61 0.003811  92.93   14.1
  31.62 0.003817  93.08   13.8
  31.63 0.003824  93.25   13.7
  31.64 0.003831  93.42   13.6
  31.65 0.003838  93.60   13.5
  31.67 0.003844  93.75   13.4
  31.68 0.003849  93.87   13.3
  31.69 0.003856  94.03   13.1
  31.70 0.003862  94.18   13.0
  31.71 0.003869  94.34   12.9
  31.72 0.003876  94.51   12.9
  31.73 0.003881  94.66   12.8
  31.74 0.003887  94.78   12.7
  31.76 0.003891  94.90   12.4
  31.77 0.003897  95.05   12.1
  31.78 0.003904  95.20   12.0
  31.79 0.003910  95.35   12.0
  31.80 0.003915  95.48   11.9
  31.81 0.003921  95.63   11.8
  31.82 0.003926  95.74   11.6
  31.83 0.003932  95.90   11.4
  31.85 0.003938  96.03   11.4
  31.86 0.003943  96.16   11.4
  31.87 0.003948  96.28   11.4
  31.88 0.003952  96.38   11.2
  31.89 0.003957  96.50   10.9
  31.90 0.003962  96.62   10.6
  31.91 0.003968  96.76   10.5
  31.92 0.003973  96.88   10.3
  31.94 0.003978  97.01   10.2
  31.95 0.003983  97.14   10.2
  31.96 0.003989  97.27   10.1
  31.97 0.003992  97.36   10.0
  31.98 0.003996  97.45    9.9
  31.99 0.004001  97.57    9.8
  32.00 0.004005  97.66    9.7
  32.01 0.004008  97.74    9.4
  32.03 0.004011  97.82    9.0
  32.04 0.004015  97.92    8.6
  32.05 0.004018  98.00    8.2
  32.06 0.004022  98.10    7.9
  32.07 0.004026  98.19    7.6
  32.08 0.004031  98.30    7.6
  32.09 0.004034  98.39    7.6
  32.10 0.004039  98.50    7.6
  32.11 0.004044  98.63    7.8
  32.13 0.004051  98.79    8.2
  32.14 0.004055  98.90    8.6
  32.15 0.004060  99.01    8.9
  32.16 0.004064  99.12    9.2
  32.17 0.004069  99.24    9.4
  32.18 0.004074  99.34    9.5
  32.19 0.004077  99.42    9.5
  32.20 0.004082  99.54    9.5
  32.22 0.004086  99.65    9.4
  32.23 0.004089  99.72    9.1
  32.24 0.004093  99.82    8.7
  32.25 0.004096  99.89    8.3
  32.26 0.004100  99.99    8.1
  32.27 0.004105 100.10    8.0
  32.28 0.004108 100.18    7.8
  32.29 0.004112 100.27    7.7
  32.31 0.004115 100.35    7.6
  32.32 0.004119 100.44    7.5
  32.33 0.004123 100.54    7.4
  32.34 0.004126 100.62    7.4
  32.35 0.004130 100.71    7.4
  32.36 0.004133 100.80    7.3
  32.37 0.004136 100.87    7.3
  32.38 0.004140 100.97    7.2
  32.40 0.004143 101.05    7.1
  32.41 0.004146 101.12    7.1
  32.42 0.004150 101.22    7.0
  32.43 0.004152 101.27    6.9
  32.44 0.004156 101.36    6.8
  32.45 0.004159 101.43    6.7
  32.46 0.004163 101.53    6.7
  32.47 0.004165 101.59    6.6
  32.49 0.004169 101.68    6.5
  32.50 0.004173 101.77    6.6
  32.51 0.004175 101.82    6.5
  32.52 0.004179 101.91    6.5
  32.53 0.004181 101.97    6.4
  32.54 0.004185 102.05    6.4
  32.55 0.004188 102.13    6.4
  32.56 0.004192 102.23    6.3
  32.58 0.004194 102.29    6.3
  32.59 0.004195 102.31    6.1
  32.60 0.004199 102.41    6.0
  32.61 0.004201 102.46    5.9
  32.62 0.004203 102.50    5.7
  32.63 0.004204 102.54    5.4
  32.64 0.004207 102.59    5.1
  32.65 0.004210 102.67    5.0
  32.67 0.004212 102.73    4.8
  32.68 0.004213 102.75    4.5
  32.69 0.004216 102.82    4.4
  32.70 0.004217 102.85    4.3
  32.71 0.004219 102.89    4.2
  32.72 0.004221 102.95    4.1
  32.73 0.004223 103.00    4.1
  32.74 0.004226 103.06    4.1
  32.75 0.004229 103.15    4.2
  32.77 0.004233 103.23    4.4
  32.78 0.004236 103.30    4.6
  32.79 0.004239 103.39    4.9
  32.80 0.004242 103.45    5.3
  32.81 0.004246 103.56    5.6
  32.82 0.004248 103.59    5.8
  32.83 0.004252 103.69    6.1
  32.85 0.004254 103.74    6.2
  32.86 0.004256 103.79    6.1
  32.87 0.004259 103.86    6.0
  32.88 0.004262 103.93    5.8
  32.89 0.004264 103.98    5.6
  32.90 0.004267 104.06    5.5
  32.91 0.004269 104.11    5.3
  32.92 0.004271 104.15    5.2
  32.94 0.004273 104.22    5.0
  32.95 0.004277 104.31    5.1
  32.96 0.004279 104.36    5.0
  32.97 0.004280 104.38    4.9
  32.98 0.004282 104.42    4.8
  32.99 0.004284 104.49    4.6
  33.00 0.004288 104.57    4.6
  33.01 0.004290 104.62    4.6
  33.02 0.004291 104.65    4.5
  33.04 0.004293 104.69    4.4
  33.05 0.004295 104.74    4.3
  33.06 0.004295 104.75    4.0
  33.07 0.004296 104.78    3.8
  33.08 0.004297 104.80    3.6
  33.09 0.004293 104.69    2.9
  33.10 0.004298 104.82    2.6
  33.11 0.004301 104.90    2.4
  33.13 0.004302 104.92    2.2
  33.14 0.004302 104.92    2.2
  33.15 0.004306 105.02    2.3
  33.16 0.004308 105.07    2.6
  33.17 0.004311 105.12    2.9
