Datos generados por TERE.BAS el 06-11-2007
 t[min] T[§C] V[§C/min]
   0.00 0.003065  74.75  235.7
   0.01 0.003073  74.93  429.2
   0.02 0.003080  75.12  580.3
   0.03 0.003087  75.27  688.8
   0.04 0.003093  75.43  754.6
   0.06 0.003101  75.63  777.8
   0.07 0.003108  75.79  758.1
   0.08 0.003114  75.94  695.5
   0.09 0.003120  76.08  589.7
   0.10 0.003126  76.23  440.8
   0.11 0.003133  76.40  248.8
   0.12 0.003139  76.55   13.4
   0.13 0.003146  76.71   13.2
   0.14 0.003152  76.87   13.0
   0.16 0.003158  77.02   12.9
   0.17 0.003165  77.19   12.9
   0.18 0.003171  77.32   12.7
   0.19 0.003177  77.48   12.7
   0.20 0.003184  77.65   12.8
   0.21 0.003191  77.82   12.9
   0.22 0.003198  77.98   12.9
   0.23 0.003204  78.12   12.9
   0.24 0.003209  78.26   12.9
   0.26 0.003215  78.41   12.8
   0.27 0.003222  78.57   12.7
   0.28 0.003228  78.72   12.7
   0.29 0.003235  78.89   12.7
   0.30 0.003241  79.03   12.7
   0.31 0.003247  79.17   12.5
   0.32 0.003252  79.31   12.4
   0.33 0.003259  79.46   12.3
   0.34 0.003264  79.61   12.2
   0.36 0.003269  79.71   12.1
   0.37 0.003273  79.82   11.8
   0.38 0.003280  79.98   11.6
   0.39 0.003287  80.15   11.5
   0.40 0.003293  80.31   11.5
   0.41 0.003299  80.45   11.5
   0.42 0.003304  80.57   11.5
   0.43 0.003309  80.69   11.4
   0.44 0.003313  80.80   11.3
   0.45 0.003319  80.94   11.2
   0.47 0.003325  81.08   11.2
   0.48 0.003331  81.23   11.3
   0.49 0.003337  81.38   11.3
   0.50 0.003343  81.54   11.2
   0.51 0.003349  81.67   11.1
   0.52 0.003355  81.82   11.2
   0.53 0.003360  81.94   11.4
   0.54 0.003365  82.07   11.5
   0.55 0.003371  82.21   11.6
   0.57 0.003376  82.33   11.5
   0.58 0.003381  82.44   11.3
   0.59 0.003385  82.55   11.0
   0.60 0.003390  82.67   10.7
   0.61 0.003394  82.77   10.4
   0.62 0.003400  82.90   10.1
   0.63 0.003405  83.04   10.0
   0.64 0.003411  83.18    9.9
   0.66 0.003416  83.30   10.0
   0.67 0.003421  83.43   10.0
   0.68 0.003426  83.56   10.1
   0.69 0.003432  83.68   10.2
   0.70 0.003438  83.83   10.4
   0.71 0.003443  83.96   10.6
   0.72 0.003448  84.08   10.7
   0.73 0.003453  84.21   10.7
   0.74 0.003458  84.33   10.6
   0.76 0.003463  84.45   10.6
   0.77 0.003468  84.57   10.5
   0.78 0.003473  84.69   10.4
   0.79 0.003478  84.81   10.3
   0.80 0.003482  84.91   10.1
   0.81 0.003486  85.01    9.9
   0.82 0.003490  85.12    9.7
   0.83 0.003495  85.23    9.5
   0.84 0.003500  85.34    9.3
   0.86 0.003503  85.43    9.1
   0.87 0.003507  85.53    8.9
   0.88 0.003513  85.67    8.9
   0.89 0.003518  85.78    8.9
   0.90 0.003521  85.87    8.8
   0.91 0.003524  85.95    8.7
   0.92 0.003528  86.04    8.6
   0.93 0.003535  86.20    8.7
   0.94 0.003540  86.33    8.8
   0.96 0.003545  86.45    8.9
   0.97 0.003550  86.58    9.1
   0.98 0.003556  86.71    9.4
   0.99 0.003561  86.84    9.7
   1.00 0.003567  86.99    9.9
   1.01 0.003572  87.10   10.2
   1.02 0.003576  87.21   10.4
   1.03 0.003581  87.33   10.5
   1.05 0.003586  87.45   10.4
   1.06 0.003591  87.57   10.2
   1.07 0.003595  87.68   10.1
   1.08 0.003601  87.81   10.0
   1.09 0.003606  87.94    9.9
   1.10 0.003611  88.07    9.9
   1.11 0.003616  88.19    9.9
   1.12 0.003621  88.31    9.9
   1.13 0.003625  88.41    9.9
   1.15 0.003630  88.51    9.9
   1.16 0.003634  88.61    9.7
   1.17 0.003639  88.74    9.7
   1.18 0.003644  88.86    9.6
   1.19 0.003648  88.98    9.5
   1.20 0.003653  89.10    9.4
   1.21 0.003658  89.21    9.3
   1.22 0.003662  89.30    9.2
   1.23 0.003666  89.40    9.2
   1.25 0.003671  89.51    9.1
   1.26 0.003676  89.64    9.2
   1.27 0.003680  89.74    9.1
   1.28 0.003684  89.85    9.1
   1.29 0.003689  89.96    9.0
   1.30 0.003695  90.10    9.1
   1.31 0.003700  90.23    9.2
   1.32 0.003706  90.38    9.4
   1.34 0.003711  90.51    9.7
   1.35 0.003715  90.59    9.8
   1.36 0.003718  90.66    9.8
   1.37 0.003720  90.73    9.5
   1.38 0.003726  90.86    9.3
   1.39 0.003731  90.99    9.2
   1.40 0.003736  91.10    9.1
   1.41 0.003741  91.23    9.0
   1.43 0.003747  91.37    9.0
   1.44 0.003752  91.49    9.0
   1.45 0.003756  91.59    9.1
   1.46 0.003760  91.70    9.3
   1.47 0.003764  91.79    9.4
   1.48 0.003769  91.90    9.6
   1.49 0.003772  92.00    9.5
   1.50 0.003776  92.09    9.2
   1.51 0.003781  92.20    9.0
   1.53 0.003786  92.32    8.8
   1.54 0.003790  92.43    8.7
   1.55 0.003795  92.56    8.7
   1.56 0.003799  92.65    8.7
   1.57 0.003804  92.77    8.8
   1.58 0.003809  92.90    9.0
   1.59 0.003813  93.00    9.1
   1.60 0.003817  93.09    9.1
   1.62 0.003821  93.19    9.1
   1.63 0.003826  93.31    9.1
   1.64 0.003831  93.43    9.1
   1.65 0.003835  93.53    9.0
   1.66 0.003839  93.61    8.9
   1.67 0.003842  93.71    8.7
   1.68 0.003846  93.80    8.6
   1.70 0.003850  93.90    8.4
   1.71 0.003855  94.02    8.3
   1.72 0.003861  94.15    8.4
   1.73 0.003866  94.27    8.5
   1.74 0.003869  94.36    8.6
   1.75 0.003874  94.47    8.6
   1.76 0.003879  94.60    8.8
   1.77 0.003885  94.74    9.1
   1.78 0.003889  94.84    9.3
   1.80 0.003893  94.95    9.4
   1.81 0.003898  95.06    9.5
   1.82 0.003903  95.18    9.5
   1.83 0.003907  95.29    9.4
   1.84 0.003912  95.42    9.4
   1.85 0.003917  95.52    9.4
   1.86 0.003920  95.59    9.3
   1.87 0.003924  95.70    9.1
   1.89 0.003928  95.81    8.9
   1.90 0.003932  95.90    8.7
   1.91 0.003936  96.00    8.6
   1.92 0.003940  96.08    8.4
   1.93 0.003944  96.19    8.3
   1.94 0.003948  96.28    8.1
   1.95 0.003952  96.38    8.0
   1.96 0.003957  96.50    8.0
   1.98 0.003961  96.60    8.1
   1.99 0.003966  96.72    8.2
   2.00 0.003970  96.81    8.3
   2.01 0.003974  96.91    8.3
   2.02 0.003978  97.02    8.4
   2.03 0.003982  97.11    8.5
   2.04 0.003986  97.21    8.5
   2.06 0.003990  97.30    8.4
   2.07 0.003993  97.38    8.3
   2.08 0.003998  97.49    8.2
   2.09 0.004002  97.59    8.1
   2.10 0.004006  97.69    8.0
   2.11 0.004009  97.78    7.9
   2.12 0.004013  97.87    7.9
   2.13 0.004016  97.94    7.7
   2.14 0.004020  98.04    7.7
   2.16 0.004024  98.14    7.6
   2.17 0.004026  98.19    7.5
   2.18 0.004031  98.31    7.4
   2.19 0.004036  98.42    7.5
   2.20 0.004041  98.54    7.5
   2.21 0.004044  98.62    7.6
   2.22 0.004049  98.74    7.8
   2.23 0.004054  98.86    8.1
   2.25 0.004058  98.96    8.3
   2.26 0.004062  99.05    8.5
   2.27 0.004065  99.13    8.5
   2.28 0.004067  99.19    8.3
   2.29 0.004070  99.25    8.1
   2.30 0.004074  99.35    7.8
   2.31 0.004077  99.42    7.4
   2.33 0.004081  99.52    7.1
   2.34 0.004084  99.60    6.9
   2.35 0.004088  99.69    6.7
   2.36 0.004091  99.78    6.7
   2.37 0.004095  99.86    6.7
   2.38 0.004098  99.95    6.8
   2.39 0.004101 100.01    6.8
   2.40 0.004104 100.10    6.9
   2.42 0.004108 100.19    6.9
   2.43 0.004112 100.28    6.9
   2.44 0.004115 100.36    6.9
   2.45 0.004119 100.45    6.9
   2.46 0.004122 100.54    6.9
   2.47 0.004126 100.63    6.9
   2.48 0.004130 100.72    7.0
   2.50 0.004134 100.81    7.1
   2.51 0.004137 100.89    7.2
   2.52 0.004140 100.96    7.2
   2.53 0.004143 101.05    7.1
   2.54 0.004147 101.13    7.1
   2.55 0.004150 101.21    7.0
   2.56 0.004153 101.28    6.9
   2.57 0.004156 101.35    6.7
   2.59 0.004160 101.45    6.7
   2.60 0.004163 101.53    6.6
   2.61 0.004165 101.56    6.4
   2.62 0.004167 101.62    6.2
   2.63 0.004171 101.71    6.1
   2.64 0.004174 101.80    6.1
   2.65 0.004179 101.92    6.2
   2.66 0.004183 102.01    6.3
   2.67 0.004187 102.12    6.6
   2.69 0.004192 102.22    6.9
   2.70 0.004195 102.31    7.1
   2.71 0.004199 102.40    7.4
   2.72 0.004201 102.46    7.5
   2.73 0.004202 102.48    7.5
   2.74 0.004205 102.56    7.3
   2.75 0.004208 102.62    6.9
   2.77 0.004210 102.68    6.4
   2.78 0.004213 102.73    6.0
   2.79 0.004215 102.80    5.6
   2.80 0.004218 102.87    5.3
   2.81 0.004221 102.93    5.1
   2.82 0.004224 103.01    5.0
   2.83 0.004227 103.08    5.1
   2.84 0.004229 103.14    5.2
   2.86 0.004232 103.22    5.4
   2.87 0.004236 103.30    5.5
   2.88 0.004238 103.37    5.6
   2.89 0.004242 103.45    5.8
   2.90 0.004245 103.52    5.9
   2.91 0.004248 103.60    5.9
   2.92 0.004252 103.69    6.1
   2.93 0.004255 103.78    6.2
   2.95 0.004258 103.85    6.3
   2.96 0.004261 103.91    6.3
   2.97 0.004263 103.97    6.3
   2.98 0.004265 104.01    6.2
   2.99 0.004267 104.07    6.0
   3.00 0.004271 104.16    5.9
   3.01 0.004273 104.21    5.7
   3.02 0.004275 104.26    5.4
   3.04 0.004277 104.31    5.2
   3.05 0.004279 104.37    4.9
   3.06 0.004283 104.45    4.9
   3.07 0.004285 104.50    4.8
   3.08 0.004286 104.53    4.8
   3.09 0.004289 104.61    4.7
   3.10 0.004291 104.64    4.7
   3.11 0.004292 104.67    4.5
   3.13 0.004294 104.73    4.3
   3.14 0.004298 104.81    4.4
   3.15 0.004301 104.88    4.4
   3.16 0.004304 104.95    4.5
   3.17 0.004306 105.02    4.6
   3.18 0.004309 105.09    4.8
   3.19 0.004312 105.16    5.0
   3.20 0.004315 105.23    5.3
   3.22 0.004318 105.31    5.5
   3.23 0.004321 105.38    5.7
   3.24 0.004324 105.45    5.9
   3.25 0.004327 105.51    5.9
   3.26 0.004329 105.59    5.8
   3.27 0.004332 105.66    5.8
   3.28 0.004335 105.73    5.8
   3.29 0.004338 105.78    5.8
   3.31 0.004340 105.83    5.6
   3.32 0.004341 105.87    5.4
   3.33 0.004344 105.93    5.2
   3.34 0.004347 106.00    5.1
   3.35 0.004349 106.05    4.9
   3.36 0.004351 106.10    4.8
   3.37 0.004353 106.17    4.7
   3.39 0.004355 106.22    4.6
   3.40 0.004357 106.25    4.5
   3.41 0.004358 106.28    4.3
   3.42 0.004360 106.32    4.2
   3.43 0.004362 106.37    4.1
   3.44 0.004364 106.43    4.0
   3.45 0.004367 106.50    4.0
   3.46 0.004369 106.56    4.0
   3.47 0.004372 106.63    4.1
   3.49 0.004374 106.68    4.2
   3.50 0.004377 106.74    4.3
   3.51 0.004379 106.78    4.4
   3.52 0.004380 106.82    4.5
   3.53 0.004382 106.86    4.5
   3.54 0.004384 106.92    4.5
   3.55 0.004386 106.96    4.3
   3.56 0.004388 107.02    4.2
   3.58 0.004390 107.06    4.1
   3.59 0.004393 107.14    4.1
   3.60 0.004395 107.20    4.1
   3.61 0.004398 107.25    4.2
   3.62 0.004400 107.31    4.3
   3.63 0.004403 107.37    4.5
   3.64 0.004403 107.37    4.4
   3.66 0.004405 107.42    4.3
   3.67 0.004407 107.47    4.2
   3.68 0.004408 107.51    4.1
   3.69 0.004411 107.57    4.0
   3.70 0.004413 107.61    3.9
   3.71 0.004415 107.68    3.8
   3.72 0.004418 107.73    3.8
   3.73 0.004419 107.77    3.8
   3.74 0.004421 107.81    3.9
   3.76 0.004422 107.85    3.9
   3.77 0.004424 107.90    4.0
   3.78 0.004426 107.94    3.9
   3.79 0.004428 107.99    3.9
   3.80 0.004429 108.03    3.8
   3.81 0.004431 108.07    3.7
   3.82 0.004432 108.10    3.5
   3.84 0.004434 108.14    3.4
   3.85 0.004436 108.18    3.4
   3.86 0.004438 108.23    3.4
   3.87 0.004440 108.29    3.4
   3.88 0.004441 108.31    3.4
   3.89 0.004442 108.34    3.3
   3.90 0.004446 108.43    3.4
   3.91 0.004445 108.40    3.3
   3.93 0.004447 108.46    3.3
   3.94 0.004450 108.52    3.4
   3.95 0.004453 108.60    3.5
   3.96 0.004455 108.66    3.7
   3.97 0.004458 108.73    3.9
   3.98 0.004459 108.76    4.0
   3.99 0.004461 108.79    4.1
   4.00 0.004462 108.81    4.1
   4.02 0.004462 108.82    3.9
   4.03 0.004464 108.86    3.7
   4.04 0.004464 108.88    3.5
   4.05 0.004465 108.90    3.1
   4.06 0.004468 108.96    2.9
   4.07 0.004470 109.01    2.7
   4.08 0.004471 109.04    2.6
   4.09 0.004472 109.08    2.6
   4.11 0.004475 109.13    2.7
   4.12 0.004476 109.17    2.9
   4.13 0.004478 109.22    3.2
   4.14 0.004481 109.28    3.4
   4.15 0.004482 109.31    3.5
   4.16 0.004485 109.37    3.7
   4.17 0.004486 109.41    3.7
   4.18 0.004487 109.44    3.7
   4.20 0.004487 109.42    3.5
   4.21 0.004486 109.40    3.1
   4.22 0.004487 109.43    2.7
   4.23 0.004488 109.46    2.4
   4.24 0.004490 109.50    2.1
   4.25 0.004492 109.55    2.0
   4.26 0.004494 109.60    1.9
   4.27 0.004495 109.63    2.0
   4.29 0.004496 109.65    2.1
   4.30 0.004499 109.72    2.4
   4.31 0.004500 109.75    2.7
   4.32 0.004501 109.77    3.0
   4.33 0.004503 109.81    3.2
   4.34 0.004504 109.85    3.2
   4.35 0.004506 109.90    3.2
   4.36 0.004508 109.94    3.2
   4.38 0.004508 109.95    3.0
   4.39 0.004507 109.92    2.8
   4.40 0.004508 109.95    2.5
   4.41 0.004510 110.00    2.4
   4.42 0.004511 110.01    2.2
   4.43 0.004513 110.06    2.1
   4.44 0.004513 110.07    2.1
   4.45 0.004515 110.11    2.0
   4.47 0.004516 110.14    2.0
   4.48 0.004518 110.18    2.0
   4.49 0.004519 110.20    2.2
   4.50 0.004519 110.22    2.4
   4.51 0.004521 110.26    2.5
   4.52 0.004522 110.28    2.5
   4.53 0.004522 110.29    2.3
   4.55 0.004522 110.29    2.2
   4.56 0.004523 110.31    2.0
   4.57 0.004524 110.33    1.9
   4.58 0.004524 110.34    1.7
   4.59 0.004526 110.39    1.6
   4.60 0.004528 110.43    1.7
   4.61 0.004529 110.45    1.7
   4.62 0.004529 110.46    1.8
   4.63 0.004530 110.49    1.8
   4.65 0.004530 110.49    1.8
   4.66 0.004531 110.51    1.8
   4.67 0.004532 110.52    1.8
   4.68 0.004532 110.52    1.6
   4.69 0.004532 110.53    1.5
   4.70 0.004534 110.57    1.4
   4.71 0.004536 110.63    1.4
   4.73 0.004538 110.67    1.5
   4.74 0.004539 110.69    1.7
   4.75 0.004540 110.72    1.9
   4.76 0.004542 110.77    2.2
   4.77 0.004545 110.83    2.6
   4.78 0.004546 110.88    2.9
   4.79 0.004548 110.92    3.2
   4.80 0.004549 110.94    3.3
   4.82 0.004549 110.95    3.3
   4.83 0.004551 110.99    3.1
   4.84 0.004550 110.97    2.8
   4.85 0.004551 110.98    2.6
   4.86 0.004552 111.01    2.4
   4.87 0.004552 111.01    2.0
   4.88 0.004552 111.02    1.6
   4.89 0.004554 111.06    1.4
   4.91 0.004555 111.09    1.3
   4.92 0.004556 111.12    1.4
   4.93 0.004556 111.11    1.4
   4.94 0.004556 111.12    1.4
   4.95 0.004557 111.14    1.4
   4.96 0.004558 111.16    1.5
   4.97 0.004559 111.18    1.5
   4.98 0.004559 111.18    1.4
   5.00 0.004559 111.19    1.3
   5.01 0.004560 111.22    1.3
   5.02 0.004561 111.24    1.2
   5.03 0.004562 111.25    1.2
   5.04 0.004562 111.27    1.2
   5.05 0.004563 111.28    1.3
   5.06 0.004563 111.29    1.3
   5.07 0.004564 111.30    1.2
   5.09 0.004564 111.32    1.2
   5.10 0.004565 111.32    1.2
   5.11 0.004566 111.35    1.2
   5.12 0.004567 111.38    1.2
   5.13 0.004568 111.40    1.3
   5.14 0.004568 111.40    1.3
   5.15 0.004568 111.40    1.2
   5.16 0.004569 111.42    1.2
   5.18 0.004569 111.44    1.2
   5.19 0.004572 111.50    1.4
   5.20 0.004573 111.52    1.5
   5.21 0.004573 111.53    1.6
   5.22 0.004573 111.53    1.6
   5.23 0.004573 111.54    1.5
   5.24 0.004573 111.54    1.4
   5.25 0.004574 111.55    1.4
   5.27 0.004576 111.59    1.4
   5.28 0.004577 111.62    1.4
   5.29 0.004578 111.65    1.4
   5.30 0.004579 111.67    1.4
   5.31 0.004580 111.69    1.4
   5.32 0.004580 111.69    1.5
   5.33 0.004578 111.66    1.4
   5.35 0.004579 111.67    1.3
   5.36 0.004580 111.69    1.2
   5.37 0.004580 111.70    1.1
   5.38 0.004580 111.70    0.9
   5.39 0.004580 111.71    0.7
   5.40 0.004581 111.72    0.6
   5.41 0.004582 111.74    0.5
   5.42 0.004582 111.74    0.5
   5.43 0.004581 111.72    0.5
   5.45 0.004581 111.71    0.5
   5.46 0.004581 111.71    0.4
   5.47 0.004582 111.74    0.4
   5.48 0.004581 111.73    0.3
   5.49 0.004582 111.76    0.3
   5.50 0.004581 111.72    0.2
   5.51 0.004580 111.70    0.0
   5.52 0.004581 111.73   -0.1
   5.54 0.004582 111.75   -0.0
   5.55 0.004582 111.75    0.1
   5.56 0.004583 111.78    0.3
   5.57 0.004585 111.81    0.5
   5.58 0.004583 111.78    0.5
   5.59 0.004584 111.79    0.5
   5.60 0.004585 111.81    0.7
   5.62 0.004585 111.82    0.8
   5.63 0.004586 111.84    1.0
   5.64 0.004585 111.83    0.9
   5.65 0.004586 111.84    0.8
   5.66 0.004587 111.87    0.8
   5.67 0.004587 111.87    0.8
   5.68 0.004588 111.88    0.8
   5.69 0.004588 111.90    0.8
   5.70 0.004589 111.92    0.9
   5.72 0.004590 111.94    1.0
   5.73 0.004590 111.95    1.0
   5.74 0.004590 111.95    1.0
   5.75 0.004591 111.96    1.1
   5.76 0.004592 111.99    1.1
   5.77 0.004592 111.99    1.1
   5.78 0.004592 112.00    1.1
   5.80 0.004592 112.00    1.0
   5.81 0.004592 111.99    0.9
   5.82 0.004592 111.99    0.8
   5.83 0.004591 111.97    0.5
   5.84 0.004592 111.99    0.4
   5.85 0.004591 111.95    0.2
   5.86 0.004590 111.94   -0.1
   5.87 0.004591 111.96   -0.2
   5.89 0.004590 111.94   -0.4
   5.90 0.004589 111.92   -0.6
   5.91 0.004589 111.92   -0.6
   5.92 0.004589 111.91   -0.7
   5.93 0.004589 111.92   -0.7
   5.94 0.004589 111.92   -0.6
   5.95 0.004589 111.92   -0.5
   5.96 0.004593 112.01   -0.2
   5.98 0.004559 111.19   -2.4
   5.99 0.000553  13.47 -312.4
   6.00 0.004463 108.84 -265.3
   6.01 0.004404 107.40 -220.8
   6.02 0.004327 105.51 -179.7
   6.03 0.004274 104.24 -139.1
   6.04 0.004219 102.90  -98.3
   6.05 0.004167 101.62  -56.4
   6.07 0.004115 100.37  -12.5
   6.08 0.004066  99.16   34.2
   6.09 0.004017  97.96   84.5
   6.10 0.003967  96.74  139.2
   6.11 0.003916  95.51  195.7
   6.12 0.003867  94.30 -106.8
   6.13 0.003819  93.13 -103.8
   6.14 0.003771  91.97 -100.9
   6.16 0.003723  90.79  -99.9
   6.17 0.003676  89.64  -98.8
   6.18 0.003628  88.48  -98.0
   6.19 0.003582  87.36  -97.2
   6.20 0.003535  86.21  -96.5
   6.21 0.003489  85.08  -95.8
   6.22 0.003443  83.97  -95.0
   6.23 0.003398  82.86  -94.2
   6.25 0.003352  81.75  -93.6
   6.26 0.003307  80.65  -93.0
   6.27 0.003262  79.56  -92.4
   6.28 0.003218  78.48  -91.8
   6.29 0.003174  77.41  -91.2
   6.30 0.003131  76.36  -90.5
   6.31 0.003087  75.29  -89.9
   6.32 0.003044  74.23  -89.3
   6.34 0.003003  73.22  -88.6
   6.35 0.002960  72.18  -87.9
   6.36 0.002917  71.15  -87.2
   6.37 0.002876  70.14  -86.6
   6.38 0.002834  69.12  -85.9
   6.39 0.002793  68.12  -85.3
   6.40 0.002753  67.12  -84.7
   6.41 0.002712  66.15  -84.0
   6.43 0.002672  65.16  -83.4
   6.44 0.002632  64.19  -82.7
   6.45 0.002592  63.21  -82.2
   6.46 0.002553  62.25  -81.7
   6.47 0.002514  61.31  -81.0
   6.48 0.002475  60.36  -80.4
   6.49 0.002437  59.43  -79.8
   6.50 0.002399  58.49  -79.2
   6.52 0.002361  57.57  -78.7
   6.53 0.002323  56.65  -78.1
   6.54 0.002286  55.75  -77.5
   6.55 0.002249  54.84  -76.9
   6.56 0.002212  53.93  -76.4
   6.57 0.002175  53.04  -75.8
   6.58 0.002139  52.16  -75.3
   6.59 0.002103  51.28  -74.8
   6.61 0.002067  50.41  -74.2
   6.62 0.002031  49.54  -73.7
   6.63 0.001997  48.70  -73.1
   6.64 0.001961  47.82  -72.6
   6.65 0.001926  46.97  -72.1
   6.66 0.001892  46.13  -71.6
   6.67 0.001858  45.31  -71.1
   6.68 0.001824  44.47  -70.5
   6.70 0.001790  43.65  -70.0
   6.71 0.001756  42.82  -69.6
   6.72 0.001723  42.03  -69.0
   6.73 0.001690  41.22  -68.5
   6.74 0.001657  40.41  -68.0
   6.75 0.001624  39.61  -67.6
   6.76 0.001592  38.82  -67.1
   6.78 0.001560  38.04  -66.6
   6.79 0.001528  37.26  -66.2
   6.80 0.001497  36.50  -65.7
   6.81 0.001465  35.73  -65.2
   6.82 0.001434  34.97  -64.7
   6.83 0.001403  34.21  -64.2
   6.84 0.001373  33.47  -63.8
   6.85 0.001342  32.72  -63.3
   6.86 0.001311  31.97  -62.8
   6.88 0.001282  31.25  -62.3
   6.89 0.001252  30.53  -61.9
   6.90 0.001222  29.79  -61.5
   6.91 0.001193  29.08  -61.0
   6.92 0.001163  28.36  -60.6
   6.93 0.001134  27.65  -60.2
   6.94 0.001105  26.95  -59.8
   6.95 0.001076  26.24  -59.4
   6.97 0.001048  25.55  -59.0
   6.98 0.001020  24.86  -58.6
   6.99 0.000991  24.17  -58.2
   7.00 0.000964  23.51  -57.8
   7.01 0.000937  22.84  -57.3
   7.02 0.000909  22.16  -56.9
   7.03 0.000882  21.50  -56.5
   7.05 0.000855  20.85  -56.0
   7.06 0.000828  20.19  -55.5
   7.07 0.000802  19.55  -55.1
   7.08 0.000775  18.90  -54.7
   7.09 0.000748  18.25  -54.4
   7.10 0.000722  17.62  -54.0
   7.11 0.000697  16.99  -53.6
   7.12 0.000671  16.37  -53.2
   7.13 0.000646  15.75  -52.8
   7.15 0.000620  15.12  -52.5
   7.16 0.000595  14.51  -52.1
   7.17 0.000570  13.90  -51.8
   7.18 0.000546  13.30  -51.4
   7.19 0.000521  12.70  -51.0
   7.20 0.000496  12.11  -50.6
   7.21 0.000472  11.52  -50.2
   7.22 0.000448  10.92  -49.9
   7.24 0.000424  10.34  -49.6
   7.25 0.000401   9.77  -49.2
   7.26 0.000377   9.19  -48.9
   7.27 0.000353   8.61  -48.5
   7.28 0.000330   8.05  -48.2
   7.29 0.000307   7.49  -47.8
   7.30 0.000284   6.93  -47.5
   7.32 0.000261   6.37  -47.2
   7.33 0.000239   5.82  -46.8
   7.34 0.000217   5.28  -46.5
   7.35 0.000194   4.72  -46.2
   7.36 0.000172   4.19  -45.9
   7.37 0.000150   3.65  -45.6
   7.38 0.000128   3.11  -45.3
   7.39 0.000106   2.59  -45.0
   7.40 0.000084   2.06  -44.7
   7.42 0.000063   1.55  -44.3
   7.43 0.000042   1.03  -44.0
   7.44 0.000021   0.50  -43.7
   7.45 0.000000   0.00  -43.4
   7.46 -.000021  -0.51  -43.1
   7.47 -.000042  -1.01  -42.8
   7.48 -.000062  -1.52  -42.5
   7.49 -.000083  -2.01  -42.2
   7.51 -.000103  -2.51  -41.9
   7.52 -.000123  -3.00  -41.6
   7.53 -.000142  -3.47  -41.3
   7.54 -.000161  -3.93  -40.9
   7.55 -.000180  -4.39  -40.5
   7.56 -.000197  -4.80  -39.8
   7.57 -.000211  -5.15  -38.9
   7.59 -.000225  -5.49  -37.7
   7.60 -.000238  -5.80  -36.2
   7.61 -.000246  -5.99  -34.2
   7.62 -.000254  -6.20  -31.9
   7.63 -.000263  -6.42  -29.4
   7.64 -.000272  -6.64  -26.9
   7.65 -.000279  -6.81  -24.4
   7.66 -.000288  -7.01  -22.2
   7.67 -.000294  -7.18  -20.1
   7.69 -.000303  -7.38  -18.5
   7.70 -.000311  -7.58  -17.4
   7.71 -.000318  -7.76  -16.5
   7.72 -.000327  -7.98  -16.1
   7.73 -.000335  -8.17  -16.0
   7.74 -.000343  -8.36  -15.9
   7.75 -.000351  -8.56  -15.9
   7.76 -.000359  -8.76  -15.9
   7.78 -.000367  -8.96  -16.0
   7.79 -.000376  -9.16  -16.1
   7.80 -.000384  -9.37  -16.3
   7.81 -.000393  -9.57  -16.3
   7.82 -.000401  -9.79  -16.4
   7.83 -.000410 -10.00  -16.6
   7.84 -.000419 -10.22  -16.7
   7.85 -.000428 -10.44  -16.9
   7.87 -.000438 -10.68  -17.2
   7.88 -.000448 -10.91  -17.4
   7.89 -.000458 -11.17  -17.8
   7.90 -.000468 -11.41  -18.2
   7.91 -.000478 -11.66  -18.6
   7.92 -.000488 -11.91  -19.0
   7.93 -.000499 -12.18  -19.4
   7.94 -.000510 -12.44  -19.8
   7.96 -.000521 -12.70  -20.2
   7.97 -.000532 -12.98  -20.6
   7.98 -.000544 -13.25  -20.9
   7.99 -.000555 -13.53  -21.3
   8.00 -.000566 -13.81  -21.6
   8.01 -.000578 -14.09  -21.8
   8.02 -.000590 -14.39  -22.2
   8.03 -.000602 -14.67  -22.5
   8.05 -.000614 -14.97  -22.8
   8.06 -.000626 -15.26  -23.0
   8.07 -.000638 -15.56  -23.3
   8.08 -.000650 -15.86  -23.5
   8.09 -.000663 -16.16  -23.7
   8.10 -.000675 -16.46  -23.9
   8.11 -.000688 -16.77  -24.2
   8.12 -.000700 -17.07  -24.3
   8.14 -.000713 -17.38  -24.5
   8.15 -.000724 -17.66  -24.6
   8.16 -.000738 -18.00  -24.7
   8.17 -.000750 -18.29  -24.8
   8.18 -.000763 -18.61  -24.9
   8.19 -.000776 -18.91  -25.0
   8.20 -.000788 -19.21  -25.0
   8.22 -.000801 -19.53  -25.1
   8.23 -.000813 -19.83  -25.1
   8.24 -.000826 -20.14  -25.2
   8.25 -.000839 -20.46  -25.2
   8.26 -.000852 -20.76  -25.3
   8.27 -.000864 -21.07  -25.3
   8.28 -.000877 -21.38  -25.3
   8.29 -.000889 -21.68  -25.3
   8.30 -.000902 -21.99  -25.3
   8.32 -.000914 -22.29  -25.3
   8.33 -.000927 -22.60  -25.2
   8.34 -.000940 -22.91  -25.2
   8.35 -.000952 -23.21  -25.2
   8.36 -.000964 -23.51  -25.1
   8.37 -.000977 -23.81  -25.0
   8.38 -.000989 -24.12  -25.0
   8.39 -.001001 -24.42  -24.9
   8.41 -.001013 -24.70  -24.8
   8.42 -.001026 -25.02  -24.8
   8.43 -.001038 -25.30  -24.7
   8.44 -.001051 -25.61  -24.7
   8.45 -.001062 -25.90  -24.6
   8.46 -.001074 -26.20  -24.5
   8.47 -.001087 -26.50  -24.5
   8.48 -.001099 -26.79  -24.4
   8.50 -.001111 -27.08  -24.4
   8.51 -.001123 -27.38  -24.3
   8.52 -.001135 -27.67  -24.3
   8.53 -.001147 -27.95  -24.2
   8.54 -.001158 -28.24  -24.1
   8.55 -.001170 -28.53  -24.0
   8.56 -.001182 -28.82  -23.9
   8.57 -.001193 -29.09  -23.8
   8.59 -.001205 -29.39  -23.7
   8.60 -.001217 -29.67  -23.6
   8.61 -.001228 -29.93  -23.5
   8.62 -.001239 -30.22  -23.4
   8.63 -.001251 -30.49  -23.2
   8.64 -.001262 -30.77  -23.1
   8.65 -.001273 -31.05  -23.0
   8.66 -.001285 -31.32  -22.9
   8.68 -.001295 -31.59  -22.8
   8.69 -.001307 -31.86  -22.7
   8.70 -.001318 -32.14  -22.6
   8.71 -.001329 -32.40  -22.5
   8.72 -.001340 -32.67  -22.4
   8.73 -.001351 -32.93  -22.4
   8.74 -.001362 -33.20  -22.3
   8.75 -.001372 -33.45  -22.1
   8.77 -.001383 -33.72  -22.0
   8.78 -.001394 -33.98  -21.9
   8.79 -.001405 -34.25  -21.8
   8.80 -.001415 -34.51  -21.7
   8.81 -.001426 -34.76  -21.6
   8.82 -.001436 -35.02  -21.5
   8.83 -.001447 -35.27  -21.4
   8.84 -.001457 -35.52  -21.3
   8.86 -.001468 -35.78  -21.2
   8.87 -.001478 -36.03  -21.1
   8.88 -.001488 -36.27  -21.0
   8.89 -.001498 -36.52  -20.9
   8.90 -.001508 -36.77  -20.8
   8.91 -.001518 -37.02  -20.6
   8.92 -.001528 -37.27  -20.5
   8.93 -.001538 -37.50  -20.4
   8.95 -.001548 -37.75  -20.3
   8.96 -.001558 -37.99  -20.2
   8.97 -.001567 -38.22  -20.1
   8.98 -.001578 -38.46  -20.0
   8.99 -.001587 -38.70  -19.9
   9.00 -.001597 -38.94  -19.8
   9.01 -.001606 -39.17  -19.7
   9.02 -.001616 -39.40  -19.6
   9.04 -.001625 -39.63  -19.5
   9.05 -.001635 -39.87  -19.4
   9.06 -.001644 -40.09  -19.3
   9.07 -.001653 -40.31  -19.2
   9.08 -.001663 -40.55  -19.1
   9.09 -.001672 -40.77  -19.0
   9.10 -.001681 -41.00  -18.8
   9.11 -.001691 -41.23  -18.8
   9.13 -.001700 -41.45  -18.7
   9.14 -.001709 -41.66  -18.6
   9.15 -.001718 -41.88  -18.5
   9.16 -.001726 -42.09  -18.4
   9.17 -.001736 -42.32  -18.3
   9.18 -.001745 -42.54  -18.2
   9.19 -.001753 -42.74  -18.1
   9.20 -.001762 -42.96  -18.0
   9.22 -.001771 -43.17  -17.9
   9.23 -.001780 -43.39  -17.8
   9.24 -.001788 -43.60  -17.7
   9.25 -.001797 -43.80  -17.6
   9.26 -.001805 -44.01  -17.6
   9.27 -.001814 -44.23  -17.5
   9.28 -.001822 -44.43  -17.4
   9.29 -.001830 -44.62  -17.2
   9.31 -.001839 -44.84  -17.2
   9.32 -.001847 -45.03  -17.1
   9.33 -.001855 -45.24  -17.0
   9.34 -.001864 -45.44  -16.8
   9.35 -.001872 -45.64  -16.8
   9.36 -.001880 -45.83  -16.7
   9.37 -.001888 -46.03  -16.6
   9.38 -.001896 -46.22  -16.5
   9.40 -.001904 -46.43  -16.4
   9.41 -.001912 -46.61  -16.3
   9.42 -.001920 -46.81  -16.2
   9.43 -.001928 -47.00  -16.1
   9.44 -.001936 -47.19  -16.1
   9.45 -.001943 -47.37  -16.0
   9.46 -.001951 -47.57  -15.9
   9.47 -.001959 -47.76  -15.8
   9.49 -.001966 -47.94  -15.7
   9.50 -.001974 -48.13  -15.7
   9.51 -.001982 -48.32  -15.6
   9.52 -.001989 -48.50  -15.5
   9.53 -.001997 -48.68  -15.4
   9.54 -.002004 -48.86  -15.3
   9.55 -.002012 -49.04  -15.3
   9.56 -.002019 -49.23  -15.2
   9.58 -.002026 -49.40  -15.1
   9.59 -.002034 -49.58  -15.0
   9.60 -.002041 -49.76  -14.9
   9.61 -.002048 -49.94  -14.9
   9.62 -.002055 -50.11  -14.8
   9.63 -.002063 -50.30  -14.7
   9.64 -.002070 -50.47  -14.7
   9.65 -.002077 -50.64  -14.6
   9.66 -.002084 -50.81  -14.5
   9.68 -.002091 -50.99  -14.5
   9.69 -.002098 -51.16  -14.4
   9.70 -.002105 -51.32  -14.3
   9.71 -.002112 -51.50  -14.3
   9.72 -.002119 -51.67  -14.2
   9.73 -.002126 -51.82  -14.1
   9.74 -.002133 -52.00  -14.0
   9.76 -.002140 -52.17  -13.9
   9.77 -.002147 -52.35  -13.9
   9.78 -.002154 -52.52  -14.0
   9.79 -.002170 -52.91  -14.7
   9.80 -.002193 -53.47  -16.5
   9.81 -.002210 -53.89  -18.7
   9.82 -.002226 -54.27  -21.1
   9.83 -.002252 -54.91  -24.4
   9.85 -.002279 -55.55  -28.3
   9.86 -.002291 -55.86  -31.5
   9.87 -.002317 -56.49  -34.8
   9.88 -.002335 -56.92  -37.5
   9.89 -.002352 -57.33  -39.3
   9.90 -.002372 -57.83  -40.3
   9.91 -.002390 -58.26  -40.3
   9.92 -.002408 -58.71  -39.8
   9.93 -.002428 -59.20  -39.6
   9.95 -.002449 -59.71  -39.3
   9.96 -.002472 -60.27  -38.8
   9.97 -.002494 -60.80  -39.0
   9.98 -.002515 -61.33  -39.8
   9.99 -.002536 -61.82  -40.0
  10.00 -.002556 -62.32  -40.8
  10.01 -.002577 -62.82  -41.3
  10.02 -.002598 -63.35  -41.7
  10.04 -.002618 -63.82  -42.0
  10.05 -.002636 -64.27  -41.9
  10.06 -.002655 -64.73  -41.4
  10.07 -.002675 -65.22  -40.9
  10.08 -.002694 -65.68  -40.2
  10.09 -.002713 -66.14  -39.7
  10.10 -.002731 -66.59  -39.2
  10.12 -.002750 -67.05  -38.9
  10.13 -.002769 -67.51  -38.5
  10.14 -.002788 -67.98  -38.2
  10.15 -.002808 -68.45  -38.0
  10.16 -.002826 -68.90  -38.0
  10.17 -.002845 -69.35  -37.9
  10.18 -.002863 -69.80  -37.8
  10.19 -.002882 -70.26  -37.7
  10.20 -.002900 -70.71  -37.6
  10.22 -.002918 -71.15  -37.4
  10.23 -.002936 -71.58  -37.3
  10.24 -.002954 -72.01  -37.0
  10.25 -.002972 -72.45  -36.8
  10.26 -.002989 -72.88  -36.5
  10.27 -.003007 -73.31  -36.2
  10.28 -.003026 -73.77  -36.1
  10.29 -.003044 -74.21  -36.0
  10.31 -.003061 -74.62  -35.9
  10.32 -.003079 -75.06  -35.8
  10.33 -.003096 -75.49  -35.7
  10.34 -.003113 -75.90  -35.5
  10.35 -.003130 -76.31  -35.4
  10.36 -.003148 -76.74  -35.3
  10.37 -.003164 -77.15  -35.1
  10.38 -.003181 -77.57  -34.9
  10.40 -.003198 -77.98  -34.6
  10.41 -.003215 -78.38  -34.4
  10.42 -.003231 -78.78  -34.2
  10.43 -.003245 -79.11  -33.8
  10.44 -.003258 -79.43  -33.1
  10.45 -.003271 -79.75  -32.3
  10.46 -.003286 -80.11  -31.5
  10.48 -.003299 -80.44  -30.7
  10.49 -.003313 -80.77  -29.9
  10.50 -.003326 -81.09  -29.1
  10.51 -.003340 -81.43  -28.3
  10.52 -.003353 -81.74  -27.7
  10.53 -.003366 -82.07  -27.3
  10.54 -.003379 -82.39  -27.0
  10.55 -.003393 -82.71  -26.9
  10.56 -.003407 -83.05  -26.9
  10.58 -.003420 -83.37  -26.8
  10.59 -.003432 -83.68  -26.6
  10.60 -.003446 -84.01  -26.6
  10.61 -.003458 -84.32  -26.5
  10.62 -.003472 -84.64  -26.4
  10.63 -.003484 -84.95  -26.3
  10.64 -.003497 -85.26  -26.2
  10.65 -.003509 -85.55  -26.0
  10.67 -.003522 -85.86  -25.9
  10.68 -.003534 -86.16  -25.7
  10.69 -.003546 -86.46  -25.4
  10.70 -.003559 -86.77  -25.3
  10.71 -.003571 -87.06  -25.1
  10.72 -.003583 -87.35  -24.9
  10.73 -.003595 -87.64  -24.8
  10.74 -.003607 -87.94  -24.6
  10.76 -.003619 -88.22  -24.5
  10.77 -.003630 -88.51  -24.3
  10.78 -.003642 -88.79  -24.2
  10.79 -.003654 -89.07  -24.0
  10.80 -.003665 -89.35  -23.8
  10.81 -.003676 -89.62  -23.6
  10.82 -.003687 -89.88  -23.3
  10.83 -.003699 -90.18  -23.2
  10.85 -.003709 -90.44  -23.0
  10.86 -.003720 -90.69  -22.7
  10.87 -.003729 -90.91  -22.4
  10.88 -.003739 -91.16  -22.0
  10.89 -.003750 -91.42  -21.7
  10.90 -.003756 -91.57  -21.1
  10.91 -.003766 -91.82  -20.5
  10.92 -.003774 -92.01  -19.9
  10.94 -.003783 -92.22  -19.3
  10.95 -.003791 -92.42  -18.7
  10.96 -.003800 -92.64  -18.1
  10.97 -.003808 -92.84  -17.7
  10.98 -.003816 -93.04  -17.4
  10.99 -.003826 -93.27  -17.2
  11.00 -.003834 -93.48  -17.1
  11.01 -.003843 -93.69  -17.1
  11.03 -.003853 -93.92  -17.3
  11.04 -.003862 -94.15  -17.4
  11.05 -.003871 -94.37  -17.6
  11.06 -.003880 -94.59  -17.7
  11.07 -.003891 -94.87  -18.1
  11.08 -.003860 -94.11  -15.2
  11.09 -.002852 -69.53   65.3
  11.10 -.003728 -90.89   64.5
  11.12 -.003659 -89.21   67.0
  11.13 -.003381 -82.43   87.9
  11.14 -.003348 -81.64  104.3
  11.15 -.001674 -40.81  241.9
  11.16 -.000000  -0.01  477.0
  11.17 -.000010  -0.25  656.7
  11.18 -.000012  -0.28  781.5
  11.19 -.000015  -0.37  851.3
  11.21 -.000008  -0.18  866.6
  11.22 -.000006  -0.15  830.6
  11.23 -.000010  -0.24  832.1
  11.24 -.000007  -0.17  714.4
  11.25 -.000008  -0.20  550.8
  11.26 -.000007  -0.17  361.6
  11.27 -.000008  -0.18  128.1
  11.28 -.000008  -0.21   -0.0
  11.30 -.000009  -0.21    0.7
  11.31 -.000008  -0.19    0.7
  11.32 -.000008  -0.19    0.5
  11.33 -.000009  -0.21   -0.1
  11.34 -.000008  -0.19   -0.1
  11.35 -.000007  -0.18    0.1
  11.36 -.000010  -0.24   -0.2
  11.37 -.000007  -0.18   -0.1
  11.38 -.000008  -0.19   -0.1
  11.40 0.000003   0.08    0.9
  11.41 0.002380  58.04  184.5
  11.42 -.000738 -17.99   94.7
  11.43 -.000847 -20.66    6.8
  11.44 -.000597 -14.55  -50.0
  11.45 -.000547 -13.34  -94.8
  11.46 -.000019  -0.48  -91.6
  11.47 -.000022  -0.55  -88.4
  11.49 -.000017  -0.41  -84.5
  11.50 -.000020  -0.49  -81.0
  11.51 -.000022  -0.54  -77.2
  11.52 -.000022  -0.54  -73.2
  11.53 -.000023  -0.57  -68.2
  11.54 -.000022  -0.53  153.4
  11.55 -.000025  -0.60  125.0
  11.57 -.000024  -0.58   76.6
  11.58 -.000025  -0.60   39.6
  11.59 -.000025  -0.60   -1.0
  11.60 -.000025  -0.61   -1.0
  11.61 -.000023  -0.57   -1.0
  11.62 -.000023  -0.55   -0.5
  11.63 -.000023  -0.56   -0.2
  11.64 -.000023  -0.55   -0.1
  11.66 -.000023  -0.55    0.1
  11.67 -.000024  -0.58    0.1
  11.68 -.000023  -0.56    0.3
  11.69 -.000023  -0.55    0.3
  11.70 -.000023  -0.56    0.3
  11.71 -.000022  -0.54    0.3
  11.72 -.000023  -0.56    0.2
  11.73 -.000021  -0.52    0.2
  11.74 -.000023  -0.56    0.1
  11.76 -.000022  -0.54    0.1
  11.77 -.000021  -0.52    0.2
  11.78 -.000022  -0.53    0.3
  11.79 -.000021  -0.52    0.3
  11.80 -.000022  -0.55    0.2
  11.81 -.000023  -0.55    0.1
  11.82 -.000026  -0.63   -0.2
  11.83 0.001491  36.35  116.1
  11.85 0.001554  37.89  216.2
  11.86 0.001638  39.94  300.7
  11.87 0.001698  41.39  366.6
  11.88 0.001792  43.69  415.7
  11.89 0.001773  43.23  437.9
  11.90 0.001840  44.86  440.3
  11.91 0.001888  46.03  420.3
  11.92 0.001935  47.19  377.3
  11.94 0.001981  48.30  310.4
  11.95 0.002026  49.40  218.9
  11.96 0.002071  50.50  101.9
  11.97 0.002118  51.64   97.0
  11.98 0.002163  52.74   92.6
  11.99 0.002208  53.84   90.8
  12.00 0.002253  54.94   89.9
  12.01 0.002297  56.01   93.2
  12.03 0.002342  57.10   91.1
  12.04 0.002386  58.19   90.5
  12.05 0.002429  59.23   90.0
  12.06 0.002472  60.28   89.5
  12.07 0.002513  61.29   88.9
  12.08 0.002555  62.31   88.1
  12.09 0.002596  63.31   87.2
  12.10 0.002636  64.29   86.2
  12.12 0.002676  65.26   85.2
  12.13 0.002714  66.18   84.0
  12.14 0.002752  67.10   82.7
  12.15 0.002790  68.03   81.4
  12.16 0.002827  68.93   80.1
  12.17 0.002863  69.81   78.8
  12.18 0.002898  70.67   77.5
  12.19 0.002932  71.50   76.1
  12.21 0.002965  72.32   74.6
  12.22 0.002999  73.13   73.2
  12.23 0.003034  74.00   72.1
  12.24 0.003069  74.84   71.1
  12.25 0.003102  75.64   70.2
  12.26 0.003134  76.42   69.3
  12.27 0.003165  77.17   68.3
  12.28 0.003195  77.92   67.3
  12.30 0.003225  78.65   66.3
  12.31 0.003255  79.37   65.3
  12.32 0.003284  80.09   64.2
  12.33 0.003313  80.79   63.1
  12.34 0.003341  81.49   61.9
  12.35 0.003369  82.16   60.6
  12.36 0.003396  82.82   59.4
  12.38 0.003422  83.46   58.3
  12.39 0.003449  84.10   57.3
  12.40 0.003475  84.74   56.4
  12.41 0.003501  85.37   55.5
  12.42 0.003526  85.99   54.6
  12.43 0.003551  86.60   53.7
  12.44 0.003575  87.18   52.8
  12.45 0.003598  87.75   51.9
  12.47 0.003621  88.32   51.0
  12.48 0.003645  88.89   50.2
  12.49 0.003668  89.45   49.4
  12.50 0.003690  89.99   48.6
  12.51 0.003712  90.52   47.8
  12.52 0.003734  91.05   46.9
  12.53 0.003755  91.57   46.1
  12.54 0.003775  92.07   45.4
  12.55 0.003796  92.58   44.6
  12.57 0.003816  93.07   43.9
  12.58 0.003836  93.55   43.2
  12.59 0.003855  94.01   42.5
  12.60 0.003874  94.48   41.7
  12.61 0.003893  94.94   40.9
  12.62 0.003911  95.39   40.2
  12.63 0.003930  95.84   39.5
  12.64 0.003947  96.27   38.8
  12.66 0.003965  96.69   38.2
  12.67 0.003983  97.13   37.6
  12.68 0.004000  97.55   37.0
  12.69 0.004016  97.94   36.4
  12.70 0.004032  98.33   35.7
  12.71 0.004048  98.71   35.1
  12.72 0.004063  99.10   34.4
  12.73 0.004079  99.48   33.8
  12.75 0.004094  99.85   33.2
  12.76 0.004110 100.23   32.6
  12.77 0.004124 100.57   32.0
  12.78 0.004138 100.92   31.4
  12.79 0.004152 101.26   30.8
  12.80 0.004167 101.62   30.3
  12.81 0.004178 101.90   29.7
  12.82 0.004191 102.22   29.1
  12.84 0.004205 102.55   28.5
  12.85 0.004218 102.87   28.0
  12.86 0.004231 103.19   27.5
  12.87 0.004244 103.49   27.0
  12.88 0.004256 103.80   26.6
  12.89 0.004268 104.09   26.2
  12.90 0.004279 104.36   25.7
  12.91 0.004289 104.61   25.2
  12.93 0.004298 104.83   24.5
  12.94 0.004309 105.10   24.0
  12.95 0.004321 105.37   23.3
  12.96 0.004333 105.67   22.8
  12.97 0.004344 105.94   22.4
  12.98 0.004352 106.15   21.9
  12.99 0.004357 106.27   21.1
  13.00 0.004368 106.52   20.5
  13.02 0.004376 106.72   19.9
  13.03 0.004385 106.94   19.4
  13.04 0.004395 107.19   19.1
  13.05 0.004404 107.40   18.7
  13.06 0.004414 107.65   18.3
  13.07 0.004423 107.87   18.1
  13.08 0.004433 108.10   17.9
  13.10 0.004443 108.36   18.2
  13.11 0.004452 108.58   18.6
  13.12 0.004462 108.81   19.0
  13.13 0.004470 109.01   18.9
  13.14 0.004477 109.18   18.7
  13.15 0.004484 109.36   18.4
  13.16 0.004493 109.58   18.0
  13.17 0.004502 109.78   17.7
  13.18 0.004510 109.99   17.3
  13.20 0.004517 110.17   16.9
  13.21 0.004524 110.33   16.4
  13.22 0.004532 110.52   16.0
  13.23 0.004539 110.71   15.8
  13.24 0.004547 110.89   15.6
  13.25 0.004554 111.07   15.5
  13.26 0.004561 111.24   15.4
  13.27 0.004568 111.41   15.1
  13.29 0.004574 111.56   14.8
  13.30 0.004581 111.73   14.5
  13.31 0.004587 111.88   14.2
  13.32 0.004595 112.05   14.1
  13.33 0.004599 112.17   13.8
  13.34 0.004604 112.28   13.3
  13.35 0.004608 112.38   12.7
  13.36 0.004615 112.54   12.2
  13.38 0.004621 112.69   11.9
  13.39 0.004627 112.84   11.6
  13.40 0.004632 112.97   11.4
  13.41 0.004638 113.10   11.3
  13.42 0.004644 113.25   11.2
  13.43 0.004649 113.38   11.1
  13.44 0.004654 113.50   11.1
  13.45 0.004658 113.60   11.1
  13.47 0.004664 113.74   11.0
  13.48 0.004669 113.87   10.9
  13.49 0.004674 113.98   10.7
  13.50 0.004679 114.10   10.5
  13.51 0.004683 114.21   10.3
  13.52 0.004687 114.32   10.1
  13.53 0.004690 114.39    9.7
  13.54 0.004695 114.50    9.4
  13.56 0.004699 114.61    9.2
  13.57 0.004703 114.71    9.0
  13.58 0.004707 114.80    8.8
  13.59 0.004711 114.90    8.5
  13.60 0.004715 115.00    8.3
  13.61 0.004719 115.09    8.2
  13.62 0.004723 115.19    8.1
  13.63 0.004726 115.27    8.0
  13.65 0.004730 115.35    7.9
  13.66 0.004734 115.45    7.8
  13.67 0.004738 115.54    7.7
  13.68 0.004742 115.64    7.6
  13.69 0.004745 115.72    7.5
  13.70 0.004748 115.80    7.4
  13.71 0.004752 115.89    7.4
  13.72 0.004755 115.96    7.3
  13.74 0.004758 116.03    7.1
  13.75 0.004761 116.11    7.0
  13.76 0.004764 116.19    6.9
  13.77 0.004766 116.24    6.7
  13.78 0.004770 116.33    6.5
  13.79 0.004773 116.41    6.3
  13.80 0.004776 116.49    6.3
  13.81 0.004779 116.55    6.2
  13.83 0.004782 116.63    6.1
  13.84 0.004785 116.69    6.0
  13.85 0.004788 116.77    6.0
  13.86 0.004790 116.82    6.0
  13.87 0.004793 116.89    5.9
  13.88 0.004797 116.98    5.9
  13.89 0.004798 117.03    5.8
  13.90 0.004801 117.09    5.7
  13.92 0.004804 117.15    5.5
  13.93 0.004806 117.21    5.4
  13.94 0.004803 117.13    4.9
  13.95 0.004808 117.27    4.7
  13.96 0.004777 116.50    1.9
  13.97 0.004727 115.28   -4.4
  13.98 0.004687 114.31  -12.7
  13.99 0.004649 113.37  -22.3
  14.01 0.004569 111.44  -35.7
  14.02 0.004488 109.45  -52.0
  14.03 0.004417 107.72  -69.3
  14.04 0.004366 106.49  -84.8
  14.05 0.004318 105.32  -97.8
  14.06 0.004266 104.04 -107.8
  14.07 0.004214 102.76 -114.5
  14.08 0.004164 101.54 -116.4
  14.10 0.004113 100.31 -116.0
  14.11 0.004062  99.06 -114.8
  14.12 0.004012  97.85 -111.7
  14.13 0.003962  96.63 -106.5
  14.14 0.003913  95.44 -102.7
  14.15 0.003865  94.25 -100.8
  14.16 0.003816  93.06 -100.5
  14.17 0.003769  91.90 -100.0
  14.19 0.003721  90.75  -99.1
  14.20 0.003673  89.57  -98.4
  14.21 0.003627  88.45  -97.6
  14.22 0.003580  87.31  -96.8
  14.23 0.003534  86.19  -96.0
  14.24 0.003489  85.09  -95.1
  14.25 0.003444  83.98  -94.3
  14.26 0.003399  82.89  -93.5
  14.27 0.003355  81.81  -92.7
  14.29 0.003310  80.72  -92.0
  14.30 0.003266  79.64  -91.3
  14.31 0.003222  78.57  -90.6
  14.32 0.003179  77.52  -89.9
  14.33 0.003136  76.47  -89.3
  14.34 0.003093  75.43  -88.6
  14.35 0.003050  74.37  -88.1
  14.36 0.003007  73.34  -87.5
  14.38 0.002965  72.32  -87.0
  14.39 0.002924  71.30  -86.4
  14.40 0.002883  70.30  -85.8
  14.41 0.002842  69.30  -85.2
  14.42 0.002800  68.29  -84.6
  14.43 0.002760  67.30  -84.0
  14.44 0.002720  66.33  -83.5
  14.46 0.002680  65.35  -82.9
  14.47 0.002640  64.39  -82.2
  14.48 0.002601  63.43  -81.6
  14.49 0.002562  62.48  -81.0
  14.50 0.002523  61.53  -80.4
  14.51 0.002484  60.58  -79.9
  14.52 0.002446  59.66  -79.3
  14.53 0.002408  58.72  -78.7
  14.55 0.002370  57.81  -78.2
  14.56 0.002333  56.90  -77.6
  14.57 0.002296  55.99  -77.1
  14.58 0.002259  55.09  -76.5
  14.59 0.002222  54.19  -76.0
  14.60 0.002186  53.31  -75.4
  14.61 0.002150  52.43  -74.9
  14.62 0.002114  51.55  -74.3
  14.63 0.002079  50.69  -73.8
  14.65 0.002043  49.82  -73.3
  14.66 0.002007  48.95  -72.8
  14.67 0.001973  48.11  -72.3
  14.68 0.001939  47.27  -71.8
  14.69 0.001904  46.42  -71.3
  14.70 0.001869  45.59  -70.8
  14.71 0.001836  44.78  -70.3
  14.72 0.001802  43.94  -69.8
  14.74 0.001769  43.13  -69.3
  14.75 0.001736  42.34  -68.8
  14.76 0.001703  41.52  -68.3
  14.77 0.001671  40.74  -67.7
  14.78 0.001639  39.96  -67.1
  14.79 0.001606  39.17  -66.6
  14.80 0.001574  38.38  -66.2
  14.82 0.001543  37.63  -65.6
  14.83 0.001511  36.84  -65.2
  14.84 0.001480  36.08  -64.7
  14.85 0.001448  35.32  -64.3
  14.86 0.001418  34.57  -63.9
  14.87 0.001387  33.82  -63.5
  14.88 0.001357  33.09  -63.0
  14.89 0.001326  32.34  -62.6
  14.90 0.001296  31.60  -62.2
  14.92 0.001267  30.88  -61.7
  14.93 0.001237  30.17  -61.3
  14.94 0.001208  29.45  -60.9
  14.95 0.001178  28.72  -60.5
  14.96 0.001150  28.03  -60.1
  14.97 0.001121  27.34  -59.6
  14.98 0.001092  26.63  -59.1
  14.99 0.001064  25.95  -58.7
  15.01 0.001036  25.26  -58.3
  15.02 0.001008  24.58  -57.8
  15.03 0.000980  23.90  -57.4
  15.04 0.000953  23.24  -57.0
  15.05 0.000926  22.58  -56.5
  15.06 0.000898  21.90  -56.2
  15.07 0.000872  21.25  -55.8
  15.08 0.000845  20.60  -55.4
  15.10 0.000818  19.94  -55.1
  15.11 0.000792  19.30  -54.7
  15.12 0.000766  18.67  -54.3
  15.13 0.000740  18.04  -53.9
  15.14 0.000714  17.41  -53.5
  15.15 0.000689  16.79  -53.1
  15.16 0.000662  16.15  -52.8
  15.17 0.000638  15.55  -52.4
  15.19 0.000612  14.93  -51.9
  15.20 0.000588  14.33  -51.6
  15.21 0.000563  13.72  -51.2
  15.22 0.000538  13.13  -50.8
  15.23 0.000514  12.52  -50.5
  15.24 0.000490  11.94  -50.2
  15.25 0.000466  11.35  -49.9
  15.26 0.000442  10.77  -49.5
  15.28 0.000418  10.18  -49.2
  15.29 0.000394   9.61  -48.8
  15.30 0.000371   9.05  -48.5
  15.31 0.000348   8.49  -48.1
  15.32 0.000325   7.92  -47.7
  15.33 0.000302   7.37  -47.3
  15.34 0.000279   6.81  -47.0
  15.35 0.000257   6.26  -46.7
  15.37 0.000234   5.71  -46.4
  15.38 0.000212   5.17  -46.1
  15.39 0.000190   4.63  -45.7
  15.40 0.000168   4.10  -45.4
  15.41 0.000146   3.57  -45.1
  15.42 0.000124   3.03  -44.8
  15.43 0.000103   2.51  -44.5
  15.44 0.000082   2.00  -44.2
  15.45 0.000061   1.48  -43.9
  15.47 0.000040   0.97  -43.5
  15.48 0.000019   0.46  -43.2
  15.49 -.000001  -0.03  -42.9
  15.50 -.000015  -0.36  -42.0
  15.51 -.000025  -0.60  -40.4
  15.52 -.000046  -1.12  -39.2
  15.53 -.000067  -1.63  -38.2
  15.55 -.000087  -2.11  -37.5
  15.56 -.000104  -2.54  -36.8
  15.57 -.000123  -3.00  -36.3
  15.58 -.000141  -3.44  -36.0
  15.59 -.000159  -3.87  -35.8
  15.60 -.000175  -4.27  -35.8
  15.61 -.000192  -4.67  -35.9
  15.62 -.000207  -5.05  -36.1
  15.64 -.000222  -5.41  -35.8
  15.65 -.000235  -5.74  -34.5
  15.66 -.000247  -6.03  -33.1
  15.67 -.000258  -6.28  -31.6
  15.68 -.000266  -6.50  -29.9
  15.69 -.000275  -6.71  -28.0
  15.70 -.000284  -6.93  -26.1
  15.71 -.000292  -7.12  -24.1
  15.73 -.000300  -7.32  -22.3
  15.74 -.000308  -7.51  -20.6
  15.75 -.000315  -7.68  -19.1
  15.76 -.000322  -7.85  -17.8
  15.77 -.000329  -8.01  -16.7
  15.78 -.000336  -8.20  -16.0
  15.79 -.000343  -8.38  -15.5
  15.80 -.000351  -8.55  -15.1
  15.81 -.000357  -8.71  -14.7
  15.83 -.000364  -8.88  -14.4
  15.84 -.000371  -9.05  -14.3
  15.85 -.000378  -9.22  -14.1
  15.86 -.000385  -9.39  -14.0
  15.87 -.000392  -9.56  -14.0
  15.88 -.000399  -9.72  -14.0
  15.89 -.000406  -9.89  -13.9
  15.90 -.000413 -10.07  -13.9
  15.92 -.000420 -10.24  -13.9
  15.93 -.000427 -10.42  -14.0
  15.94 -.000435 -10.60  -14.0
  15.95 -.000442 -10.77  -14.1
  15.96 -.000451 -10.99  -14.3
  15.97 -.000458 -11.16  -14.4
  15.98 -.000465 -11.35  -14.6
  15.99 -.000474 -11.55  -14.9
  16.01 -.000482 -11.76  -15.1
  16.02 -.000491 -11.97  -15.4
  16.03 -.000500 -12.18  -15.7
  16.04 -.000509 -12.40  -16.1
  16.05 -.000517 -12.62  -16.4
  16.06 -.000527 -12.85  -16.8
  16.07 -.000535 -13.06  -17.1
  16.08 -.000547 -13.33  -17.4
  16.10 -.000555 -13.54  -17.8
  16.11 -.000563 -13.73  -18.0
  16.12 -.000573 -13.97  -18.1
  16.13 -.000582 -14.19  -18.2
  16.14 -.000591 -14.42  -18.3
  16.15 -.000601 -14.66  -18.4
  16.16 -.000611 -14.90  -18.6
  16.17 -.000621 -15.15  -18.7
  16.19 -.000632 -15.41  -18.9
  16.20 -.000642 -15.66  -19.2
  16.21 -.000652 -15.89  -19.3
  16.22 -.000663 -16.16  -19.7
  16.23 -.000673 -16.41  -20.0
  16.24 -.000683 -16.64  -20.1
  16.25 -.000693 -16.89  -20.3
  16.26 -.000703 -17.13  -20.3
  16.28 -.000713 -17.39  -20.3
  16.29 -.000723 -17.63  -20.3
  16.30 -.000734 -17.90  -20.4
  16.31 -.000746 -18.18  -20.5
  16.32 -.000756 -18.43  -20.6
  16.33 -.000765 -18.66  -20.7
  16.34 -.000776 -18.93  -20.7
  16.35 -.000786 -19.17  -20.8
  16.37 -.000797 -19.43  -20.9
  16.38 -.000807 -19.67  -20.8
  16.39 -.000818 -19.95  -20.9
  16.40 -.000828 -20.18  -20.8
  16.41 -.000838 -20.44  -20.8
  16.42 -.000849 -20.71  -20.8
  16.43 -.000859 -20.95  -20.7
  16.44 -.000869 -21.20  -20.8
  16.46 -.000880 -21.47  -20.8
  16.47 -.000891 -21.72  -20.8
  16.48 -.000901 -21.97  -20.9
  16.49 -.000912 -22.24  -20.9
  16.50 -.000922 -22.48  -20.9
  16.51 -.000932 -22.73  -20.8
  16.52 -.000942 -22.97  -20.8
  16.53 -.000953 -23.23  -20.8
  16.55 -.000964 -23.49  -20.8
  16.56 -.000975 -23.77  -20.9
  16.57 -.000984 -24.00  -20.8
  16.58 -.000996 -24.29  -20.9
  16.59 -.001007 -24.56  -21.1
  16.60 -.001017 -24.80  -21.2
  16.61 -.001027 -25.04  -21.1
  16.62 -.001037 -25.28  -21.1
  16.64 -.001046 -25.51  -21.0
  16.65 -.001057 -25.76  -20.8
  16.66 -.001066 -25.99  -20.6
  16.67 -.001075 -26.21  -20.3
  16.68 -.001085 -26.45  -20.0
  16.69 -.001095 -26.69  -19.8
  16.70 -.001104 -26.92  -19.5
  16.71 -.001114 -27.17  -19.4
  16.72 -.001124 -27.41  -19.4
  16.74 -.001134 -27.64  -19.4
  16.75 -.001143 -27.88  -19.4
  16.76 -.001153 -28.12  -19.4
  16.77 -.001163 -28.36  -19.4
  16.78 -.001172 -28.58  -19.5
  16.79 -.001182 -28.82  -19.5
  16.80 -.001191 -29.05  -19.4
  16.81 -.001201 -29.29  -19.4
  16.83 -.001210 -29.51  -19.3
  16.84 -.001220 -29.75  -19.2
  16.85 -.001230 -29.99  -19.2
  16.86 -.001239 -30.20  -19.1
  16.87 -.001248 -30.44  -19.0
  16.88 -.001258 -30.67  -19.0
  16.89 -.001267 -30.89  -18.9
  16.91 -.001276 -31.12  -18.9
  16.92 -.001286 -31.35  -18.8
  16.93 -.001295 -31.56  -18.8
  16.94 -.001304 -31.80  -18.7
  16.95 -.001313 -32.02  -18.7
  16.96 -.001324 -32.27  -18.7
  16.97 -.001330 -32.44  -18.5
  16.98 -.001340 -32.66  -18.4
  16.99 -.001349 -32.89  -18.3
