Datos generados por TERE.BAS el 06-11-2007
 t[min] T[§C] V[§C/min]
   0.00 0.003903  95.19  300.2
   0.01 0.003903  95.19  545.8
   0.02 0.003904  95.20  736.9
   0.03 0.003905  95.22  873.5
   0.04 0.003905  95.24  955.5
   0.05 0.003905  95.24  982.9
   0.07 0.003906  95.26  955.7
   0.08 0.003907  95.28  874.0
   0.09 0.003908  95.30  737.7
   0.10 0.003908  95.31  546.8
   0.11 0.003909  95.32  301.3
   0.12 0.003909  95.34    1.2
   0.13 0.003910  95.36    1.2
   0.14 0.003910  95.37    1.2
   0.15 0.003911  95.38    1.2
   0.17 0.003911  95.38    1.2
   0.18 0.003912  95.39    1.1
   0.19 0.003912  95.41    1.1
   0.20 0.003913  95.42    1.0
   0.21 0.003913  95.42    0.9
   0.22 0.003914  95.44    0.9
   0.23 0.003914  95.44    0.9
   0.24 0.003915  95.46    0.9
   0.25 0.003915  95.47    0.9
   0.27 0.003916  95.49    0.9
   0.28 0.003915  95.49    0.9
   0.29 0.003916  95.50    0.9
   0.30 0.003917  95.51    0.9
   0.31 0.003917  95.54    0.9
   0.32 0.003917  95.54    0.9
   0.33 0.003918  95.54    0.9
   0.34 0.003918  95.56    0.9
   0.35 0.003919  95.56    0.9
   0.37 0.003919  95.58    0.9
   0.38 0.003919  95.57    0.8
   0.39 0.003920  95.59    0.8
   0.40 0.003920  95.60    0.8
   0.41 0.003921  95.62    0.8
   0.42 0.003921  95.62    0.7
   0.43 0.003922  95.64    0.8
   0.44 0.003922  95.65    0.8
   0.45 0.003923  95.67    0.9
   0.47 0.003923  95.68    0.9
   0.48 0.003924  95.70    1.0
   0.49 0.003924  95.71    1.0
   0.50 0.003925  95.72    1.1
   0.51 0.003925  95.73    1.1
   0.52 0.003926  95.74    1.1
   0.53 0.003927  95.76    1.1
   0.54 0.003928  95.78    1.1
   0.55 0.003928  95.79    1.1
   0.57 0.003928  95.80    1.1
   0.58 0.003929  95.82    1.1
   0.59 0.003930  95.83    1.1
   0.60 0.003930  95.84    1.1
   0.61 0.003930  95.85    1.1
   0.62 0.003931  95.87    1.1
   0.63 0.003931  95.88    1.1
   0.64 0.003932  95.89    1.1
   0.65 0.003933  95.91    1.1
   0.67 0.003933  95.92    1.1
   0.68 0.003936  96.00    1.3
   0.69 0.003867  94.30   -3.9
   0.70 0.003791  92.45  -14.1
   0.71 0.003706  90.38  -28.8
   0.72 0.003588  87.50  -49.4
   0.73 0.003390  82.68  -80.5
   0.74 0.003217  78.46 -117.2
   0.75 0.003062  74.66 -155.9
   0.77 0.002880  70.22 -196.4
   0.78 0.002664  64.96 -238.7
   0.79 0.002449  59.73 -279.7
   0.80 0.002241  54.64 -316.0
   0.81 0.002051  50.01 -342.9
   0.82 0.001881  45.86 -362.8
   0.83 0.001704  41.55 -375.5
   0.84 0.001535  37.43 -379.7
   0.85 0.001374  33.50 -376.7
   0.87 0.001219  29.73 -372.5
   0.88 0.001070  26.10 -365.2
   0.89 0.000927  22.61 -353.0
   0.90 0.000790  19.27 -338.1
   0.91 0.000659  16.07 -323.6
   0.92 0.000535  13.04 -310.1
   0.93 0.000420  10.25 -297.7
   0.94 0.000311   7.59 -285.4
   0.95 0.000210   5.11 -272.1
   0.97 0.000118   2.88 -258.5
   0.98 0.000040   0.98 -244.1
   0.99 -.000030  -0.74 -228.9
   1.00 -.000100  -2.43 -213.4
   1.01 -.000170  -4.13 -198.4
   1.02 -.000241  -5.88 -184.6
   1.03 -.000313  -7.62 -172.4
   1.04 -.000385  -9.39 -162.2
   1.06 -.000459 -11.19 -154.4
   1.07 -.000533 -13.00 -148.9
   1.08 -.000607 -14.80 -145.6
   1.09 -.000681 -16.60 -144.3
   1.10 -.000755 -18.40 -144.6
   1.11 -.000828 -20.19 -145.5
   1.12 -.000899 -21.93 -146.1
   1.13 -.000972 -23.69 -146.4
   1.15 -.001045 -25.49 -146.5
   1.16 -.001114 -27.16 -146.2
   1.17 -.001179 -28.75 -145.2
   1.18 -.001245 -30.36 -143.7
   1.19 -.001311 -31.98 -142.0
   1.20 -.001374 -33.50 -140.0
   1.21 -.001436 -35.01 -137.6
   1.22 -.001497 -36.49 -135.0
   1.23 -.001555 -37.92 -132.3
   1.24 -.001613 -39.32 -129.4
   1.26 -.001669 -40.70 -126.5
   1.27 -.001724 -42.04 -123.5
   1.28 -.001778 -43.34 -120.8
   1.29 -.001830 -44.62 -118.2
   1.30 -.001881 -45.87 -115.4
   1.31 -.001931 -47.08 -112.6
   1.32 -.001980 -48.27 -110.0
   1.33 -.002027 -49.42 -107.4
   1.35 -.002073 -50.55 -104.8
   1.36 -.002119 -51.66 -102.4
   1.37 -.002163 -52.73  -99.9
   1.38 -.002206 -53.78  -97.4
   1.39 -.002248 -54.81  -95.1
   1.40 -.002289 -55.80  -92.8
   1.41 -.002329 -56.79  -90.5
   1.42 -.002368 -57.74  -88.4
   1.44 -.002406 -58.65  -86.2
   1.45 -.002443 -59.56  -84.1
   1.46 -.002479 -60.45  -82.1
   1.47 -.002515 -61.31  -80.1
   1.48 -.002549 -62.13  -78.1
   1.49 -.002583 -62.97  -76.2
   1.50 -.002615 -63.76  -74.3
   1.51 -.002648 -64.55  -72.5
   1.52 -.002679 -65.32  -70.8
   1.54 -.002710 -66.07  -69.1
   1.55 -.002740 -66.79  -67.5
   1.56 -.002769 -67.50  -65.9
   1.57 -.002796 -68.18  -64.3
   1.58 -.002824 -68.85  -62.7
   1.59 -.002851 -69.50  -61.1
   1.60 -.002877 -70.13  -59.6
   1.61 -.002902 -70.76  -58.0
   1.63 -.002927 -71.36  -56.5
   1.64 -.002951 -71.96  -55.0
   1.65 -.002975 -72.53  -53.6
   1.66 -.002998 -73.10  -52.3
   1.67 -.003021 -73.66  -51.1
   1.68 -.003044 -74.21  -49.9
   1.69 -.003065 -74.73  -48.8
   1.70 -.003087 -75.25  -47.7
   1.72 -.003108 -75.76  -46.7
   1.73 -.003128 -76.26  -45.6
   1.74 -.003148 -76.75  -44.7
   1.75 -.003168 -77.23  -43.7
   1.76 -.003187 -77.69  -42.8
   1.77 -.003206 -78.15  -41.9
   1.78 -.003224 -78.60  -41.0
   1.79 -.003242 -79.04  -40.1
   1.81 -.003259 -79.46  -39.2
   1.82 -.003277 -79.88  -38.4
   1.83 -.003293 -80.29  -37.5
   1.84 -.003309 -80.68  -36.7
   1.85 -.003325 -81.06  -35.8
   1.86 -.003341 -81.45  -35.0
   1.87 -.003356 -81.81  -34.2
   1.88 -.003371 -82.18  -33.4
   1.90 -.003385 -82.53  -32.6
   1.91 -.003399 -82.88  -31.8
   1.92 -.003413 -83.21  -31.1
   1.93 -.003427 -83.54  -30.3
   1.94 -.003441 -83.88  -29.7
   1.95 -.003453 -84.18  -29.0
   1.96 -.003465 -84.49  -28.4
   1.97 -.003478 -84.80  -27.8
   1.99 -.003490 -85.09  -27.1
   2.00 -.003502 -85.39  -26.6
   2.01 -.003514 -85.67  -26.0
   2.02 -.003525 -85.94  -25.4
   2.03 -.003536 -86.21  -24.9
   2.04 -.003547 -86.48  -24.4
   2.05 -.003558 -86.74  -23.8
   2.06 -.003568 -86.99  -23.3
   2.08 -.003578 -87.24  -22.8
   2.09 -.003589 -87.49  -22.3
   2.10 -.003598 -87.73  -21.8
   2.11 -.003608 -87.96  -21.4
   2.12 -.003617 -88.19  -20.9
   2.13 -.003627 -88.42  -20.5
   2.14 -.003636 -88.64  -20.1
   2.15 -.003645 -88.86  -19.7
   2.16 -.003653 -89.07  -19.3
   2.18 -.003662 -89.28  -18.9
   2.19 -.003670 -89.48  -18.5
   2.20 -.003678 -89.68  -18.2
   2.21 -.003687 -89.88  -17.8
   2.22 -.003695 -90.08  -17.5
   2.23 -.003702 -90.25  -17.1
   2.24 -.003710 -90.44  -16.8
   2.25 -.003750 -91.42  -18.9
   2.32 -.003757 -91.59  -20.6
   2.33 -.003763 -91.74  -21.8
   2.34 -.003769 -91.88  -22.5
   2.35 -.003775 -92.03  -22.7
   2.36 -.003781 -92.18  -22.4
   2.37 -.003787 -92.32  -21.7
   2.39 -.003793 -92.47  -20.5
   2.40 -.003799 -92.61  -19.0
   2.41 -.003804 -92.74  -17.0
   2.42 -.003810 -92.88  -14.6
   2.43 -.003815 -93.00  -11.8
   2.44 -.003820 -93.14  -11.6
   2.45 -.003825 -93.26  -11.4
   2.47 -.003831 -93.40  -11.2
   2.48 -.003835 -93.50  -11.0
   2.49 -.003840 -93.63  -10.8
   2.50 -.003845 -93.75  -10.6
   2.51 -.003850 -93.85  -10.4
   2.52 -.003854 -93.97  -10.1
   2.53 -.003859 -94.08  -10.0
   2.54 -.003863 -94.18   -9.7
   2.55 -.003868 -94.29   -9.5
   2.57 -.003872 -94.39   -9.3
   2.58 -.003876 -94.48   -9.1
   2.59 -.003880 -94.59   -8.9
   2.60 -.003884 -94.69   -8.8
   2.61 -.003888 -94.78   -8.6
   2.62 -.003891 -94.87   -8.4
   2.63 -.003895 -94.96   -8.2
   2.64 -.003899 -95.05   -8.1
   2.66 -.003902 -95.13   -7.9
   2.67 -.003906 -95.22   -7.7
   2.68 -.003909 -95.30   -7.6
   2.69 -.003912 -95.39   -7.4
   2.70 -.003916 -95.48   -7.3
   2.71 -.003919 -95.55   -7.2
   2.72 -.003922 -95.63   -7.0
   2.73 -.003926 -95.71   -6.9
   2.75 -.003929 -95.78   -6.8
   2.76 -.003932 -95.86   -6.7
   2.77 -.003935 -95.93   -6.6
   2.78 -.003939 -96.02   -6.5
   2.79 -.003941 -96.09   -6.5
   2.80 -.003944 -96.16   -6.4
   2.81 -.003947 -96.22   -6.3
   2.82 -.003950 -96.30   -6.2
   2.84 -.003953 -96.37   -6.1
   2.85 -.003956 -96.44   -6.1
   2.86 -.003958 -96.50   -5.9
   2.87 -.003961 -96.58   -5.9
   2.88 -.003964 -96.63   -5.8
   2.89 -.003966 -96.69   -5.6
   2.90 -.003969 -96.75   -5.5
   2.91 -.003971 -96.81   -5.4
   2.92 -.003974 -96.88   -5.3
   2.94 -.003976 -96.93   -5.2
   2.95 -.003979 -97.00   -5.1
   2.96 -.003980 -97.04   -5.0
   2.97 -.003982 -97.09   -4.9
   2.98 -.003984 -97.14   -4.8
   2.99 -.003987 -97.20   -4.7
   3.00 -.003989 -97.25   -4.6
   3.01 -.003991 -97.30   -4.5
   3.03 -.003992 -97.33   -4.3
   3.04 -.003995 -97.39   -4.2
   3.05 -.003997 -97.43   -4.1
   3.06 -.003998 -97.48   -4.0
   3.07 -.004000 -97.52   -3.9
   3.08 -.004002 -97.57   -3.9
   3.09 -.004004 -97.61   -3.8
   3.11 -.004005 -97.65   -3.8
   3.12 -.004008 -97.70   -3.7
   3.13 -.004009 -97.73   -3.7
   3.14 -.004010 -97.77   -3.6
   3.15 -.004013 -97.82   -3.6
   3.16 -.004014 -97.85   -3.5
   3.17 -.004015 -97.89   -3.4
   3.18 -.004017 -97.93   -3.4
   3.19 -.004018 -97.97   -3.3
   3.21 -.004019 -97.99   -3.2
   3.22 -.004021 -98.03   -3.1
   3.23 -.004022 -98.07   -3.1
   3.24 -.004024 -98.10   -3.0
   3.25 -.004025 -98.13   -2.9
   3.26 -.004027 -98.18   -2.9
   3.27 -.004028 -98.20   -2.9
   3.28 -.004029 -98.23   -2.8
   3.30 -.004031 -98.27   -2.8
   3.31 -.004032 -98.30   -2.8
   3.32 -.004033 -98.33   -2.7
   3.33 -.004034 -98.35   -2.7
   3.34 -.004035 -98.38   -2.6
   3.35 -.004037 -98.41   -2.6
   3.36 -.004037 -98.43   -2.5
   3.37 -.004015 -97.89   -0.6
   3.39 -.003827 -93.30   15.5
   3.40 -.003683 -89.80   39.7
   3.41 -.003598 -87.71   65.6
   3.42 -.003475 -84.73   94.8
   3.43 -.003340 -81.43  126.5
   3.44 -.002893 -70.53  182.8
   3.45 -.002373 -57.86  263.0
   3.46 -.002175 -53.04  335.2
   3.48 -.001804 -43.99  409.8
   3.49 -.001476 -35.98  478.4
   3.50 -.001073 -26.15  542.1
   3.51 -.000754 -18.39  590.8
   3.52 -.000439 -10.71  635.2
   3.53 -.000149  -3.63  667.7
   3.54 -.000105  -2.55  662.0
   3.55 0.000270   6.59  647.4
   3.57 0.000420  10.24  604.2
   3.58 0.000567  13.82  560.4
   3.59 0.001506  36.72  587.6
   3.60 0.000878  21.42  530.3
   3.61 0.001059  25.82  477.9
   3.62 0.001384  33.75  440.5
   3.63 0.001544  37.64  411.9
   3.64 0.001556  37.95  376.6
   3.66 0.001633  39.82  343.5
   3.67 0.001783  43.49  319.4
   3.68 0.001891  46.11  280.6
   3.69 0.002022  49.31  258.1
   3.70 0.002127  51.86  232.7
   3.71 0.002206  53.80  202.9
   3.72 0.002329  56.79  244.9
   3.73 0.002424  59.10  225.7
   3.74 0.002516  61.34  208.3
   3.76 0.002603  63.48  207.0
   3.77 0.002682  65.41  209.1
   3.78 0.002761  67.32  202.5
   3.79 0.002835  69.13  191.7
   3.80 0.002905  70.83  183.2
   3.81 0.002970  72.42  173.7
   3.82 0.003031  73.90  165.8
   3.84 0.003088  75.30  157.7
   3.85 0.003142  76.62  147.6
   3.86 0.003192  77.85  139.3
   3.87 0.003239  78.99  131.2
   3.88 0.003284  80.09  123.6
   3.89 0.003326  81.10  116.3
   3.90 0.003365  82.06  109.1
   3.91 0.003402  82.97  102.4
   3.93 0.003438  83.83   96.2
   3.94 0.003471  84.65   90.5
   3.95 0.003502  85.40   85.1
   3.96 0.003532  86.12   80.1
   3.97 0.003559  86.80   75.5
   3.98 0.003585  87.43   71.1
   3.99 0.003609  88.02   67.0
   4.00 0.003633  88.61   63.2
   4.01 0.003655  89.14   59.6
   4.03 0.003676  89.64   56.2
   4.04 0.003695  90.12   53.0
   4.05 0.003715  90.59   50.0
   4.06 0.003731  90.99   47.1
   4.07 0.003748  91.40   44.5
   4.08 0.003764  91.80   42.0
   4.09 0.003778  92.14   39.7
   4.10 0.003792  92.48   37.5
   4.12 0.003805  92.79   35.4
   4.13 0.003817  93.09   33.3
   4.14 0.003829  93.38   31.4
   4.15 0.003840  93.64   29.7
   4.16 0.003850  93.89   27.9
   4.17 0.003859  94.12   26.3
   4.18 0.003868  94.33   24.8
   4.20 0.003877  94.55   23.3
   4.21 0.003885  94.74   21.9
   4.22 0.003893  94.94   20.7
   4.23 0.003901  95.12   19.5
   4.24 0.003908  95.30   18.5
   4.25 0.003915  95.47   17.5
   4.26 0.003921  95.63   16.6
   4.27 0.003926  95.75   15.8
   4.29 0.003932  95.89   15.0
   4.30 0.003938  96.04   14.3
   4.31 0.003942  96.15   13.5
   4.32 0.003947  96.26   12.8
   4.33 0.003952  96.38   12.1
   4.34 0.003956  96.49   11.4
   4.35 0.003961  96.59   10.8
   4.36 0.003964  96.68   10.2
   4.37 0.003967  96.75    9.6
   4.39 0.003969  96.79    8.9
   4.40 0.003971  96.84    8.3
   4.41 0.003974  96.93    7.6
   4.42 0.003976  96.97    7.0
   4.43 0.003979  97.03    6.4
   4.44 0.003981  97.10    5.9
   4.45 0.003985  97.18    5.5
   4.46 0.003987  97.23    5.3
   4.48 0.003990  97.30    5.1
   4.49 0.003991  97.34    5.0
   4.50 0.003995  97.43    5.1
   4.51 0.003998  97.50    5.3
   4.52 0.003999  97.53    5.2
   4.53 0.004003  97.62    5.2
   4.54 0.004005  97.67    5.3
   4.55 0.004007  97.73    5.2
   4.57 0.004011  97.81    5.2
   4.58 0.004014  97.88    5.2
   4.59 0.004016  97.94    5.3
   4.60 0.004019  98.01    5.3
   4.61 0.004021  98.06    5.3
   4.62 0.004023  98.12    5.2
   4.63 0.004025  98.15    5.2
   4.64 0.004026  98.19    5.0
   4.66 0.004028  98.23    4.7
   4.67 0.004030  98.29    4.6
   4.68 0.004032  98.32    4.3
   4.69 0.004034  98.37    4.0
   4.70 0.004036  98.42    3.9
   4.71 0.004039  98.50    3.9
   4.72 0.004040  98.54    3.8
   4.73 0.004042  98.58    3.9
   4.75 0.004044  98.62    3.9
   4.76 0.004046  98.67    4.0
   4.77 0.004046  98.68    3.9
   4.78 0.004047  98.69    3.7
   4.79 0.004046  98.67    3.2
   4.80 0.004047  98.69    2.9
   4.81 0.004047  98.70    2.4
   4.82 0.004049  98.74    2.0
   4.84 0.004050  98.78    1.8
   4.85 0.004052  98.82    1.7
   4.86 0.004054  98.87    1.7
   4.87 0.004055  98.90    1.9
   4.88 0.004057  98.94    2.1
   4.89 0.004058  98.98    2.4
   4.90 0.004061  99.03    2.8
   4.91 0.004062  99.06    3.1
   4.92 0.004063  99.10    3.2
   4.94 0.004065  99.13    3.2
   4.95 0.004065  99.14    3.1
   4.96 0.004066  99.17    3.0
   4.97 0.004067  99.19    2.8
   4.98 0.004068  99.20    2.6
   4.99 0.004069  99.22    2.4
   5.00 0.004070  99.26    2.2
   5.02 0.004071  99.28    2.1
   5.03 0.004073  99.32    2.0
   5.04 0.004074  99.35    2.0
   5.05 0.004076  99.40    2.1
   5.06 0.004077  99.43    2.2
   5.07 0.004078  99.46    2.4
   5.08 0.004080  99.50    2.5
   5.09 0.004081  99.52    2.7
   5.11 0.004082  99.56    2.7
   5.12 0.004083  99.58    2.7
   5.13 0.004085  99.62    2.7
   5.14 0.004086  99.65    2.7
   5.15 0.004087  99.67    2.6
   5.16 0.004088  99.69    2.5
   5.17 0.004088  99.70    2.3
   5.18 0.004089  99.73    2.2
   5.20 0.004091  99.77    2.2
   5.21 0.004092  99.80    2.2
   5.22 0.004093  99.81    2.2
   5.23 0.004094  99.85    2.1
   5.24 0.004095  99.86    2.1
   5.25 0.004095  99.88    2.0
   5.26 0.004097  99.91    2.0
   5.27 0.004098  99.95    2.1
   5.29 0.004099  99.97    2.1
   5.30 0.004100  99.99    2.1
   5.31 0.004101 100.01    2.0
   5.32 0.004102 100.05    2.0
   5.33 0.004103 100.07    2.1
   5.34 0.004105 100.11    2.2
   5.35 0.004106 100.14    2.2
   5.37 0.004108 100.18    2.3
   5.38 0.004109 100.22    2.4
   5.39 0.004110 100.24    2.5
   5.40 0.004111 100.25    2.4
   5.41 0.004112 100.28    2.4
   5.42 0.004113 100.30    2.4
   5.43 0.004114 100.33    2.3
   5.44 0.004115 100.35    2.2
   5.45 0.004115 100.36    2.1
   5.47 0.004116 100.38    2.0
   5.48 0.004117 100.41    1.9
   5.49 0.004118 100.43    1.8
   5.50 0.004119 100.44    1.7
   5.51 0.004120 100.48    1.8
   5.52 0.004121 100.50    1.8
   5.53 0.004122 100.52    1.8
   5.54 0.004123 100.54    1.8
   5.56 0.004124 100.57    1.8
   5.57 0.004125 100.59    1.9
   5.58 0.004125 100.60    1.9
   5.59 0.004126 100.63    1.8
   5.60 0.004127 100.65    1.8
   5.61 0.004128 100.66    1.8
   5.62 0.004128 100.68    1.7
   5.64 0.004128 100.68    1.6
   5.65 0.004129 100.69    1.5
   5.66 0.004130 100.71    1.4
   5.67 0.004130 100.72    1.3
   5.68 0.004131 100.75    1.2
   5.69 0.004132 100.77    1.3
   5.70 0.004133 100.79    1.3
   5.71 0.004134 100.81    1.3
   5.72 0.004134 100.83    1.4
   5.74 0.004135 100.84    1.4
   5.75 0.004139 100.93    1.7
   5.76 0.004072  99.31   -3.3
   5.77 0.003976  96.96  -14.8
   5.78 0.003896  95.00  -30.4
   5.79 0.003721  90.74  -56.0
   5.80 0.003516  85.73  -91.7
   5.81 0.003340  81.45 -132.2
   5.83 0.003160  77.07 -175.3
   5.84 0.002957  72.11 -220.5
   5.85 0.002766  67.45 -263.8
   5.86 0.002583  62.99 -302.0
   5.87 0.002407  58.69 -332.0
   5.88 0.002238  54.56 -350.5
   5.89 0.002074  50.57 -361.1
   5.90 0.001914  46.67 -364.7
   5.92 0.001759  42.89 -358.8
   5.93 0.001610  39.26 -350.3
   5.94 0.001466  35.74 -342.0
   5.95 0.001326  32.34 -331.8
   5.96 0.001190  29.01 -320.2
   5.97 0.001059  25.82 -309.7
   5.98 0.000939  22.89 -299.1
   6.00 0.000831  20.27 -288.0
   6.01 0.000739  18.01 -275.5
   6.02 0.000647  15.78 -262.0
   6.03 0.000559  13.63 -248.0
   6.04 0.000476  11.59 -233.8
   6.05 0.000396   9.65 -219.6
   6.06 0.000320   7.81 -205.8
   6.07 0.000247   6.02 -192.7
   6.08 0.000176   4.29 -180.7
   6.10 0.000112   2.74 -169.9
   6.11 0.000054   1.32 -160.4
   6.12 0.000004   0.09 -151.6
   6.13 -.000045  -1.10 -143.3
   6.14 -.000095  -2.31 -135.0
   6.15 -.000144  -3.51 -127.1
   6.16 -.000194  -4.74 -120.0
   6.17 -.000244  -5.95 -113.8
   6.19 -.000294  -7.18 -108.7
   6.20 -.000345  -8.42 -104.7
   6.21 -.000397  -9.67 -102.0
   6.22 -.000448 -10.93 -100.7
   6.23 -.000500 -12.19 -100.5
   6.24 -.000552 -13.46 -101.0
   6.25 -.000604 -14.73 -101.6
   6.26 -.000657 -16.02 -102.2
   6.28 -.000709 -17.29 -102.8
   6.29 -.000762 -18.57 -103.3
   6.30 -.000814 -19.84 -103.7
   6.31 -.000865 -21.09 -104.0
   6.32 -.000916 -22.33 -104.0
   6.33 -.000967 -23.57 -103.9
   6.34 -.001016 -24.78 -103.6
   6.35 -.001066 -25.99 -103.2
   6.37 -.001114 -27.15 -102.4
   6.38 -.001162 -28.33 -101.6
   6.39 -.001209 -29.47 -100.5
   6.40 -.001255 -30.61  -99.4
   6.41 -.001301 -31.72  -98.1
   6.42 -.001346 -32.81  -96.8
   6.43 -.001390 -33.89  -95.4
   6.44 -.001434 -34.96  -94.1
   6.46 -.001476 -35.98  -92.6
   6.47 -.001518 -37.01  -91.2
   6.48 -.001559 -38.02  -89.7
   6.49 -.001599 -38.98  -88.2
   6.50 -.001638 -39.94  -86.6
   6.51 -.001677 -40.88  -85.1
   6.52 -.001714 -41.80  -83.5
   6.53 -.001752 -42.71  -81.9
   6.55 -.001788 -43.59  -80.3
   6.56 -.001824 -44.47  -78.7
   6.57 -.001859 -45.33  -77.2
   6.58 -.001893 -46.15  -75.7
   6.59 -.001927 -46.97  -74.2
   6.60 -.001959 -47.77  -72.7
   6.61 -.001992 -48.56  -71.4
   6.62 -.002023 -49.33  -70.0
   6.64 -.002055 -50.10  -68.6
   6.65 -.002085 -50.83  -67.3
   6.66 -.002114 -51.55  -65.9
   6.67 -.002143 -52.26  -64.6
   6.68 -.002171 -52.94  -63.2
   6.69 -.002200 -53.63  -61.9
   6.70 -.002227 -54.29  -60.7
   6.71 -.002253 -54.94  -59.4
   6.73 -.002280 -55.59  -58.2
   6.74 -.002305 -56.20  -56.9
   6.75 -.002331 -56.83  -55.7
   6.76 -.002356 -57.44  -54.7
   6.77 -.002380 -58.03  -53.6
   6.78 -.002404 -58.61  -52.6
   6.79 -.002427 -59.17  -51.6
   6.80 -.002450 -59.74  -50.6
   6.82 -.002473 -60.29  -49.6
   6.83 -.002496 -60.84  -48.7
   6.84 -.002517 -61.37  -47.9
   6.85 -.002539 -61.89  -47.0
   6.86 -.002560 -62.41  -46.2
   6.87 -.002580 -62.90  -45.3
   6.88 -.002600 -63.39  -44.5
   6.89 -.002620 -63.88  -43.7
   6.90 -.002639 -64.35  -42.9
   6.92 -.002658 -64.82  -42.0
   6.93 -.002677 -65.27  -41.2
   6.94 -.002696 -65.72  -40.4
   6.95 -.002714 -66.16  -39.6
   6.96 -.002731 -66.58  -38.8
   6.97 -.002749 -67.02  -38.2
   6.98 -.002766 -67.44  -37.5
   6.99 -.002783 -67.85  -36.8
   7.01 -.002799 -68.24  -36.2
   7.02 -.002815 -68.63  -35.5
   7.03 -.002831 -69.03  -34.9
   7.04 -.002847 -69.42  -34.3
   7.05 -.002862 -69.78  -33.6
   7.06 -.002877 -70.15  -33.0
   7.07 -.002892 -70.52  -32.4
   7.09 -.002907 -70.88  -31.9
   7.10 -.002922 -71.24  -31.3
   7.11 -.002935 -71.57  -30.8
   7.12 -.002950 -71.93  -30.4
   7.13 -.002964 -72.25  -29.9
   7.14 -.002977 -72.58  -29.4
   7.15 -.002991 -72.92  -28.9
   7.16 -.003003 -73.22  -28.5
   7.18 -.003016 -73.54  -28.0
   7.19 -.003029 -73.84  -27.5
   7.20 -.003041 -74.15  -27.1
   7.21 -.003054 -74.45  -26.6
   7.22 -.003065 -74.74  -26.1
   7.23 -.003077 -75.02  -25.7
   7.24 -.003088 -75.29  -25.1
   7.25 -.003099 -75.56  -24.7
   7.26 -.003110 -75.83  -24.2
   7.28 -.003121 -76.09  -23.7
   7.29 -.003132 -76.36  -23.3
   7.30 -.003142 -76.60  -22.8
   7.31 -.003152 -76.85  -22.4
   7.32 -.003162 -77.10  -21.9
   7.33 -.003172 -77.33  -21.5
   7.34 -.003181 -77.56  -21.1
   7.35 -.003191 -77.80  -20.7
   7.37 -.003201 -78.04  -20.4
   7.38 -.003210 -78.25  -20.0
   7.39 -.003219 -78.48  -19.7
   7.40 -.003228 -78.70  -19.4
   7.41 -.003236 -78.91  -19.1
   7.42 -.003245 -79.12  -18.8
   7.43 -.003254 -79.32  -18.5
   7.44 -.003262 -79.53  -18.2
   7.46 -.003270 -79.73  -17.9
   7.47 -.003278 -79.91  -17.5
   7.48 -.003286 -80.12  -17.2
   7.49 -.003294 -80.31  -16.9
   7.50 -.003301 -80.49  -16.7
   7.51 -.003309 -80.68  -16.4
   7.52 -.003316 -80.86  -16.1
   7.53 -.003324 -81.04  -15.9
   7.55 -.003331 -81.20  -15.6
   7.56 -.003338 -81.38  -15.3
   7.57 -.003345 -81.55  -15.1
   7.58 -.003352 -81.71  -14.8
   7.59 -.003358 -81.87  -14.6
   7.60 -.003365 -82.04  -14.3
   7.61 -.003371 -82.19  -14.0
   7.62 -.003378 -82.35  -13.8
   7.64 -.003385 -82.52  -13.6
   7.65 -.003390 -82.66  -13.4
   7.66 -.003397 -82.81  -13.2
   7.67 -.003403 -82.96  -13.1
   7.68 -.003408 -83.09  -12.8
   7.69 -.003414 -83.24  -12.6
   7.70 -.003420 -83.38  -12.4
   7.71 -.003425 -83.51  -12.2
   7.73 -.003431 -83.65  -12.0
