Datos generados por TERE.BAS el 06-11-2007
 t[min] T[§C] V[§C/min]
   0.00 -.000233  -5.68  -17.9
   0.01 0.000021   0.52  -13.0
   0.02 0.000001   0.03   -9.9
   0.04 -.000022  -0.54   -8.7
   0.05 -.000030  -0.73   -7.8
   0.06 -.000191  -4.66  -18.8
   0.07 -.000302  -7.37  -35.7
   0.08 -.000023  -0.57  -26.9
   0.09 0.000004   0.09  -15.8
   0.10 0.000018   0.45   -3.5
   0.11 0.000026   0.62    9.0
   0.12 0.000029   0.71   21.5
   0.14 0.000036   0.87   12.9
   0.15 0.000042   1.02   24.1
   0.16 0.000329   8.03   55.4
   0.17 0.000377   9.18   83.5
   0.18 0.000449  10.94  110.9
   0.19 0.000504  12.29  121.2
   0.20 0.000559  13.62  115.9
   0.21 0.000610  14.87  127.8
   0.22 0.000665  16.20  137.6
   0.24 0.000718  17.50  143.5
   0.25 0.000766  18.67  144.0
   0.26 0.000810  19.76  138.0
   0.27 0.000852  20.78  124.7
   0.28 0.000892  21.76  103.8
   0.29 0.000931  22.71  100.1
   0.30 0.000969  23.62   95.1
   0.31 0.001007  24.54   91.3
   0.32 0.001077  26.26   90.1
   0.34 0.001112  27.11   88.6
   0.35 0.001145  27.93   86.6
   0.36 0.001180  28.77   84.7
   0.37 0.001213  29.59   83.0
   0.38 0.001246  30.38   81.3
   0.39 0.001277  31.13   79.2
   0.40 0.001308  31.90   76.9
   0.41 0.001339  32.64   74.2
   0.42 0.001368  33.36   71.0
   0.43 0.001397  34.07   67.4
   0.45 0.001428  34.81   63.6
   0.46 0.001457  35.53   62.5
   0.47 0.001486  36.24   61.5
   0.48 0.001517  36.99   60.8
   0.49 0.001543  37.63   60.0
   0.50 0.001569  38.26   59.1
   0.51 0.001595  38.88   58.2
   0.52 0.001623  39.58   57.3
   0.53 0.001648  40.19   56.5
   0.55 0.001669  40.71   55.2
   0.56 0.001689  41.19   53.6
   0.57 0.001708  41.65   51.6
   0.58 0.001727  42.11   49.4
   0.59 0.001746  42.57   47.2
   0.60 0.001765  43.05   45.1
   0.61 0.001784  43.50   43.3
   0.62 0.001803  43.97   41.6
   0.64 0.001821  44.39   40.0
   0.65 0.001839  44.84   38.6
   0.66 0.001854  45.21   37.6
   0.67 0.001872  45.66   37.0
   0.68 0.001891  46.10   36.6
   0.69 0.001909  46.56   36.3
   0.70 0.001928  47.01   36.2
   0.71 0.001941  47.33   35.7
   0.72 0.001957  47.71   35.0
   0.73 0.001976  48.17   34.7
   0.75 0.001991  48.56   34.3
   0.76 0.002008  48.97   34.1
   0.77 0.002022  49.30   33.7
   0.78 0.002037  49.68   33.3
   0.79 0.002052  50.04   32.6
   0.80 0.002063  50.31   31.6
   0.81 0.002075  50.60   30.6
   0.82 0.002091  50.98   29.9
   0.83 0.002105  51.33   29.4
   0.85 0.002119  51.68   28.8
   0.86 0.002131  51.97   28.0
   0.87 0.002144  52.28   27.5
   0.88 0.002151  52.45   26.6
   0.89 0.002169  52.90   26.4
   0.90 0.002192  53.45   26.9
   0.91 0.002217  54.07   28.4
   0.92 0.002231  54.40   29.8
   0.94 0.002235  54.51   30.0
   0.95 0.002248  54.83   29.9
   0.96 0.002262  55.16   29.9
   0.97 0.002275  55.47   29.7
   0.98 0.002307  56.25   30.9
   0.99 0.002319  56.56   31.6
   1.00 0.002329  56.80   31.5
   1.01 0.002357  57.49   31.7
   1.02 0.002367  57.71   31.3
   1.04 0.002378  57.98   31.1
   1.05 0.002389  58.26   31.5
   1.06 0.002399  58.50   31.4
   1.07 0.002410  58.76   30.3
   1.08 0.002422  59.05   28.8
   1.09 0.002435  59.37   27.1
   1.10 0.002447  59.67   25.2
   1.11 0.002459  59.96   24.6
   1.13 0.002470  60.24   23.9
   1.14 0.002482  60.54   23.0
   1.15 0.002494  60.81   23.3
   1.16 0.002509  61.19   23.8
   1.17 0.002520  61.46   24.1
   1.18 0.002534  61.80   24.6
   1.19 0.002545  62.07   24.7
   1.20 0.002545  62.06   23.8
   1.21 0.002557  62.37   23.0
   1.23 0.002569  62.65   22.4
   1.24 0.002577  62.85   21.7
   1.25 0.002587  63.09   20.9
   1.26 0.002596  63.32   20.2
   1.27 0.002609  63.63   19.8
   1.28 0.002621  63.92   19.5
   1.29 0.002634  64.23   19.8
   1.30 0.002645  64.50   20.3
   1.31 0.002656  64.77   21.1
   1.33 0.002667  65.04   22.1
   1.34 0.002678  65.32   22.2
   1.35 0.002688  65.55   22.3
   1.36 0.002698  65.79   22.5
   1.37 0.002707  66.02   22.2
   1.38 0.002716  66.24   21.8
   1.39 0.002730  66.56   21.4
   1.40 0.002738  66.77   21.0
   1.42 0.002748  67.01   20.6
   1.43 0.002756  67.20   20.2
   1.44 0.002763  67.39   19.7
   1.45 0.002772  67.61   19.2
   1.46 0.002783  67.87   19.0
   1.47 0.002803  68.35   19.7
   1.48 0.002813  68.61   20.3
   1.49 0.002823  68.84   20.7
   1.50 0.002832  69.05   21.0
   1.52 0.002840  69.26   21.0
   1.53 0.002848  69.44   21.0
   1.54 0.002856  69.64   20.8
   1.55 0.002862  69.79   20.3
   1.56 0.002868  69.94   19.4
   1.57 0.002875  70.12   18.2
   1.58 0.002876  70.13   16.3
   1.59 0.002883  70.31   14.5
   1.61 0.002890  70.49   13.6
   1.62 0.002896  70.63   12.9
   1.63 0.002903  70.79   12.4
   1.64 0.002913  71.03   12.4
   1.65 0.002916  71.11   12.2
   1.66 0.002918  71.16   11.9
   1.67 0.002928  71.41   12.0
   1.69 0.002937  71.62   12.4
   1.70 0.002943  71.78   12.7
   1.71 0.002951  71.96   13.3
   1.72 0.002957  72.12   13.3
   1.73 0.002965  72.31   13.5
   1.74 0.002972  72.47   13.7
   1.75 0.002981  72.69   14.0
   1.76 0.002988  72.87   14.2
   1.77 0.002996  73.06   14.8
   1.79 0.003003  73.24   15.1
   1.80 0.003012  73.46   15.1
   1.81 0.003021  73.68   15.3
   1.82 0.003029  73.87   15.6
   1.83 0.003035  74.02   15.7
   1.84 0.003044  74.23   15.9
   1.85 0.003052  74.42   15.9
   1.86 0.003058  74.58   15.8
   1.88 0.003065  74.75   15.6
   1.89 0.003070  74.87   15.3
   1.90 0.003078  75.07   15.0
   1.91 0.003087  75.27   14.7
   1.92 0.003093  75.42   14.4
   1.93 0.003101  75.61   14.3
   1.94 0.003107  75.77   14.2
   1.96 0.003114  75.93   14.1
   1.97 0.003119  76.06   13.9
   1.98 0.003124  76.19   13.6
   1.99 0.003132  76.39   13.5
   2.00 0.003139  76.55   13.5
   2.01 0.003149  76.79   13.7
   2.02 0.003155  76.95   13.6
   2.03 0.003110  75.83    9.6
   2.04 0.003166  77.20   10.3
   2.06 0.003173  77.37   10.9
   2.07 0.003179  77.53   11.6
   2.08 0.003186  77.69   12.3
   2.09 0.003191  77.82   12.9
   2.10 0.003197  77.95   13.3
   2.11 0.003203  78.11   13.7
   2.12 0.003208  78.24   14.1
   2.13 0.003215  78.41   14.5
   2.15 0.003220  78.52   15.2
   2.16 0.003225  78.66   15.8
   2.17 0.003231  78.80   11.8
   2.18 0.003235  78.89   11.5
   2.19 0.003239  79.00   11.1
   2.20 0.003244  79.11   10.8
   2.21 0.003250  79.26   10.6
   2.22 0.003254  79.36   10.3
   2.24 0.003258  79.44    9.9
   2.25 0.003261  79.52    9.5
   2.26 0.003265  79.62    9.1
   2.27 0.003270  79.75    9.0
   2.28 0.003277  79.91    8.9
   2.29 0.003278  79.94    8.7
   2.30 0.003281  80.01    8.5
   2.31 0.003283  80.07    8.2
   2.33 0.003291  80.25    8.1
   2.34 0.003296  80.38    8.1
   2.35 0.003301  80.50    8.4
   2.36 0.003307  80.64    8.7
   2.37 0.003312  80.76    9.0
   2.38 0.003317  80.89    9.2
   2.39 0.003322  81.01    9.4
   2.40 0.003327  81.14    9.7
   2.42 0.003331  81.23   10.1
   2.43 0.003318  80.90    8.9
   2.44 0.003322  81.02    7.7
   2.45 0.003328  81.15    6.5
   2.46 0.003333  81.27    5.8
   2.47 0.003336  81.36    5.3
   2.48 0.003341  81.47    4.9
   2.49 0.003345  81.58    4.9
   2.51 0.003350  81.68    5.2
   2.52 0.003351  81.73    5.5
   2.53 0.003356  81.85    6.2
   2.54 0.003361  81.95    7.2
   2.55 0.003365  82.07    8.5
   2.56 0.003370  82.19    8.4
   2.57 0.003375  82.31    8.4
   2.58 0.003381  82.44    8.5
   2.60 0.003385  82.56    8.8
   2.61 0.003389  82.66    8.9
   2.62 0.003393  82.75    9.0
   2.63 0.003398  82.86    9.2
   2.64 0.003402  82.96    9.3
   2.65 0.003405  83.04    9.1
   2.66 0.003410  83.16    8.9
   2.67 0.003413  83.24    8.7
   2.68 0.003413  83.24    8.2
   2.70 0.003415  83.27    7.5
   2.71 0.003416  83.30    6.7
   2.72 0.003419  83.38    6.1
   2.73 0.003423  83.46    5.7
   2.74 0.003426  83.54    5.4
   2.75 0.003429  83.62    5.1
   2.76 0.003432  83.68    5.0
   2.78 0.003436  83.79    5.1
   2.79 0.003440  83.89    5.3
   2.80 0.003444  83.99    5.8
   2.81 0.003446  84.05    6.4
   2.82 0.003448  84.10    6.6
   2.83 0.003453  84.20    6.8
   2.84 0.003455  84.25    6.7
   2.85 0.003458  84.33    6.6
   2.87 0.003462  84.43    6.6
   2.88 0.003466  84.52    6.6
   2.89 0.003470  84.61    6.6
   2.90 0.003473  84.70    6.6
   2.91 0.003477  84.78    6.6
   2.92 0.003482  84.90    6.8
   2.93 0.003484  84.97    7.0
   2.94 0.003489  85.10    7.3
   2.95 0.003494  85.22    7.6
   2.97 0.003500  85.34    8.0
   2.98 0.003504  85.45    8.2
   2.99 0.003509  85.57    8.5
   3.00 0.003512  85.65    8.6
   3.01 0.003516  85.74    8.7
   3.02 0.003519  85.82    8.7
   3.03 0.003523  85.91    8.6
   3.04 0.003526  86.00    8.4
   3.06 0.003532  86.12    8.3
   3.07 0.003535  86.21    8.1
   3.08 0.003538  86.29    7.9
   3.09 0.003542  86.38    7.7
   3.10 0.003545  86.46    7.5
   3.11 0.003549  86.54    7.4
   3.12 0.003551  86.61    7.3
   3.14 0.003555  86.69    7.2
   3.15 0.003559  86.80    7.2
   3.16 0.003563  86.88    7.1
   3.17 0.003567  86.99    7.0
   3.18 0.003570  87.06    7.0
   3.19 0.003571  87.08    6.8
   3.20 0.003573  87.14    6.6
   3.21 0.003577  87.23    6.5
   3.22 0.003581  87.33    6.4
   3.24 0.003584  87.39    6.3
   3.25 0.003587  87.47    6.2
   3.26 0.003589  87.53    6.0
   3.27 0.003591  87.56    5.8
   3.28 0.003591  87.56    5.4
   3.29 0.003597  87.71    5.3
   3.30 0.003598  87.75    5.3
   3.31 0.003599  87.76    5.2
   3.33 0.003602  87.83    4.9
   3.34 0.003604  87.88    4.6
   3.35 0.003605  87.93    4.4
   3.36 0.003608  87.99    4.3
   3.37 0.003611  88.07    4.4
   3.38 0.003614  88.14    4.6
   3.39 0.003617  88.22    4.8
   3.41 0.003620  88.29    5.0
   3.42 0.003613  88.12    4.2
   3.43 0.004584 111.80   78.4
   3.44 0.004599 112.17  140.1
   3.45 0.004605 112.30  188.2
   3.46 0.004608 112.39  222.7
   3.47 0.004612 112.48  243.7
   3.48 0.004615 112.56  251.0
   3.49 0.004620 112.67  244.7
   3.51 0.004623 112.75  224.9
   3.52 0.004626 112.81  191.3
   3.53 0.004630 112.91  144.2
   3.54 0.004632 112.97   83.4
   3.55 0.004635 113.04    8.0
   3.56 0.004637 113.10    6.9
   3.57 0.004641 113.17    6.5
   3.58 0.004643 113.24    6.3
   3.60 0.004646 113.30    6.1
   3.61 0.004647 113.33    5.7
   3.62 0.004650 113.42    5.5
   3.63 0.004653 113.48    5.4
   3.64 0.004656 113.54    5.3
   3.65 0.004658 113.59    5.1
   3.66 0.004660 113.65    5.1
   3.67 0.004661 113.69    4.9
   3.69 0.004664 113.74    4.8
   3.70 0.004666 113.80    4.7
   3.71 0.004667 113.81    4.5
   3.72 0.004669 113.88    4.3
   3.73 0.004672 113.93    4.3
   3.74 0.004674 113.98    4.1
   3.75 0.004676 114.04    4.0
   3.76 0.004678 114.08    4.0
   3.78 0.004680 114.14    4.0
   3.79 0.004682 114.20    4.1
   3.80 0.004684 114.23    4.1
   3.81 0.004686 114.29    4.1
   3.82 0.004689 114.36    4.2
   3.83 0.004691 114.41    4.3
   3.84 0.004693 114.45    4.3
   3.85 0.004695 114.50    4.3
   3.87 0.004696 114.53    4.2
   3.88 0.004698 114.59    4.1
   3.89 0.004700 114.63    4.1
   3.90 0.004703 114.69    4.0
   3.91 0.004705 114.74    4.0
   3.92 0.004706 114.78    4.0
   3.93 0.004708 114.83    3.9
   3.95 0.004711 114.88    3.9
   3.96 0.004712 114.93    3.9
   3.97 0.004714 114.97    3.9
   3.98 0.004716 115.01    3.9
   3.99 0.004718 115.07    4.0
   4.00 0.004719 115.10    3.9
   4.01 0.004721 115.15    3.8
   4.02 0.004723 115.19    3.7
   4.04 0.004729 115.34    4.0
   4.05 0.004735 115.48    4.6
   4.06 0.004743 115.66    5.4
   4.07 0.004745 115.72    6.2
   4.08 0.004746 115.75    6.6
   4.09 0.004748 115.79    6.9
   4.10 0.004750 115.84    7.0
   4.11 0.004754 115.94    7.1
   4.12 0.004757 116.03    7.2
   4.14 0.004760 116.09    6.9
   4.15 0.004763 116.16    6.6
   4.16 0.004765 116.21    6.0
   4.17 0.004767 116.26    5.5
   4.18 0.004769 116.30    5.1
   4.19 0.004770 116.33    5.0
   4.20 0.004771 116.36    4.9
   4.22 0.004771 116.37    4.5
   4.23 0.004771 116.36    3.9
   4.24 0.004772 116.38    3.2
   4.25 0.004773 116.41    2.7
   4.26 0.004775 116.45    2.4
   4.27 0.004776 116.47    2.1
   4.28 0.004777 116.50    1.9
   4.29 0.004778 116.54    1.9
   4.31 0.004780 116.57    1.9
   4.32 0.004781 116.60    2.0
   4.33 0.004783 116.66    2.3
   4.34 0.004786 116.71    2.6
   4.35 0.004787 116.75    2.9
   4.36 0.004789 116.79    3.1
   4.37 0.004790 116.82    3.1
   4.38 0.004792 116.86    3.2
   4.39 0.004792 116.88    3.2
   4.41 0.004793 116.90    3.2
   4.42 0.004795 116.94    3.1
   4.43 0.004797 116.99    3.0
   4.44 0.004798 117.02    2.9
   4.45 0.004799 117.05    2.8
   4.46 0.004800 117.05    2.6
   4.47 0.004800 117.08    2.5
   4.48 0.004801 117.09    2.4
   4.50 0.004802 117.11    2.2
   4.51 0.004804 117.17    2.2
   4.52 0.004806 117.21    2.2
   4.53 0.004807 117.24    2.3
   4.54 0.004809 117.27    2.3
   4.55 0.004810 117.31    2.4
   4.56 0.004810 117.32    2.4
   4.58 0.004810 117.31    2.4
   4.59 0.004811 117.32    2.3
   4.60 0.004812 117.36    2.2
   4.61 0.004806 117.21    1.5
   4.62 0.004808 117.26    1.0
   4.63 0.004809 117.29    0.6
   4.64 0.004811 117.32    0.4
   4.65 0.004811 117.34    0.2
   4.66 0.004811 117.32    0.1
   4.68 0.004813 117.39    0.3
   4.69 0.004815 117.43    0.6
   4.70 0.004816 117.45    1.1
   4.71 0.004816 117.45    1.3
   4.72 0.004816 117.45    1.6
   4.73 0.004816 117.47    1.9
   4.74 0.004816 117.46    1.7
   4.75 0.004818 117.50    1.5
   4.77 0.004820 117.55    1.6
   4.78 0.004820 117.55    1.6
   4.79 0.004821 117.58    1.6
   4.80 0.004823 117.62    1.5
   4.81 0.004823 117.63    1.5
   4.82 0.004823 117.64    1.6
   4.83 0.004825 117.68    1.8
   4.85 0.004826 117.71    1.9
   4.86 0.004827 117.71    2.0
   4.87 0.004827 117.73    1.9
   4.88 0.004828 117.75    1.8
   4.89 0.004829 117.77    1.7
   4.90 0.004830 117.80    1.7
   4.91 0.004830 117.80    1.6
   4.92 0.004830 117.80    1.5
   4.93 0.004825 117.67    1.0
   4.95 0.004827 117.72    0.6
   4.96 0.004830 117.80    0.5
   4.97 0.004831 117.83    0.5
   4.98 0.004831 117.83    0.6
   4.99 0.004832 117.85    0.6
   5.00 0.004834 117.90    0.8
   5.01 0.004837 117.96    1.2
   5.02 0.004839 118.01    1.7
   5.04 0.004840 118.03    2.2
   5.05 0.004841 118.06    2.6
   5.06 0.004841 118.07    3.0
   5.07 0.004842 118.09    2.8
   5.08 0.004842 118.10    2.5
   5.09 0.004843 118.11    2.4
   5.10 0.004844 118.14    2.3
   5.12 0.004844 118.13    2.0
   5.13 0.004846 118.18    1.7
   5.14 0.004846 118.20    1.5
   5.15 0.004847 118.21    1.4
   5.16 0.004848 118.23    1.4
   5.17 0.004848 118.23    1.4
   5.18 0.004848 118.24    1.4
   5.19 0.004802 117.11   -2.3
   5.20 0.004742 115.65   -9.9
   5.22 0.004645 113.29  -23.5
   5.23 0.000291   7.09 -369.3
   5.24 0.001058  25.81 -592.3
   5.25 0.004297 104.79 -513.3
   5.26 0.000029   0.71 -754.6
   5.27 0.001858  45.31 -788.0
   5.28 0.001929  47.04 -774.0
   5.29 0.001005  24.51 -790.2
   5.31 0.003398  82.87 -568.5
   5.32 0.003025  73.76 -355.3
   5.33 0.000584  14.24 -308.5
   5.34 0.003060  74.61  -17.8
   5.35 0.000125   3.04   62.0
   5.36 -.000117  -2.86 -209.5
   5.37 -.000034  -0.83 -399.1
   5.38 0.002424  59.12  -89.9
   5.40 -.000029  -0.70 -331.2
   5.41 -.000015  -0.36 -404.4
   5.42 -.000018  -0.43 -445.1
   5.43 -.000029  -0.71 -543.5
   5.44 -.000011  -0.26 -408.5
   5.45 -.000019  -0.46 -260.4
   5.46 -.000035  -0.85 -292.8
   5.47 -.000017  -0.41  -90.1
   5.49 -.000003  -0.07 -110.1
   5.50 -.000008  -0.19 -150.8
   5.51 -.000034  -0.82 -187.3
   5.52 -.000014  -0.34    1.1
   5.53 -.000011  -0.28    0.8
   5.54 -.000021  -0.52    0.8
   5.55 -.000007  -0.17    1.7
   5.56 -.000021  -0.51    0.4
   5.58 -.000016  -0.40    1.0
   5.59 -.000017  -0.43    0.8
   5.60 -.000013  -0.32   -0.6
   5.61 -.000014  -0.34   -0.6
   5.62 -.000019  -0.47    0.2
   5.63 -.000014  -0.35    1.1
   5.64 -.000015  -0.38   -0.3
   5.65 0.002090  50.98  161.8
   5.67 0.000184   4.48  148.1
   5.68 0.000114   2.78  125.3
   5.69 -.000010  -0.25   92.4
   5.70 -.000069  -1.69   53.8
   5.71 -.000130  -3.17   11.5
   5.72 -.000192  -4.68  -34.0
   5.73 -.000255  -6.22  -81.5
   5.74 -.000319  -7.78 -130.7
   5.76 -.000384  -9.37 -181.0
   5.77 -.000449 -10.95 -230.8
   5.78 -.000515 -12.55 -279.7
   5.79 -.000579 -14.13 -135.1
   5.80 -.000644 -15.71 -131.6
   5.81 -.000709 -17.28 -127.7
   5.82 -.000773 -18.84 -128.5
   5.83 -.000836 -20.38 -128.9
   5.85 -.000898 -21.89 -128.9
   5.86 -.000960 -23.40 -128.5
   5.87 -.001020 -24.88 -127.8
   5.88 -.001080 -26.34 -126.9
   5.89 -.001139 -27.78 -125.7
   5.90 -.001198 -29.20 -124.3
   5.91 -.001255 -30.59 -122.9
   5.92 -.001311 -31.96 -121.2
   5.94 -.001366 -33.31 -119.6
   5.95 -.001421 -34.64 -117.8
   5.96 -.001474 -35.93 -116.0
   5.97 -.001526 -37.21 -114.2
   5.98 -.001578 -38.47 -112.4
   5.99 -.001628 -39.70 -110.5
   6.00 -.001678 -40.90 -108.6
   6.01 -.001726 -42.09 -106.7
   6.03 -.001774 -43.26 -104.8
   6.04 -.001821 -44.40 -102.9
   6.05 -.001867 -45.53 -101.1
   6.06 -.001912 -46.62  -99.2
   6.07 -.001957 -47.72  -97.5
   6.08 -.002001 -48.78  -95.7
   6.09 -.002043 -49.82  -93.9
   6.10 -.002085 -50.84  -92.2
   6.12 -.002127 -51.86  -90.6
   6.13 -.002167 -52.83  -88.9
   6.14 -.002213 -53.95  -87.7
   6.15 -.002254 -54.94  -86.6
   6.16 -.002292 -55.87  -85.4
   6.17 -.002329 -56.77  -84.1
   6.18 -.002365 -57.65  -82.7
   6.19 -.002400 -58.51  -81.1
   6.21 -.002435 -59.38  -79.5
   6.22 -.002470 -60.23  -77.8
   6.23 -.002504 -61.05  -76.0
   6.24 -.002538 -61.87  -74.2
   6.25 -.002571 -62.68  -72.5
   6.26 -.002603 -63.46  -70.6
   6.27 -.002634 -64.23  -69.2
   6.28 -.002666 -64.99  -68.0
   6.30 -.002696 -65.73  -66.9
   6.31 -.002727 -66.48  -65.8
   6.32 -.002755 -67.18  -64.6
   6.33 -.002784 -67.89  -63.4
   6.34 -.002813 -68.58  -62.3
   6.35 -.002841 -69.27  -61.2
   6.36 -.002868 -69.93  -60.1
   6.37 -.002895 -70.58  -59.0
   6.39 -.002922 -71.23  -57.9
   6.40 -.002948 -71.86  -56.9
   6.41 -.002973 -72.49  -55.8
   6.42 -.002998 -73.10  -54.9
   6.43 -.003023 -73.70  -53.9
   6.44 -.003047 -74.29  -52.9
   6.45 -.003071 -74.88  -52.0
   6.46 -.003094 -75.43  -51.0
   6.48 -.003117 -75.98  -50.1
   6.49 -.003139 -76.53  -49.2
