Datos generados por TERE.BAS el 06-11-2007
 t[min] T[§C] V[§C/min]
   0.00 0.004449 108.49  342.2
   0.02 0.004451 108.56  622.3
   0.03 0.004454 108.63  840.5
   0.04 0.004457 108.71  996.6
   0.05 0.004463 108.85 1090.8
   0.06 0.004466 108.91 1122.7
   0.07 0.004468 108.97 1092.5
   0.08 0.004471 109.04  999.9
   0.09 0.004473 109.10  845.0
   0.10 0.004476 109.16  627.7
   0.12 0.004478 109.22  348.1
   0.13 0.004482 109.30    6.0
   0.14 0.004484 109.35    5.9
   0.15 0.004486 109.42    5.7
   0.16 0.004489 109.48    5.4
   0.17 0.004491 109.53    5.2
   0.18 0.004494 109.61    5.2
   0.19 0.004496 109.66    5.2
   0.20 0.004499 109.72    5.1
   0.21 0.004502 109.79    5.1
   0.23 0.004504 109.84    5.1
   0.24 0.004507 109.91    5.1
   0.25 0.004509 109.98    5.1
   0.26 0.004512 110.03    5.1
   0.27 0.004515 110.10    5.1
   0.28 0.004517 110.16    5.1
   0.29 0.004519 110.22    5.1
   0.30 0.004522 110.28    5.1
   0.31 0.004523 110.32    5.0
   0.33 0.004526 110.37    4.9
   0.34 0.004532 110.54    5.2
   0.35 0.004534 110.58    5.4
   0.36 0.004537 110.66    5.5
   0.37 0.004540 110.71    5.6
   0.38 0.004542 110.78    5.7
   0.39 0.004545 110.84    5.7
   0.40 0.004547 110.89    5.7
   0.41 0.004550 110.95    5.7
   0.43 0.004552 111.01    5.6
   0.44 0.004554 111.07    5.5
   0.45 0.004557 111.13    5.2
   0.46 0.004559 111.18    4.9
   0.47 0.004561 111.24    4.8
   0.48 0.004564 111.31    4.8
   0.49 0.004566 111.35    4.8
   0.50 0.004568 111.42    4.7
   0.51 0.004570 111.46    4.7
   0.53 0.004573 111.52    4.7
   0.54 0.004575 111.58    4.6
   0.55 0.004577 111.63    4.6
   0.56 0.004580 111.69    4.6
   0.57 0.004582 111.74    4.6
   0.58 0.004584 111.79    4.5
   0.59 0.004586 111.85    4.5
   0.60 0.004588 111.89    4.4
   0.62 0.004590 111.95    4.4
   0.63 0.004592 111.99    4.4
   0.64 0.004594 112.05    4.3
   0.65 0.004597 112.11    4.3
   0.66 0.004598 112.14    4.3
   0.67 0.004600 112.20    4.2
   0.68 0.004602 112.24    4.1
   0.69 0.004604 112.29    4.1
   0.70 0.004607 112.35    4.1
   0.71 0.004609 112.39    4.1
   0.73 0.004610 112.44    4.1
   0.74 0.004613 112.50    4.1
   0.75 0.004614 112.53    4.0
   0.76 0.004616 112.58    4.0
   0.77 0.004618 112.63    3.9
   0.78 0.004620 112.67    3.9
   0.79 0.004622 112.71    3.9
   0.80 0.004624 112.76    3.8
   0.81 0.004626 112.82    3.8
   0.83 0.004628 112.87    3.8
   0.84 0.004630 112.91    3.8
   0.85 0.004632 112.97    3.9
   0.86 0.004633 113.00    3.9
   0.87 0.004635 113.04    3.9
   0.88 0.004637 113.10    3.9
   0.89 0.004640 113.16    3.9
   0.90 0.004641 113.19    3.9
   0.92 0.004643 113.23    3.9
   0.93 0.004645 113.29    3.8
   0.94 0.004647 113.33    3.8
   0.95 0.004648 113.36    3.7
   0.96 0.004650 113.41    3.7
   0.97 0.004653 113.47    3.7
   0.98 0.004654 113.51    3.8
   0.99 0.004656 113.55    3.7
   1.00 0.004657 113.58    3.6
   1.02 0.004659 113.64    3.6
   1.03 0.004661 113.67    3.6
   1.04 0.004663 113.72    3.6
   1.05 0.004665 113.77    3.6
   1.06 0.004666 113.80    3.6
   1.07 0.004668 113.83    3.5
   1.08 0.004669 113.88    3.5
   1.09 0.004671 113.92    3.4
   1.10 0.004673 113.97    3.4
   1.12 0.004674 114.00    3.4
   1.13 0.004676 114.05    3.4
   1.14 0.004677 114.07    3.3
   1.15 0.004680 114.13    3.3
   1.16 0.004682 114.17    3.3
   1.17 0.004682 114.20    3.3
   1.18 0.004684 114.24    3.3
   1.19 0.004686 114.28    3.3
   1.21 0.004687 114.31    3.2
   1.22 0.004689 114.35    3.2
   1.23 0.004690 114.37    3.1
   1.24 0.004692 114.42    3.1
   1.25 0.004693 114.45    3.0
   1.26 0.004695 114.49    3.0
   1.27 0.004696 114.52    2.9
   1.28 0.004697 114.54    2.8
   1.30 0.004698 114.57    2.8
   1.31 0.004700 114.62    2.8
   1.32 0.004701 114.65    2.7
   1.33 0.004702 114.67    2.7
   1.34 0.004703 114.71    2.7
   1.35 0.004705 114.74    2.7
   1.36 0.004706 114.78    2.6
   1.37 0.004708 114.81    2.6
   1.38 0.004709 114.84    2.7
   1.40 0.004710 114.88    2.7
   1.41 0.004712 114.91    2.7
   1.42 0.004713 114.94    2.7
   1.43 0.004714 114.96    2.7
   1.44 0.004715 114.99    2.6
   1.45 0.004717 115.04    2.7
   1.46 0.004718 115.06    2.6
   1.47 0.004720 115.11    2.6
   1.49 0.004721 115.13    2.6
   1.50 0.004721 115.15    2.6
   1.51 0.004723 115.20    2.6
   1.52 0.004724 115.21    2.5
   1.53 0.004726 115.25    2.5
   1.54 0.004727 115.28    2.5
   1.55 0.004728 115.31    2.6
   1.56 0.004730 115.35    2.5
   1.58 0.004731 115.38    2.5
   1.59 0.004732 115.41    2.5
   1.60 0.004733 115.42    2.5
   1.61 0.004734 115.46    2.5
   1.62 0.004736 115.49    2.5
   1.63 0.004737 115.53    2.5
   1.64 0.004738 115.55    2.5
   1.66 0.004740 115.59    2.5
   1.67 0.004741 115.63    2.5
   1.68 0.004742 115.64    2.5
   1.69 0.004746 115.74    2.7
   1.70 0.004733 115.44    1.8
   1.71 0.004674 114.00   -3.5
   1.72 0.004589 111.91  -14.6
   1.73 0.004509 109.96  -29.7
   1.74 0.004376 106.73  -51.7
   1.76 0.004160 101.46  -85.2
   1.77 0.003978  97.01 -124.6
   1.78 0.003808  92.87 -166.4
   1.79 0.003635  88.65 -208.3
   1.80 0.003464  84.47 -247.8
   1.81 0.003298  80.44 -282.0
   1.82 0.003133  76.41 -308.5
   1.83 0.002962  72.23 -326.7
   1.85 0.002810  68.52 -337.2
   1.86 0.002655  64.75 -341.3
   1.87 0.002510  61.21 -336.7
   1.88 0.002368  57.76 -327.2
   1.89 0.002231  54.40 -319.8
   1.90 0.002094  51.06 -312.5
   1.91 0.001961  47.83 -304.5
   1.92 0.001832  44.66 -296.4
   1.94 0.001705  41.59 -288.4
   1.95 0.001582  38.58 -280.2
   1.96 0.001462  35.64 -272.4
   1.97 0.001344  32.77 -265.8
   1.98 0.001230  29.98 -259.2
   1.99 0.001119  27.29 -253.0
   2.00 0.001014  24.72 -246.6
   2.01 0.000914  22.29 -239.9
   2.03 0.000826  20.14 -232.1
   2.04 0.000748  18.23 -223.2
   2.05 0.000679  16.56 -212.7
   2.06 0.000618  15.06 -200.9
   2.07 0.000559  13.64 -188.0
   2.08 0.000499  12.17 -175.0
   2.09 0.000438  10.68 -162.4
   2.10 0.000373   9.10 -151.2
   2.12 0.000307   7.49 -141.9
   2.13 0.000237   5.79 -135.1
   2.14 0.000167   4.07 -130.9
   2.15 0.000095   2.31 -129.6
   2.16 0.000022   0.54 -130.3
   2.17 -.000051  -1.25 -132.6
   2.18 -.000125  -3.04 -135.7
   2.20 -.000199  -4.85 -138.7
   2.21 -.000272  -6.62 -141.2
   2.22 -.000344  -8.40 -143.2
   2.23 -.000416 -10.15 -144.5
   2.24 -.000487 -11.88 -145.2
   2.25 -.000558 -13.60 -145.3
   2.26 -.000627 -15.29 -144.9
   2.27 -.000696 -16.97 -144.2
   2.28 -.000764 -18.63 -143.2
   2.30 -.000832 -20.28 -142.0
   2.31 -.000897 -21.87 -140.5
   2.32 -.000962 -23.46 -138.9
   2.33 -.001026 -25.01 -137.2
   2.34 -.001089 -26.54 -135.4
   2.35 -.001150 -28.04 -133.6
   2.36 -.001211 -29.53 -131.6
   2.38 -.001271 -30.98 -129.6
   2.39 -.001330 -32.42 -127.6
   2.40 -.001387 -33.83 -125.6
   2.41 -.001444 -35.20 -123.5
   2.42 -.001499 -36.55 -121.4
   2.43 -.001553 -37.87 -119.3
   2.44 -.001607 -39.18 -117.2
   2.45 -.001659 -40.46 -115.1
   2.47 -.001710 -41.70 -113.0
   2.48 -.001761 -42.92 -110.9
   2.49 -.001809 -44.12 -108.7
   2.50 -.001859 -45.31 -106.7
   2.51 -.001906 -46.47 -104.6
   2.52 -.001953 -47.61 -102.7
   2.53 -.001998 -48.72 -100.7
   2.54 -.002043 -49.80  -98.8
   2.55 -.002087 -50.89  -97.0
   2.57 -.002130 -51.93  -95.1
   2.58 -.002173 -52.97  -93.3
   2.59 -.002213 -53.96  -91.5
   2.60 -.002255 -54.97  -89.7
   2.61 -.002295 -55.95  -88.0
   2.62 -.002334 -56.90  -86.3
   2.63 -.002372 -57.84  -84.7
   2.65 -.002409 -58.74  -83.0
   2.66 -.002446 -59.64  -81.4
   2.67 -.002482 -60.52  -79.8
   2.68 -.002519 -61.41  -78.3
   2.69 -.002553 -62.25  -76.8
   2.70 -.002588 -63.10  -75.4
   2.71 -.002622 -63.92  -74.0
   2.72 -.002654 -64.71  -72.6
   2.74 -.002687 -65.50  -71.2
   2.75 -.002719 -66.28  -69.9
   2.76 -.002750 -67.05  -68.7
   2.77 -.002780 -67.78  -67.4
   2.78 -.002811 -68.52  -66.1
   2.79 -.002840 -69.25  -64.9
   2.80 -.002869 -69.95  -63.7
   2.81 -.002898 -70.66  -62.5
   2.83 -.002926 -71.33  -61.4
   2.84 -.002954 -72.02  -60.3
   2.85 -.002981 -72.67  -59.3
   2.86 -.003007 -73.31  -58.2
   2.87 -.003033 -73.94  -57.1
   2.88 -.003059 -74.58  -56.2
   2.89 -.003084 -75.19  -55.2
   2.90 -.003109 -75.79  -54.1
   2.92 -.003133 -76.38  -53.1
   2.93 -.003157 -76.97  -52.2
   2.94 -.003180 -77.53  -51.3
   2.95 -.003204 -78.11  -50.4
   2.96 -.003226 -78.65  -49.5
   2.97 -.003248 -79.19  -48.6
   2.98 -.003270 -79.72  -47.8
   2.99 -.003292 -80.25  -46.9
   3.01 -.003313 -80.77  -46.1
   3.02 -.003334 -81.28  -45.4
   3.03 -.003354 -81.77  -44.6
   3.04 -.003370 -82.17  -43.5
   3.05 -.003381 -82.42  -41.8
   3.06 -.003390 -82.64  -39.5
   3.07 -.003401 -82.92  -36.9
   3.08 -.003411 -83.16  -34.2
   3.10 -.003421 -83.41  -31.3
   3.11 -.003431 -83.65  -28.5
   3.12 -.003442 -83.91  -25.9
   3.13 -.003451 -84.15  -23.7
   3.14 -.003461 -84.39  -21.9
   3.15 -.003471 -84.62  -20.7
   3.16 -.003481 -84.86  -20.1
   3.17 -.003492 -85.14  -20.2
   3.18 -.003504 -85.42  -20.3
   3.20 -.003515 -85.69  -20.5
   3.21 -.003526 -85.98  -20.8
   3.22 -.003538 -86.25  -21.1
   3.23 -.003548 -86.50  -21.3
   3.24 -.003559 -86.78  -21.6
   3.25 -.003570 -87.03  -21.8
   3.26 -.003580 -87.27  -21.9
   3.28 -.003590 -87.52  -21.9
   3.29 -.003599 -87.75  -21.7
   3.30 -.003609 -87.99  -21.3
   3.31 -.003619 -88.22  -20.9
   3.32 -.003629 -88.47  -20.5
   3.33 -.003638 -88.69  -20.2
   3.34 -.003647 -88.91  -19.8
   3.35 -.003656 -89.12  -19.5
   3.37 -.003665 -89.34  -19.1
   3.38 -.003673 -89.55  -18.8
   3.39 -.003682 -89.76  -18.6
   3.40 -.003690 -89.96  -18.2
   3.41 -.003699 -90.18  -18.0
   3.42 -.003707 -90.37  -17.7
   3.43 -.003715 -90.57  -17.4
   3.44 -.003723 -90.75  -17.1
   3.45 -.003731 -90.95  -16.9
   3.47 -.003738 -91.13  -16.6
   3.48 -.003746 -91.33  -16.4
   3.49 -.003754 -91.51  -16.2
   3.50 -.003761 -91.68  -15.9
   3.51 -.003768 -91.86  -15.6
   3.52 -.003775 -92.04  -15.4
   3.53 -.003782 -92.21  -15.2
   3.55 -.003789 -92.39  -15.0
   3.56 -.003796 -92.56  -14.8
   3.57 -.003803 -92.71  -14.6
   3.58 -.003809 -92.87  -14.3
   3.59 -.003816 -93.04  -14.1
   3.60 -.003823 -93.19  -13.9
   3.61 -.003829 -93.36  -13.8
   3.62 -.003835 -93.50  -13.6
   3.63 -.003841 -93.65  -13.3
   3.65 -.003848 -93.81  -13.1
   3.66 -.003853 -93.95  -12.9
   3.67 -.003860 -94.10  -12.8
   3.68 -.003866 -94.24  -12.6
   3.69 -.003871 -94.37  -12.4
   3.70 -.003877 -94.53  -12.3
   3.71 -.003883 -94.66  -12.1
   3.72 -.003888 -94.79  -11.9
   3.74 -.003894 -94.93  -11.8
   3.75 -.003899 -95.06  -11.6
   3.76 -.003905 -95.20  -11.5
   3.77 -.003910 -95.32  -11.3
   3.78 -.003915 -95.45  -11.2
   3.79 -.003920 -95.56  -11.0
   3.80 -.003925 -95.69  -10.8
   3.81 -.003930 -95.82  -10.7
   3.83 -.003935 -95.93  -10.5
   3.84 -.003940 -96.05  -10.4
   3.85 -.003945 -96.17  -10.2
   3.86 -.003949 -96.28  -10.1
   3.87 -.003953 -96.38   -9.9
   3.88 -.003958 -96.49   -9.7
   3.89 -.003963 -96.61   -9.6
   3.91 -.003967 -96.71   -9.4
   3.92 -.003971 -96.81   -9.3
   3.93 -.003976 -96.92   -9.1
   3.94 -.003980 -97.02   -9.0
   3.95 -.003984 -97.12   -8.9
   3.96 -.003988 -97.22   -8.7
   3.97 -.003992 -97.32   -8.6
   3.98 -.003995 -97.41   -8.5
   3.99 -.003999 -97.49   -8.3
   4.01 -.004004 -97.61   -8.2
   4.02 -.004007 -97.69   -8.1
   4.03 -.004011 -97.79   -8.0
   4.04 -.004014 -97.86   -7.8
   4.05 -.004018 -97.96   -7.7
   4.06 -.004021 -98.04   -7.6
   4.07 -.004025 -98.13   -7.5
   4.08 -.004029 -98.22   -7.5
   4.10 -.004032 -98.30   -7.4
   4.11 -.004036 -98.39   -7.3
   4.12 -.004039 -98.47   -7.2
   4.13 -.004042 -98.55   -7.1
   4.14 -.004046 -98.63   -7.0
   4.15 -.004049 -98.71   -6.9
   4.16 -.004052 -98.79   -6.9
   4.18 -.004055 -98.87   -6.8
   4.19 -.004058 -98.93   -6.7
   4.20 -.004061 -99.02   -6.6
   4.21 -.004065 -99.10   -6.5
   4.22 -.004067 -99.16   -6.4
   4.23 -.004070 -99.23   -6.3
   4.24 -.004073 -99.30   -6.2
   4.25 -.004077 -99.39   -6.2
   4.26 -.004079 -99.44   -6.1
   4.28 -.004082 -99.52   -6.0
   4.29 -.004085 -99.58   -5.9
   4.30 -.004087 -99.65   -5.9
   4.31 -.004090 -99.72   -5.8
   4.32 -.004092 -99.77   -5.7
   4.33 -.004096 -99.85   -5.6
   4.34 -.004098 -99.91   -5.6
   4.35 -.004100 -99.96   -5.5
   4.37 -.004103 %-100.04   -5.4
   4.38 -.004106 %-100.10   -5.4
   4.39 -.004109 %-100.16   -5.3
   4.40 -.004111 %-100.23   -5.3
   4.41 -.004113 %-100.28   -5.3
   4.42 -.004116 %-100.34   -5.2
   4.43 -.004119 %-100.41   -5.2
   4.45 -.004121 %-100.47   -5.1
   4.46 -.004124 %-100.53   -5.1
   4.47 -.004126 %-100.58   -5.1
   4.48 -.004128 %-100.64   -5.0
   4.49 -.004130 %-100.70   -4.9
   4.50 -.004133 %-100.75   -4.9
   4.51 -.004135 %-100.81   -4.8
   4.52 -.004137 %-100.86   -4.7
   4.54 -.004140 %-100.92   -4.7
   4.55 -.004142 %-100.97   -4.6
   4.56 -.004143 %-101.02   -4.5
   4.57 -.004146 %-101.07   -4.5
   4.58 -.004148 %-101.12   -4.4
   4.59 -.004150 %-101.17   -4.3
   4.60 -.004152 %-101.22   -4.3
   4.61 -.004153 %-101.26   -4.2
   4.63 -.004156 %-101.31   -4.1
   4.64 -.004157 %-101.35   -4.1
   4.65 -.004159 %-101.40   -4.0
   4.66 -.004161 %-101.44   -3.9
   4.67 -.004163 %-101.49   -3.9
   4.68 -.004165 %-101.54   -3.8
   4.69 -.004166 %-101.57   -3.7
   4.70 -.004168 %-101.61   -3.7
   4.72 -.004169 %-101.65   -3.6
   4.73 -.004171 %-101.69   -3.5
   4.74 -.004173 %-101.73   -3.5
   4.75 -.004174 %-101.77   -3.4
   4.76 -.004176 %-101.80   -3.3
   4.77 -.004178 %-101.85   -3.3
   4.78 -.004179 %-101.88   -3.2
   4.79 -.004180 %-101.91   -3.2
   4.80 -.004182 %-101.96   -3.1
   4.82 -.004183 %-101.98   -3.1
   4.83 -.004185 %-102.02   -3.0
   4.84 -.004186 %-102.06   -3.0
   4.85 -.004187 %-102.08   -2.9
   4.86 -.004189 %-102.13   -2.9
   4.87 -.004190 %-102.15   -2.9
   4.88 -.004191 %-102.18   -2.8
   4.90 -.004192 %-102.21   -2.7
   4.91 -.004194 %-102.24   -2.7
   4.92 -.004195 %-102.27   -2.6
   4.93 -.004197 %-102.31   -2.6
   4.94 -.004197 %-102.33   -2.6
   4.95 -.004198 %-102.35   -2.5
   4.96 -.004200 %-102.39   -2.5
   4.97 -.004201 %-102.41   -2.5
   4.99 -.004202 %-102.44   -2.4
   5.00 -.004203 %-102.47   -2.4
   5.01 -.004205 %-102.50   -2.3
   5.02 -.004205 %-102.52   -2.3
   5.03 -.004206 %-102.53   -2.2
   5.04 -.004207 %-102.57   -2.2
   5.05 -.004208 %-102.59   -2.1
   5.06 -.004210 %-102.63   -2.2
   5.07 -.004210 %-102.64   -2.1
   5.09 -.004211 %-102.67   -2.1
   5.10 -.004212 %-102.69   -2.1
   5.11 -.004214 %-102.73   -2.1
   5.12 -.004214 %-102.74   -2.1
   5.13 -.004215 %-102.76   -2.0
   5.14 -.004216 %-102.79   -2.1
   5.15 -.004217 %-102.80   -2.0
   5.16 -.004218 %-102.84   -2.0
   5.18 -.004219 %-102.85   -1.9
   5.19 -.004220 %-102.88   -1.9
   5.20 -.004221 %-102.91   -1.9
   5.21 -.004222 %-102.92   -1.9
   5.22 -.004223 %-102.95   -1.9
   5.23 -.004224 %-102.97   -1.9
   5.24 -.004225 %-103.00   -1.9
   5.26 -.004226 %-103.02   -1.9
   5.27 -.004227 %-103.05   -1.9
   5.28 -.004227 %-103.05   -1.9
   5.29 -.004229 %-103.10   -1.9
   5.30 -.004229 %-103.10   -1.9
   5.31 -.004229 %-103.11   -1.8
   5.32 -.004230 %-103.13   -1.7
   5.33 -.004231 %-103.16   -1.7
   5.35 -.004232 %-103.17   -1.6
   5.36 -.004233 %-103.19   -1.6
   5.37 -.004234 %-103.21   -1.5
   5.38 -.004234 %-103.22   -1.5
   5.39 -.004235 %-103.25   -1.5
   5.40 -.004236 %-103.27   -1.5
   5.41 -.004237 %-103.29   -1.5
   5.42 -.004237 %-103.30   -1.6
   5.44 -.004238 %-103.33   -1.6
   5.45 -.004239 %-103.35   -1.6
   5.46 -.004240 %-103.36   -1.6
   5.47 -.004240 %-103.38   -1.6
   5.48 -.004241 %-103.39   -1.5
   5.49 -.004242 %-103.41   -1.5
   5.50 -.004242 %-103.43   -1.5
   5.51 -.004243 %-103.45   -1.5
   5.53 -.004244 %-103.47   -1.5
   5.54 -.004244 %-103.47   -1.4
   5.55 -.004245 %-103.48   -1.4
   5.56 -.004245 %-103.50   -1.3
   5.57 -.004246 %-103.51   -1.2
   5.58 -.004246 %-103.53   -1.2
   5.59 -.004246 %-103.53   -1.1
   5.60 -.004247 %-103.54   -1.1
   5.62 -.004248 %-103.56   -1.0
   5.63 -.004248 %-103.56   -1.0
   5.64 -.004249 %-103.58   -0.9
   5.65 -.004249 %-103.60   -1.0
   5.66 -.004250 %-103.61   -1.0
   5.67 -.004250 %-103.61   -1.0
   5.68 -.004250 %-103.62   -0.9
   5.69 -.004251 %-103.64   -1.0
   5.71 -.004251 %-103.65   -0.9
   5.72 -.004252 %-103.65   -0.9
   5.73 -.004253 %-103.68   -0.9
   5.74 -.004252 %-103.66   -0.9
   5.75 -.004253 %-103.68   -0.8
   5.76 -.004253 %-103.68   -0.8
   5.77 -.004254 %-103.71   -0.8
   5.78 -.004254 %-103.70   -0.8
   5.80 -.004255 %-103.73   -0.8
   5.81 -.004255 %-103.73   -0.8
   5.82 -.004255 %-103.74   -0.7
   5.83 -.004256 %-103.75   -0.8
   5.84 -.004256 %-103.76   -0.8
   5.85 -.004257 %-103.77   -0.8
   5.86 -.004257 %-103.78   -0.9
   5.87 -.004257 %-103.78   -0.8
   5.89 -.004258 %-103.80   -0.8
   5.90 -.004258 %-103.81   -0.8
   5.91 -.004258 %-103.82   -0.8
   5.92 -.004259 %-103.82   -0.8
   5.93 -.004259 %-103.83   -0.8
   5.94 -.004260 %-103.85   -0.8
   5.95 -.004260 %-103.84   -0.7
   5.96 -.004260 %-103.86   -0.7
   5.98 -.004260 %-103.87   -0.7
   5.99 -.004261 %-103.87   -0.7
   6.00 -.004261 %-103.88   -0.7
   6.01 -.004261 %-103.89   -0.6
   6.02 -.004262 %-103.90   -0.7
   6.03 -.004262 %-103.90   -0.6
   6.04 -.004262 %-103.91   -0.6
   6.05 -.004262 %-103.92   -0.6
   6.07 -.004263 %-103.93   -0.6
   6.08 -.004263 %-103.93   -0.6
   6.09 -.004264 %-103.94   -0.6
   6.10 -.004263 %-103.94   -0.6
   6.11 -.004264 %-103.95   -0.6
   6.12 -.004264 %-103.95   -0.6
   6.13 -.004264 %-103.96   -0.5
   6.14 -.004265 %-103.97   -0.5
   6.16 -.004265 %-103.97   -0.5
   6.17 -.004265 %-103.99   -0.5
   6.18 -.004265 %-103.98   -0.5
   6.19 -.004266 %-104.00   -0.5
   6.20 -.004266 %-104.01   -0.5
   6.21 -.004266 %-104.01   -0.5
   6.22 -.004266 %-104.01   -0.5
   6.23 -.004266 %-104.01   -0.5
   6.25 -.004267 %-104.02   -0.5
   6.26 -.004266 %-104.01   -0.4
   6.27 -.004267 %-104.02   -0.4
   6.28 -.004267 %-104.03   -0.3
   6.29 -.004267 %-104.02   -0.3
   6.30 -.004268 %-104.04   -0.3
   6.31 -.004267 %-104.03   -0.3
   6.32 -.004267 %-104.03   -0.2
   6.34 -.004268 %-104.05   -0.3
   6.35 -.004268 %-104.04   -0.3
   6.36 -.004268 %-104.05   -0.3
   6.37 -.004268 %-104.06   -0.3
   6.38 -.004269 %-104.07   -0.3
   6.39 -.004268 %-104.06   -0.3
   6.40 -.004269 %-104.07   -0.3
   6.41 -.004268 %-104.06   -0.3
   6.43 -.004269 %-104.07   -0.3
   6.44 -.004269 %-104.07   -0.3
   6.45 -.004269 %-104.08   -0.3
   6.46 -.004269 %-104.08   -0.3
   6.47 -.004270 %-104.09   -0.3
   6.48 -.004269 %-104.08   -0.2
   6.49 -.004270 %-104.09   -0.3
   6.50 -.004269 %-104.08   -0.2
   6.52 -.004270 %-104.09   -0.2
   6.53 -.004269 %-104.08   -0.2
   6.54 -.004269 %-104.08   -0.2
   6.55 -.004269 %-104.09   -0.1
   6.56 -.004274 %-104.20   -0.4
   6.57 -.004282 %-104.40   -1.3
   6.58 -.004289 %-104.56   -2.5
   6.59 -.004297 %-104.75   -4.1
   6.61 -.004210 %-102.63    1.4
   6.62 -.004054 -98.84   18.0
   6.63 -.003946 -96.20   39.9
   6.64 -.003835 -93.50   65.8
   6.65 -.003706 -90.36   95.6
   6.66 -.003477 -84.76  135.1
   6.67 -.003189 -77.74  185.7
   6.69 -.002928 -71.38  241.3
   6.70 -.002687 -65.51  296.1
   6.71 -.002451 -59.76  346.2
   6.72 -.002219 -54.11  388.0
   6.73 -.001993 -48.60  417.4
   6.74 -.001770 -43.15  439.8
   6.75 -.001553 -37.86  458.8
   6.76 -.001341 -32.70  469.0
   6.78 -.001135 -27.68  468.7
   6.79 -.000935 -22.80  457.7
   6.80 -.000739 -18.02  444.0
   6.81 -.000549 -13.40  432.7
   6.82 -.000365  -8.90  422.4
   6.83 -.000189  -4.60  411.7
   6.84 -.000021  -0.51  400.4
   6.85 0.000114   2.79  386.7
   6.86 0.000262   6.38  372.1
   6.88 0.000401   9.78  357.0
   6.89 0.000530  12.92  341.2
   6.90 0.000650  15.86  324.8
   6.91 0.000757  18.46  307.5
   6.92 0.000849  20.71  289.0
   6.93 0.000935  22.79  270.0
   6.94 0.001033  25.18  252.3
   6.96 0.001159  28.26  238.9
   6.97 0.001326  32.34  233.2
   6.98 0.001499  36.55  234.7
   6.99 0.001704  41.56  243.1
   7.00 0.001893  46.16  257.2
   7.01 0.002022  49.32  271.1
   7.02 0.002112  51.50  280.9
   7.03 0.002186  53.31  285.3
   7.05 0.002260  55.11  283.6
   7.06 0.002339  57.04  275.3
   7.07 0.002422  59.05  260.3
   7.08 0.002507  61.13  239.9
   7.09 0.002590  63.15  216.8
   7.10 0.002670  65.11  195.1
   7.11 0.002748  67.00  176.2
   7.12 0.002823  68.84  164.4
   7.13 0.002895  70.61  159.6
   7.15 0.002965  72.31  157.9
   7.16 0.003034  73.98  156.5
   7.17 0.003099  75.58  153.9
   7.18 0.003163  77.12  150.2
   7.19 0.003223  78.60  145.7
   7.20 0.003282  80.05  140.9
   7.21 0.003339  81.44  136.1
   7.23 0.003395  82.78  131.5
   7.24 0.003448  84.08  127.1
   7.25 0.003498  85.31  122.6
   7.26 0.003548  86.52  118.4
   7.27 0.003595  87.68  114.3
   7.28 0.003641  88.79  110.2
   7.29 0.003685  89.86  106.3
   7.30 0.003728  90.90  102.6
   7.32 0.003768  91.90   98.9
   7.33 0.003808  92.87   95.4
   7.34 0.003846  93.80   92.0
   7.35 0.003884  94.71   88.7
   7.36 0.003919  95.58   85.6
   7.37 0.003953  96.41   82.6
   7.38 0.003987  97.22   79.6
   7.39 0.004017  97.98   76.8
   7.40 0.004048  98.73   74.0
   7.42 0.004078  99.45   71.3
   7.43 0.004107 100.15   68.8
   7.44 0.004135 100.83   66.3
   7.45 0.004161 101.47   63.9
   7.46 0.004186 102.09   61.6
   7.47 0.004210 102.67   59.3
   7.48 0.004234 103.26   57.2
   7.50 0.004257 103.82   55.1
   7.51 0.004279 104.35   53.1
   7.52 0.004301 104.89   51.3
   7.53 0.004321 105.39   49.5
   7.54 0.004342 105.88   47.7
   7.55 0.004361 106.35   46.1
   7.56 0.004379 106.80   44.5
   7.57 0.004397 107.22   43.0
   7.59 0.004414 107.64   41.5
   7.60 0.004430 108.04   40.0
   7.61 0.004446 108.42   38.5
   7.62 0.004461 108.80   37.0
   7.63 0.004475 109.15   35.6
   7.64 0.004490 109.51   34.3
   7.65 0.004505 109.86   33.1
   7.66 0.004517 110.17   31.9
   7.67 0.004530 110.49   30.8
   7.69 0.004542 110.78   29.7
   7.70 0.004555 111.08   28.7
   7.71 0.004566 111.36   27.7
   7.72 0.004578 111.64   26.8
   7.73 0.004588 111.90   25.9
   7.74 0.004599 112.16   25.0
   7.75 0.004608 112.39   24.1
   7.77 0.004618 112.63   23.2
   7.78 0.004628 112.86   22.4
   7.79 0.004636 113.08   21.6
   7.80 0.004645 113.29   20.8
   7.81 0.004654 113.51   20.2
   7.82 0.004663 113.71   19.5
   7.83 0.004671 113.91   18.9
   7.84 0.004678 114.08   18.3
   7.86 0.004685 114.25   17.6
   7.87 0.004690 114.38   16.9
   7.88 0.004698 114.57   16.2
   7.89 0.004704 114.73   15.6
   7.90 0.004711 114.88   15.0
   7.91 0.004717 115.04   14.4
   7.92 0.004723 115.19   13.9
   7.93 0.004728 115.31   13.4
   7.94 0.004734 115.46   13.0
   7.96 0.004739 115.58   12.6
   7.97 0.004744 115.71   12.2
   7.98 0.004750 115.85   12.0
   7.99 0.004754 115.95   11.6
   8.00 0.004759 116.07   11.2
   8.01 0.004763 116.17   10.8
   8.02 0.004767 116.27   10.3
   8.04 0.004772 116.37    9.9
   8.05 0.004776 116.48    9.6
   8.06 0.004780 116.58    9.3
   8.07 0.004784 116.68    9.0
   8.08 0.004788 116.77    8.8
   8.09 0.004792 116.86    8.5
   8.10 0.004795 116.93    8.2
   8.11 0.004797 117.00    7.9
   8.13 0.004801 117.08    7.6
   8.14 0.004803 117.14    7.3
   8.15 0.004807 117.23    7.0
   8.16 0.004809 117.28    6.7
   8.17 0.004812 117.35    6.4
   8.18 0.004814 117.41    6.1
   8.19 0.004816 117.46    5.8
   8.20 0.004818 117.51    5.6
   8.22 0.004821 117.58    5.4
   8.23 0.004823 117.63    5.2
   8.24 0.004826 117.70    5.1
   8.25 0.004828 117.74    4.9
   8.26 0.004829 117.78    4.7
   8.27 0.004832 117.84    4.6
   8.28 0.004834 117.89    4.5
   8.29 0.004836 117.95    4.4
   8.31 0.004838 117.98    4.3
   8.32 0.004839 118.01    4.2
   8.33 0.004841 118.06    4.1
   8.34 0.004843 118.11    3.9
   8.35 0.004845 118.15    3.8
   8.36 0.004846 118.19    3.7
   8.37 0.004848 118.24    3.7
   8.38 0.004850 118.28    3.6
   8.40 0.004851 118.30    3.5
   8.41 0.004853 118.35    3.4
   8.42 0.004854 118.39    3.3
   8.43 0.004856 118.42    3.3
   8.44 0.004856 118.42    3.2
   8.45 0.004858 118.47    3.0
   8.46 0.004859 118.50    2.9
   8.47 0.004860 118.54    2.8
   8.48 0.004862 118.57    2.7
   8.50 0.004862 118.58    2.6
   8.51 0.004863 118.61    2.5
   8.52 0.004864 118.63    2.4
   8.53 0.004865 118.66    2.3
   8.54 0.004866 118.68    2.2
   8.55 0.004868 118.71    2.2
   8.56 0.004869 118.74    2.2
   8.58 0.004869 118.75    2.0
   8.59 0.004870 118.76    2.0
   8.60 0.004870 118.78    1.9
   8.61 0.004871 118.80    1.8
   8.62 0.004872 118.82    1.8
   8.63 0.004873 118.84    1.7
   8.64 0.004873 118.84    1.6
   8.65 0.004873 118.85    1.5
   8.67 0.004874 118.87    1.4
   8.68 0.004874 118.88    1.2
   8.69 0.004875 118.90    1.2
   8.70 0.004876 118.91    1.2
   8.71 0.004876 118.92    1.1
   8.72 0.004876 118.93    1.1
   8.73 0.004877 118.94    1.0
   8.74 0.004877 118.95    1.0
   8.76 0.004877 118.95    0.9
   8.77 0.004877 118.95    0.9
   8.78 0.004877 118.94    0.8
   8.79 0.004878 118.96    0.7
   8.80 0.004878 118.96    0.6
   8.81 0.004878 118.96    0.4
   8.82 0.004878 118.97    0.4
   8.83 0.004879 118.98    0.4
   8.85 0.004879 119.00    0.4
   8.86 0.004879 119.00    0.4
   8.87 0.004880 119.01    0.5
   8.88 0.004880 119.02    0.5
   8.89 0.004881 119.03    0.6
   8.90 0.004880 119.03    0.6
   8.91 0.004880 119.03    0.6
   8.92 0.004881 119.03    0.6
   8.94 0.004881 119.04    0.6
   8.95 0.004881 119.04    0.5
   8.96 0.004881 119.05    0.4
   8.97 0.004882 119.06    0.4
   8.98 0.004882 119.07    0.5
   8.99 0.004883 119.09    0.5
   9.00 0.004883 119.09    0.5
   9.01 0.004883 119.09    0.5
   9.03 0.004883 119.08    0.5
   9.04 0.004883 119.08    0.5
   9.05 0.004883 119.08    0.4
   9.06 0.004883 119.09    0.4
   9.07 0.004883 119.09    0.3
   9.08 0.004883 119.09    0.3
   9.09 0.004884 119.11    0.2
   9.10 0.004883 119.09    0.1
   9.12 0.004884 119.10    0.1
   9.13 0.004883 119.10    0.1
   9.14 0.004883 119.08    0.1
   9.15 0.004883 119.09    0.1
   9.16 0.004883 119.08    0.0
   9.17 0.004883 119.09   -0.0
   9.18 0.004883 119.10   -0.0
   9.19 0.004884 119.11   -0.0
   9.21 0.004884 119.12    0.0
   9.22 0.004884 119.12    0.1
   9.23 0.004884 119.11    0.2
   9.24 0.004884 119.12    0.2
   9.25 0.004885 119.13    0.3
   9.26 0.004885 119.14    0.4
   9.27 0.004885 119.13    0.4
   9.28 0.004885 119.14    0.4
   9.30 0.004885 119.15    0.4
   9.31 0.004885 119.14    0.4
   9.32 0.004885 119.14    0.3
   9.33 0.004885 119.14    0.3
   9.34 0.004885 119.14    0.2
   9.35 0.004886 119.17    0.3
   9.36 0.004887 119.18    0.3
   9.37 0.004886 119.17    0.3
   9.39 0.004887 119.18    0.3
   9.40 0.004886 119.17    0.3
   9.41 0.004887 119.19    0.3
   9.42 0.004887 119.19    0.4
   9.43 0.004887 119.19    0.4
   9.44 0.004888 119.21    0.4
   9.45 0.004888 119.21    0.5
   9.47 0.004889 119.23    0.5
   9.48 0.004888 119.20    0.4
   9.49 0.004889 119.22    0.4
   9.50 0.004889 119.24    0.5
   9.51 0.004890 119.25    0.6
   9.52 0.004890 119.26    0.6
   9.53 0.004890 119.26    0.6
   9.54 0.004890 119.27    0.6
   9.56 0.004891 119.28    0.6
   9.57 0.004891 119.29    0.6
   9.58 0.004891 119.29    0.6
   9.59 0.004892 119.31    0.7
   9.60 0.004892 119.31    0.7
   9.61 0.004892 119.32    0.7
   9.62 0.004893 119.33    0.6
   9.63 0.004893 119.33    0.6
   9.65 0.004893 119.33    0.6
   9.66 0.004894 119.35    0.6
   9.67 0.004894 119.37    0.6
   9.68 0.004894 119.36    0.6
   9.69 0.004894 119.36    0.6
   9.70 0.004895 119.39    0.6
   9.71 0.004895 119.39    0.6
   9.72 0.004896 119.40    0.7
   9.74 0.004897 119.42    0.7
   9.75 0.004896 119.41    0.7
   9.76 0.004896 119.40    0.7
   9.77 0.004856 118.43   -2.5
   9.78 0.004732 115.41  -14.6
   9.79 0.004556 111.10  -38.1
   9.80 0.004394 107.16  -69.2
   9.81 0.004208 102.63 -107.6
   9.83 0.003939  96.06 -157.0
   9.84 0.003760  91.70 -206.9
   9.85 0.003576  87.21 -254.9
   9.86 0.003413  83.24 -297.0
   9.87 0.003259  79.48 -330.1
   9.88 0.003110  75.83 -351.9
   9.89 0.002960  72.18 -360.3
   9.90 0.002813  68.60 -356.4
   9.92 0.002670  65.11 -346.3
   9.93 0.002530  61.69 -334.2
   9.94 0.002392  58.33 -319.0
   9.95 0.002258  55.06 -303.0
   9.96 0.002126  51.84 -294.4
   9.97 0.001997  48.69 -286.7
   9.98 0.001871  45.62 -280.6
   9.99 0.001747  42.60 -275.1
  10.01 0.001626  39.66 -269.5
  10.02 0.001508  36.77 -263.8
  10.03 0.001393  33.98 -258.1
  10.04 0.001281  31.24 -252.5
  10.05 0.001173  28.60 -246.8
  10.06 0.001067  26.03 -241.0
  10.07 0.000966  23.55 -235.2
  10.08 0.000871  21.23 -228.8
  10.10 0.000785  19.15 -221.7
  10.11 0.000709  17.29 -213.4
  10.12 0.000641  15.63 -203.8
  10.13 0.000580  14.14 -192.9
  10.14 0.000521  12.71 -181.2
  10.15 0.000463  11.29 -169.3
  10.16 0.000404   9.85 -157.7
  10.17 0.000343   8.37 -147.1
  10.19 0.000279   6.81 -138.2
  10.20 0.000214   5.22 -131.5
  10.21 0.000148   3.61 -127.1
  10.22 0.000080   1.95 -125.1
  10.23 0.000011   0.27 -125.2
  10.24 -.000059  -1.44 -126.7
  10.25 -.000129  -3.14 -129.0
  10.26 -.000199  -4.86 -131.6
  10.28 -.000270  -6.57 -134.0
  10.29 -.000339  -8.27 -136.0
  10.30 -.000409  -9.98 -137.5
  10.31 -.000479 -11.67 -138.5
  10.32 -.000547 -13.34 -139.1
  10.33 -.000615 -14.99 -139.2
  10.34 -.000682 -16.62 -138.9
  10.35 -.000748 -18.24 -138.4
  10.37 -.000813 -19.83 -137.5
  10.38 -.000877 -21.39 -136.3
  10.39 -.000941 -22.94 -135.0
  10.40 -.001004 -24.47 -133.6
  10.41 -.001065 -25.96 -131.9
  10.42 -.001126 -27.45 -130.2
  10.43 -.001185 -28.89 -128.5
  10.44 -.001244 -30.34 -126.7
  10.46 -.001301 -31.72 -124.8
  10.47 -.001357 -33.10 -122.9
  10.48 -.001413 -34.45 -120.9
  10.49 -.001467 -35.77 -118.9
  10.50 -.001521 -37.08 -117.0
  10.51 -.001573 -38.35 -114.9
  10.52 -.001625 -39.61 -112.9
  10.53 -.001675 -40.84 -110.8
  10.55 -.001724 -42.04 -108.8
  10.56 -.001773 -43.23 -106.8
  10.57 -.001820 -44.38 -104.8
  10.58 -.001867 -45.53 -102.9
  10.59 -.001913 -46.64 -100.9
  10.60 -.001958 -47.73  -99.0
  10.61 -.002002 -48.81  -97.1
  10.62 -.002045 -49.87  -95.2
  10.64 -.002088 -50.91  -93.5
  10.65 -.002130 -51.93  -91.7
  10.66 -.002171 -52.92  -90.0
  10.67 -.002211 -53.90  -88.4
  10.68 -.002251 -54.87  -86.7
  10.69 -.002289 -55.81  -85.2
  10.70 -.002327 -56.73  -83.6
  10.72 -.002364 -57.64  -82.0
  10.73 -.002401 -58.54  -80.5
  10.74 -.002437 -59.41  -79.0
  10.75 -.002472 -60.26  -77.5
  10.76 -.002507 -61.11  -76.0
  10.77 -.002540 -61.94  -74.6
  10.78 -.002574 -62.75  -73.2
  10.82 -.002692 -65.63  -78.4
  10.83 -.002722 -66.36  -82.2
  10.85 -.002752 -67.10  -84.9
  10.86 -.002781 -67.81  -86.3
  10.87 -.002810 -68.52  -86.5
  10.88 -.002839 -69.21  -85.5
  10.89 -.002867 -69.90  -83.4
  10.90 -.002894 -70.55  -80.1
  10.91 -.002921 -71.22  -75.7
  10.92 -.002947 -71.86  -70.1
  10.94 -.002973 -72.49  -63.5
  10.95 -.002999 -73.11  -55.8
  10.96 -.003024 -73.72  -54.9
  10.97 -.003048 -74.32  -53.8
  10.98 -.003072 -74.90  -52.8
  10.99 -.003096 -75.49  -51.9
  11.00 -.003119 -76.03  -50.9
  11.02 -.003142 -76.61  -50.0
  11.03 -.003164 -77.13  -49.1
  11.04 -.003186 -77.69  -48.1
  11.05 -.003208 -78.21  -47.3
  11.06 -.003229 -78.73  -46.4
  11.07 -.003250 -79.24  -45.6
  11.08 -.003271 -79.74  -44.9
  11.09 -.003291 -80.24  -44.1
  11.10 -.003311 -80.72  -43.3
  11.12 -.003330 -81.19  -42.6
  11.13 -.003349 -81.65  -41.9
  11.14 -.003368 -82.11  -41.0
  11.15 -.003386 -82.56  -40.4
  11.16 -.003405 -83.00  -39.6
  11.17 -.003422 -83.43  -38.9
  11.18 -.003440 -83.86  -38.2
  11.19 -.003457 -84.28  -37.5
  11.21 -.003474 -84.69  -36.8
  11.22 -.003490 -85.09  -36.2
  11.23 -.003507 -85.50  -35.6
  11.24 -.003523 -85.88  -35.0
  11.25 -.003539 -86.27  -34.4
  11.26 -.003554 -86.66  -33.9
  11.27 -.003570 -87.03  -33.3
  11.28 -.003585 -87.39  -32.8
  11.30 -.003600 -87.77  -32.3
  11.31 -.003614 -88.11  -31.7
  11.32 -.003629 -88.46  -31.2
  11.33 -.003642 -88.80  -30.7
  11.34 -.003656 -89.14  -30.1
  11.35 -.003670 -89.46  -29.6
  11.36 -.003683 -89.79  -29.1
  11.37 -.003696 -90.11  -28.6
  11.39 -.003709 -90.43  -28.1
  11.40 -.003722 -90.74  -27.6
  11.41 -.003734 -91.04  -27.1
  11.42 -.003747 -91.34  -26.7
  11.43 -.003759 -91.64  -26.3
  11.44 -.003771 -91.93  -25.8
  11.45 -.003782 -92.20  -25.4
  11.46 -.003794 -92.49  -25.0
  11.48 -.003805 -92.78  -24.6
  11.49 -.003816 -93.04  -24.2
  11.50 -.003827 -93.31  -23.8
  11.51 -.003838 -93.57  -23.4
  11.52 -.003849 -93.84  -23.1
  11.53 -.003859 -94.08  -22.7
  11.54 -.003869 -94.33  -22.3
  11.55 -.003879 -94.58  -21.9
  11.57 -.003889 -94.81  -21.5
  11.58 -.003899 -95.06  -21.2
  11.59 -.003908 -95.29  -20.8
  11.60 -.003918 -95.53  -20.5
  11.61 -.003927 -95.73  -20.1
  11.62 -.003936 -95.96  -19.8
  11.63 -.003945 -96.19  -19.5
  11.64 -.003954 -96.40  -19.1
  11.66 -.003963 -96.61  -18.8
  11.67 -.003971 -96.82  -18.5
  11.68 -.003979 -97.01  -18.2
  11.69 -.003987 -97.21  -17.9
  11.70 -.003996 -97.41  -17.6
  11.71 -.004004 -97.62  -17.3
  11.72 -.004012 -97.80  -17.0
  11.73 -.004019 -97.99  -16.8
  11.75 -.004027 -98.17  -16.5
  11.76 -.004034 -98.35  -16.2
  11.77 -.004042 -98.54  -15.9
  11.78 -.004049 -98.72  -15.7
  11.79 -.004057 -98.90  -15.5
  11.80 -.004063 -99.06  -15.3
  11.81 -.004070 -99.23  -15.0
  11.82 -.004077 -99.40  -14.8
  11.84 -.004084 -99.57  -14.6
  11.85 -.004091 -99.74  -14.4
  11.86 -.004098 -99.90  -14.2
  11.87 -.004104 %-100.05  -14.0
  11.88 -.004110 %-100.21  -13.8
  11.89 -.004117 %-100.36  -13.6
  11.90 -.004123 %-100.52  -13.4
  11.91 -.004129 %-100.67  -13.2
  11.93 -.004135 %-100.80  -13.0
  11.94 -.004141 %-100.95  -12.8
  11.95 -.004146 %-101.08  -12.5
  11.96 -.004152 %-101.23  -12.3
  11.97 -.004158 %-101.36  -12.1
  11.98 -.004163 %-101.50  -11.9
  11.99 -.004169 %-101.64  -11.8
  12.00 -.004174 %-101.77  -11.6
  12.01 -.004180 %-101.90  -11.4
  12.03 -.004184 %-102.02  -11.2
  12.04 -.004190 %-102.15  -11.1
  12.05 -.004195 %-102.27  -10.9
  12.06 -.004200 %-102.40  -10.8
  12.07 -.004205 %-102.52  -10.7
  12.08 -.004210 %-102.64  -10.5
  12.09 -.004215 %-102.76  -10.4
  12.10 -.004220 %-102.88  -10.2
  12.12 -.004225 %-103.00  -10.1
  12.13 -.004229 %-103.11  -10.0
  12.14 -.004234 %-103.21   -9.9
  12.15 -.004238 %-103.33   -9.8
  12.16 -.004243 %-103.44   -9.6
  12.17 -.004248 %-103.55   -9.5
  12.18 -.004252 %-103.65   -9.3
  12.20 -.004256 %-103.76   -9.2
  12.21 -.004260 %-103.87   -9.1
  12.22 -.004264 %-103.95   -9.0
  12.23 -.004268 %-104.05   -8.8
  12.24 -.004272 %-104.16   -8.6
  12.25 -.004276 %-104.25   -8.5
  12.26 -.004280 %-104.34   -8.4
  12.27 -.004283 %-104.43   -8.2
  12.28 -.004287 %-104.53   -8.1
  12.30 -.004291 %-104.61   -7.9
  12.31 -.004294 %-104.70   -7.8
  12.32 -.004298 %-104.78   -7.6
  12.33 -.004302 %-104.88   -7.5
  12.34 -.004305 %-104.95   -7.4
  12.35 -.004309 %-105.05   -7.4
  12.36 -.004312 %-105.12   -7.2
  12.37 -.004315 %-105.20   -7.1
  12.39 -.004319 %-105.29   -7.0
  12.40 -.004322 %-105.36   -6.9
  12.41 -.004325 %-105.43   -6.8
  12.42 -.004328 %-105.51   -6.7
  12.43 -.004331 %-105.59   -6.6
  12.44 -.004334 %-105.66   -6.5
  12.45 -.004337 %-105.74   -6.4
  12.46 -.004340 %-105.81   -6.4
  12.48 -.004343 %-105.88   -6.2
  12.49 -.004346 %-105.94   -6.2
  12.50 -.004349 %-106.03   -6.1
  12.51 -.004351 %-106.09   -6.0
  12.52 -.004354 %-106.15   -5.9
  12.53 -.004357 %-106.22   -5.8
  12.54 -.004359 %-106.28   -5.7
  12.55 -.004362 %-106.35   -5.6
  12.57 -.004365 %-106.41   -5.6
  12.58 -.004368 %-106.48   -5.5
  12.59 -.004370 %-106.53   -5.4
  12.60 -.004372 %-106.59   -5.3
  12.61 -.004375 %-106.65   -5.2
  12.62 -.004377 %-106.71   -5.1
  12.63 -.004380 %-106.77   -5.1
  12.64 -.004382 %-106.83   -5.0
  12.66 -.004384 %-106.88   -4.9
  12.67 -.004386 %-106.94   -4.9
  12.68 -.004389 %-106.99   -4.8
  12.69 -.004391 %-107.05   -4.7
  12.70 -.004393 %-107.10   -4.7
  12.71 -.004395 %-107.15   -4.6
  12.72 -.004397 %-107.19   -4.5
  12.73 -.004399 %-107.25   -4.4
  12.75 -.004401 %-107.30   -4.4
  12.76 -.004403 %-107.34   -4.3
  12.77 -.004405 %-107.40   -4.3
  12.78 -.004407 %-107.45   -4.2
  12.79 -.004409 %-107.50   -4.1
  12.80 -.004411 %-107.54   -4.1
  12.81 -.004413 %-107.58   -4.0
  12.82 -.004415 %-107.63   -4.0
  12.84 -.004416 %-107.66   -3.9
  12.85 -.004419 %-107.72   -3.9
  12.86 -.004420 %-107.76   -3.8
  12.87 -.004422 %-107.80   -3.7
  12.88 -.004423 %-107.84   -3.7
  12.89 -.004425 %-107.88   -3.5
  12.90 -.004427 %-107.92   -3.5
  12.91 -.004429 %-107.97   -3.5
  12.93 -.004430 %-108.01   -3.5
  12.94 -.004432 %-108.04   -3.4
  12.95 -.004433 %-108.07   -3.4
  12.96 -.004435 %-108.11   -3.3
  12.97 -.004436 %-108.15   -3.3
  12.98 -.004437 %-108.17   -3.2
  12.99 -.004439 %-108.22   -3.1
  13.00 -.004441 %-108.26   -3.1
  13.02 -.004442 %-108.29   -3.0
  13.03 -.004443 %-108.31   -2.9
  13.04 -.004444 %-108.35   -2.9
  13.05 -.004445 %-108.38   -2.8
  13.06 -.004447 %-108.42   -2.8
  13.07 -.004448 %-108.44   -2.7
  13.08 -.004449 %-108.46   -2.6
  13.09 -.004450 %-108.50   -2.6
  13.11 -.004452 %-108.53   -2.6
  13.12 -.004453 %-108.55   -2.5
  13.13 -.004454 %-108.59   -2.5
  13.14 -.004455 %-108.62   -2.5
  13.15 -.004457 %-108.66   -2.5
  13.16 -.004458 %-108.68   -2.5
  13.17 -.004459 %-108.70   -2.4
  13.18 -.004460 %-108.73   -2.4
  13.19 -.004461 %-108.75   -2.4
  13.21 -.004462 %-108.77   -2.3
  13.22 -.004463 %-108.81   -2.3
  13.23 -.004465 %-108.85   -2.3
  13.24 -.004466 %-108.87   -2.3
  13.25 -.004466 %-108.88   -2.2
  13.26 -.004467 %-108.90   -2.1
  13.27 -.004468 %-108.93   -2.1
  13.29 -.004469 %-108.96   -2.1
  13.30 -.004471 %-108.99   -2.1
  13.31 -.004471 %-109.00   -2.1
  13.32 -.004472 %-109.03   -2.1
  13.33 -.004473 %-109.05   -2.0
  13.34 -.004474 %-109.07   -1.9
  13.35 -.004475 %-109.09   -1.9
  13.36 -.004476 %-109.12   -1.9
  13.38 -.004477 %-109.13   -1.9
  13.39 -.004477 %-109.15   -1.8
  13.40 -.004478 %-109.17   -1.8
  13.41 -.004479 %-109.21   -1.8
  13.42 -.004480 %-109.21   -1.7
  13.43 -.004481 %-109.23   -1.7
  13.44 -.004481 %-109.25   -1.7
  13.45 -.004483 %-109.29   -1.7
  13.46 -.004483 %-109.30   -1.7
  13.48 -.004483 %-109.30   -1.6
  13.49 -.004485 %-109.34   -1.6
  13.50 -.004485 %-109.35   -1.6
  13.51 -.004486 %-109.36   -1.6
  13.52 -.004487 %-109.38   -1.5
  13.53 -.004487 %-109.40   -1.5
  13.54 -.004488 %-109.42   -1.5
  13.55 -.004488 %-109.43   -1.4
  13.57 -.004489 %-109.44   -1.4
  13.58 -.004490 %-109.45   -1.3
  13.59 -.004491 %-109.48   -1.3
  13.60 -.004491 %-109.49   -1.3
  13.61 -.004492 %-109.51   -1.3
  13.62 -.004493 %-109.52   -1.3
  13.63 -.004493 %-109.54   -1.3
  13.65 -.004493 %-109.55   -1.3
  13.66 -.004494 %-109.57   -1.3
  13.67 -.004495 %-109.58   -1.3
  13.68 -.004495 %-109.59   -1.2
  13.69 -.004496 %-109.61   -1.2
  13.70 -.004496 %-109.61   -1.2
  13.71 -.004496 %-109.62   -1.1
  13.72 -.004497 %-109.63   -1.0
  13.73 -.004497 %-109.64   -0.9
  13.75 -.004498 %-109.66   -0.9
  13.76 -.004498 %-109.66   -0.9
  13.77 -.004499 %-109.68   -0.9
  13.78 -.004499 %-109.69   -0.9
  13.79 -.004500 %-109.70   -0.9
  13.80 -.004500 %-109.70   -0.9
  13.81 -.004500 %-109.72   -0.9
  13.82 -.004501 %-109.74   -0.9
  13.84 -.004502 %-109.75   -0.9
  13.85 -.004502 %-109.76   -0.9
  13.86 -.004502 %-109.76   -0.9
  13.87 -.004503 %-109.77   -0.9
  13.88 -.004503 %-109.79   -0.9
  13.89 -.004503 %-109.79   -0.9
  13.90 -.004503 %-109.79   -0.8
  13.91 -.004504 %-109.82   -0.8
  13.93 -.004505 %-109.83   -0.9
  13.94 -.004506 %-109.85   -0.9
  13.95 -.004506 %-109.85   -0.9
  13.96 -.004506 %-109.86   -0.9
  13.97 -.004507 %-109.87   -0.9
  13.98 -.004507 %-109.88   -1.0
  13.99 -.004508 %-109.89   -0.9
  14.01 -.004508 %-109.90   -0.9
  14.02 -.004508 %-109.90   -0.9
  14.03 -.004509 %-109.92   -0.9
  14.04 -.004509 %-109.93   -0.8
  14.05 -.004510 %-109.95   -0.8
  14.06 -.004510 %-109.94   -0.8
  14.07 -.004510 %-109.96   -0.8
  14.08 -.004511 %-109.96   -0.8
  14.09 -.004511 %-109.97   -0.8
  14.11 -.004511 %-109.98   -0.7
  14.12 -.004512 %-109.99   -0.7
  14.13 -.004512 %-110.00   -0.7
  14.14 -.004512 %-110.00   -0.7
  14.15 -.004513 %-110.02   -0.7
  14.16 -.004513 %-110.02   -0.7
  14.17 -.004513 %-110.03   -0.7
  14.18 -.004514 %-110.04   -0.7
  14.20 -.004514 %-110.04   -0.7
  14.21 -.004514 %-110.04   -0.6
  14.22 -.004514 %-110.05   -0.6
  14.23 -.004515 %-110.06   -0.6
  14.24 -.004515 %-110.07   -0.6
  14.25 -.004515 %-110.06   -0.5
  14.26 -.004515 %-110.07   -0.5
  14.27 -.004515 %-110.07   -0.4
  14.29 -.004515 %-110.06   -0.4
  14.30 -.004515 %-110.08   -0.3
  14.31 -.004515 %-110.08   -0.3
  14.32 -.004515 %-110.07   -0.2
  14.33 -.004515 %-110.08   -0.2
  14.34 -.004515 %-110.08   -0.1
  14.35 -.004515 %-110.08   -0.1
  14.36 -.004515 %-110.08   -0.1
  14.38 -.004516 %-110.09   -0.1
  14.39 -.004516 %-110.09   -0.1
  14.40 -.004516 %-110.09   -0.1
  14.41 -.004515 %-110.08   -0.1
  14.42 -.004516 %-110.09   -0.1
  14.43 -.004516 %-110.10   -0.2
  14.44 -.004516 %-110.09   -0.2
  14.46 -.004516 %-110.10   -0.1
  14.47 -.004516 %-110.10   -0.1
  14.48 -.004516 %-110.09   -0.1
  14.49 -.004516 %-110.11   -0.1
  14.50 -.004516 %-110.11   -0.1
  14.51 -.004517 %-110.12   -0.2
  14.52 -.004517 %-110.11   -0.2
  14.53 -.004516 %-110.11   -0.2
  14.55 -.004517 %-110.12   -0.2
  14.56 -.004517 %-110.12   -0.2
  14.57 -.004517 %-110.12   -0.2
  14.58 -.004517 %-110.12   -0.2
  14.59 -.004518 %-110.13   -0.2
  14.60 -.004518 %-110.16   -0.3
  14.61 -.004518 %-110.15   -0.3
  14.62 -.004519 %-110.17   -0.4
  14.63 -.004518 %-110.15   -0.4
  14.65 -.004518 %-110.16   -0.4
  14.66 -.004519 %-110.17   -0.4
  14.67 -.004519 %-110.16   -0.4
  14.68 -.004518 %-110.15   -0.3
  14.69 -.004519 %-110.16   -0.3
  14.70 -.004490 %-109.46    2.0
  14.71 -.004317 %-105.24   17.2
  14.72 -.004194 %-102.25   39.0
  14.74 -.004011 -97.78   70.3
  14.75 -.003869 -94.32  105.4
  14.76 -.003717 -90.62  143.1
  14.77 -.003560 -86.80  181.7
  14.78 -.003393 -82.71  219.7
  14.79 -.003248 -79.19  253.1
  14.80 -.002990 -72.90  288.5
  14.82 -.002664 -64.95  327.7
  14.83 -.002454 -59.84  357.1
  14.84 -.002223 -54.20  378.0
  14.85 -.001999 -48.73  400.2
  14.86 -.001782 -43.45  417.8
  14.87 -.001572 -38.32  434.5
  14.88 -.001366 -33.31  445.9
  14.89 -.001167 -28.45  451.3
  14.90 -.000971 -23.68  450.4
  14.92 -.000782 -19.05  443.1
  14.93 -.000598 -14.57  426.6
  14.94 -.000419 -10.21  410.2
  14.95 -.000250  -6.10  400.5
  14.96 -.000088  -2.15  388.5
  14.97 0.000052   1.27  375.3
  14.98 0.000197   4.81  361.8
  14.99 0.000331   8.08  347.6
  15.01 0.000455  11.10  332.5
  15.02 0.000567  13.83  316.3
  15.03 0.000668  16.30  299.1
  15.04 0.000756  18.42  280.6
  15.05 0.000830  20.23  260.9
  15.06 0.000901  21.98  240.9
  15.07 0.000972  23.71  221.7
  15.08 0.001047  25.52  204.1
  15.10 0.001127  27.49  189.2
  15.11 0.001219  29.73  177.2
  15.12 0.001315  32.07  169.4
  15.13 0.001414  34.48  165.8
  15.14 0.001516  36.97  166.2
  15.15 0.001619  39.48  169.8
  15.16 0.001719  41.91  175.5
  15.17 0.001816  44.29  182.1
  15.19 0.001911  46.61  187.8
  15.20 0.002003  48.85  191.9
  15.21 0.002091  51.00  193.9
  15.22 0.002176  53.07  193.6
  15.23 0.002259  55.07  191.1
  15.24 0.002338  57.02  187.3
  15.25 0.002415  58.90  182.4
  15.26 0.002490  60.71  176.9
  15.28 0.002561  62.45  171.2
  15.29 0.002629  64.12  165.4
  15.30 0.002695  65.73  159.6
  15.31 0.002758  67.26  153.9
  15.32 0.002820  68.76  148.3
  15.33 0.002879  70.20  143.0
  15.34 0.002935  71.59  137.8
  15.35 0.002991  72.93  132.7
  15.37 0.003043  74.20  127.7
  15.38 0.003094  75.45  123.0
  15.39 0.003142  76.62  118.4
  15.40 0.003189  77.76  114.0
  15.41 0.003233  78.85  109.7
  15.42 0.003276  79.89  105.5
  15.43 0.003317  80.90  101.5
  15.44 0.003357  81.88   97.5
  15.46 0.003396  82.82   93.8
  15.47 0.003434  83.75   90.2
  15.48 0.003469  84.61   86.8
  15.49 0.003504  85.46   83.6
  15.50 0.003537  86.27   80.5
  15.51 0.003569  87.04   77.5
  15.52 0.003600  87.79   74.7
  15.53 0.003630  88.51   72.0
  15.55 0.003658  89.20   69.3
  15.56 0.003686  89.89   66.8
  15.57 0.003713  90.54   64.3
  15.58 0.003739  91.19   62.0
  15.59 0.003764  91.80   59.8
  15.60 0.003788  92.39   57.8
  15.61 0.003812  92.96   55.8
  15.62 0.003834  93.51   53.9
  15.64 0.003856  94.03   52.1
  15.65 0.003877  94.55   50.4
  15.66 0.003896  95.02   48.6
  15.67 0.003916  95.50   46.9
  15.68 0.003934  95.93   45.1
  15.69 0.003951  96.36   43.3
  15.70 0.003969  96.79   41.6
  15.71 0.003986  97.21   40.1
  15.73 0.004002  97.60   38.7
  15.74 0.004017  97.98   37.2
  15.75 0.004032  98.33   35.9
  15.76 0.004047  98.69   34.6
  15.77 0.004061  99.04   33.4
  15.78 0.004075  99.38   32.4
  15.79 0.004088  99.69   31.3
  15.80 0.004101 100.01   30.3
  15.82 0.004113 100.32   29.3
  15.83 0.004125 100.61   28.3
  15.84 0.004136 100.88   27.4
  15.85 0.004147 101.14   26.5
  15.86 0.004157 101.38   25.5
  15.87 0.004167 101.62   24.6
  15.88 0.004178 101.88   23.7
  15.89 0.004187 102.12   22.8
  15.91 0.004198 102.38   22.1
  15.92 0.004207 102.61   21.5
  15.93 0.004217 102.83   20.9
  15.94 0.004225 103.03   20.2
  15.95 0.004233 103.22   19.7
  15.96 0.004241 103.43   19.2
  15.97 0.004249 103.61   18.6
  15.98 0.004256 103.79   18.0
  16.00 0.004263 103.96   17.4
  16.01 0.004270 104.14   16.7
  16.02 0.004276 104.29   16.1
  16.03 0.004283 104.45   15.4
  16.04 0.004289 104.61   14.8
  16.05 0.004295 104.75   14.3
  16.06 0.004301 104.89   13.9
  16.07 0.004307 105.04   13.4
  16.08 0.004313 105.17   13.0
  16.10 0.004317 105.29   12.5
  16.11 0.004322 105.40   12.1
  16.12 0.004325 105.49   11.5
  16.13 0.004331 105.63   11.1
  16.14 0.004336 105.76   10.7
  16.15 0.004342 105.89   10.5
  16.16 0.004347 106.01   10.2
  16.18 0.004353 106.16   10.2
  16.19 0.004358 106.27   10.1
  16.20 0.004362 106.39   10.1
  16.21 0.004367 106.49   10.1
  16.22 0.004370 106.58   10.0
  16.23 0.004375 106.70    9.9
  16.24 0.004380 106.81    9.8
  16.25 0.004384 106.92    9.5
  16.27 0.004388 107.01    9.3
  16.28 0.004392 107.12    9.0
  16.29 0.004396 107.21    8.8
  16.30 0.004400 107.30    8.6
  16.31 0.004403 107.38    8.4
  16.32 0.004406 107.46    8.2
  16.33 0.004410 107.56    8.0
  16.34 0.004414 107.64    7.8
  16.35 0.004418 107.73    7.6
  16.37 0.004420 107.81    7.4
  16.38 0.004424 107.88    7.2
  16.39 0.004426 107.93    6.9
  16.40 0.004429 108.01    6.7
  16.41 0.004432 108.08    6.5
  16.42 0.004434 108.14    6.3
  16.43 0.004438 108.23    6.2
  16.45 0.004441 108.31    6.1
  16.46 0.004444 108.38    6.0
  16.47 0.004446 108.44    5.9
  16.48 0.004449 108.51    5.8
  16.49 0.004451 108.55    5.7
  16.50 0.004453 108.60    5.6
  16.51 0.004455 108.65    5.5
  16.52 0.004457 108.70    5.2
  16.54 0.004459 108.75    5.0
  16.55 0.004462 108.81    4.7
  16.56 0.004464 108.88    4.6
  16.57 0.004467 108.93    4.5
  16.58 0.004469 109.00    4.5
  16.59 0.004472 109.06    4.6
  16.60 0.004474 109.11    4.6
  16.61 0.004477 109.19    4.8
  16.63 0.004479 109.23    4.8
  16.64 0.004481 109.28    4.9
  16.65 0.004483 109.32    4.8
  16.66 0.004485 109.37    4.7
  16.67 0.004487 109.43    4.6
  16.68 0.004488 109.46    4.4
  16.69 0.004490 109.51    4.2
  16.70 0.004492 109.55    4.1
  16.71 0.004493 109.58    3.9
  16.73 0.004497 109.67    3.8
  16.74 0.004499 109.73    3.9
  16.75 0.004502 109.78    4.0
  16.76 0.004504 109.84    4.1
  16.77 0.004506 109.88    4.2
  16.78 0.004509 109.97    4.4
  16.79 0.004511 110.01    4.5
  16.81 0.004513 110.08    4.7
  16.82 0.004515 110.11    4.7
  16.83 0.004518 110.17    4.8
  16.84 0.004519 110.22    4.7
  16.85 0.004521 110.25    4.5
  16.86 0.004522 110.29    4.3
  16.87 0.004525 110.35    4.2
  16.88 0.004527 110.40    4.1
  16.90 0.004528 110.43    4.0
  16.91 0.004530 110.47    3.8
  16.92 0.004530 110.49    3.6
  16.93 0.004531 110.50    3.4
  16.94 0.004534 110.57    3.3
  16.95 0.004536 110.62    3.2
  16.96 0.004537 110.66    3.2
  16.97 0.004539 110.70    3.2
  16.98 0.004541 110.75    3.2
  17.00 0.004543 110.79    3.2
  17.01 0.004544 110.82    3.3
  17.02 0.004546 110.86    3.3
  17.03 0.004548 110.91    3.4
  17.04 0.004549 110.95    3.5
  17.05 0.004551 110.98    3.5
  17.06 0.004552 111.01    3.3
  17.08 0.004553 111.05    3.2
  17.09 0.004555 111.09    3.2
  17.10 0.004555 111.08    3.0
  17.11 0.004556 111.11    2.8
  17.12 0.004558 111.16    2.7
  17.13 0.004560 111.20    2.7
  17.14 0.004562 111.25    2.6
  17.15 0.004563 111.28    2.6
  17.17 0.004564 111.32    2.7
  17.18 0.004566 111.35    2.8
  17.19 0.004566 111.36    2.7
  17.20 0.004567 111.39    2.7
  17.21 0.004569 111.43    2.7
  17.22 0.004570 111.46    2.8
  17.23 0.004572 111.49    2.7
  17.24 0.004573 111.53    2.6
  17.25 0.004574 111.55    2.5
  17.27 0.004575 111.58    2.5
  17.28 0.004576 111.61    2.5
  17.29 0.004578 111.65    2.5
  17.30 0.004579 111.68    2.5
  17.31 0.004580 111.71    2.6
  17.32 0.004582 111.75    2.6
  17.33 0.004584 111.80    2.7
  17.35 0.004585 111.81    2.7
  17.36 0.004586 111.84    2.7
  17.37 0.004587 111.88    2.7
  17.38 0.004588 111.89    2.7
  17.39 0.004589 111.93    2.6
  17.40 0.004590 111.94    2.5
  17.41 0.004591 111.97    2.4
  17.42 0.004592 111.98    2.3
  17.44 0.004593 112.01    2.1
  17.45 0.004594 112.04    2.0
  17.46 0.004595 112.06    2.0
  17.47 0.004596 112.08    2.0
  17.48 0.004597 112.11    1.9
  17.49 0.004598 112.14    2.0
  17.50 0.004599 112.17    2.0
  17.51 0.004600 112.18    2.0
  17.52 0.004601 112.21    2.0
  17.54 0.004601 112.21    2.0
  17.55 0.004602 112.24    1.9
  17.56 0.004603 112.26    1.9
  17.57 0.004604 112.28    1.8
  17.58 0.004605 112.32    1.8
  17.59 0.004607 112.37    1.9
  17.60 0.004608 112.37    1.9
  17.62 0.004609 112.40    1.9
  17.63 0.004610 112.42    2.0
  17.64 0.004611 112.46    2.1
  17.65 0.004611 112.46    2.1
  17.66 0.004612 112.49    2.1
  17.67 0.004614 112.52    2.1
  17.68 0.004615 112.56    2.1
  17.69 0.004616 112.57    2.1
  17.71 0.004617 112.60    2.1
  17.72 0.004618 112.63    2.0
  17.73 0.004619 112.64    2.1
  17.74 0.004620 112.66    2.0
  17.75 0.004621 112.70    2.0
  17.76 0.004621 112.70    2.0
  17.77 0.004621 112.70    1.9
  17.78 0.004622 112.72    1.7
  17.79 0.004621 112.71    1.4
  17.81 0.004623 112.74    1.3
  17.82 0.004625 112.79    1.3
  17.83 0.004625 112.79    1.3
  17.84 0.004626 112.83    1.3
  17.85 0.004627 112.85    1.4
  17.86 0.004628 112.87    1.5
  17.87 0.004628 112.86    1.5
  17.89 0.004627 112.83    1.4
  17.90 0.004626 112.82    1.2
  17.91 0.004625 112.80    0.9
  17.92 0.004626 112.82    0.7
  17.93 0.004626 112.81    0.3
  17.94 0.004627 112.83    0.1
  17.95 0.004628 112.87    0.1
  17.96 0.004628 112.87    0.1
  17.98 0.004616 112.57   -0.8
  17.99 0.004552 111.01   -6.4
  18.00 0.004464 108.86  -17.7
  18.01 0.004405 107.42  -31.2
  18.02 0.004339 105.81  -46.7
  18.03 0.004196 102.32  -69.3
  18.04 0.004023  98.11  -99.3
  18.05 0.003879  94.60 -131.8
  18.06 0.003733  91.05 -165.1
  18.08 0.003598  87.74 -196.2
  18.09 0.003465  84.50 -223.1
  18.10 0.003333  81.28 -243.8
  18.11 0.003205  78.16 -257.4
  18.12 0.003078  75.06 -266.9
  18.13 0.002954  72.03 -273.2
  18.14 0.002833  69.08 -273.2
  18.16 0.002715  66.20 -266.2
  18.17 0.002597  63.33 -258.6
  18.18 0.002483  60.55 -253.1
  18.19 0.002371  57.82 -247.7
  18.20 0.002261  55.14 -243.0
  18.21 0.002153  52.50 -238.3
  18.22 0.002047  49.92 -233.6
  18.23 0.001944  47.40 -229.0
  18.25 0.001844  44.95 -224.4
  18.26 0.001744  42.53 -219.9
  18.27 0.001647  40.17 -215.5
  18.28 0.001553  37.86 -211.1
  18.29 0.001460  35.61 -206.7
  18.30 0.001370  33.40 -202.4
  18.31 0.001281  31.25 -198.0
  18.32 0.001196  29.15 -193.7
  18.33 0.001112  27.11 -189.3
  18.35 0.001031  25.15 -184.9
  18.36 0.000953  23.23 -180.4
  18.37 0.000881  21.48 -175.6
  18.38 0.000814  19.85 -170.1
  18.39 0.000753  18.35 -164.1
  18.40 0.000696  16.98 -157.2
  18.41 0.000645  15.74 -149.6
  18.43 0.000597  14.57 -141.5
  18.44 0.000550  13.42 -133.1
  18.45 0.000505  12.31 -124.7
  18.46 0.000459  11.20 -116.9
  18.47 0.000413  10.06 -109.9
  18.48 0.000365   8.91 -104.1
  18.49 0.000317   7.74  -99.8
  18.50 0.000268   6.54  -96.9
  18.52 0.000218   5.32  -95.4
  18.53 0.000167   4.07  -95.1
  18.54 0.000115   2.81  -95.7
  18.55 0.000064   1.57  -96.7
  18.56 0.000012   0.30  -97.9
  18.57 -.000040  -0.98  -99.3
  18.58 -.000093  -2.26 -100.6
  18.59 -.000146  -3.55 -101.8
  18.61 -.000198  -4.83 -102.7
  18.62 -.000250  -6.10 -103.5
  18.63 -.000302  -7.36 -103.9
  18.64 -.000354  -8.63 -104.2
  18.65 -.000405  -9.88 -104.3
  18.66 -.000456 -11.12 -104.2
  18.67 -.000507 -12.35 -104.0
  18.68 -.000556 -13.56 -103.5
  18.70 -.000606 -14.77 -102.9
  18.71 -.000655 -15.96 -102.2
  18.72 -.000703 -17.14 -101.4
  18.73 -.000751 -18.31 -100.6
  18.74 -.000797 -19.43  -99.6
  18.75 -.000844 -20.57  -98.5
  18.76 -.000890 -21.69  -97.4
  18.77 -.000935 -22.79  -96.3
  18.79 -.000979 -23.88  -95.1
  18.80 -.001022 -24.93  -93.9
  18.81 -.001066 -25.98  -92.6
  18.82 -.001108 -27.02  -91.3
  18.83 -.001150 -28.03  -90.0
  18.84 -.001191 -29.04  -88.7
  18.85 -.001232 -30.03  -87.4
  18.86 -.001272 -31.01  -86.2
  18.88 -.001311 -31.96  -84.9
  18.89 -.001350 -32.91  -83.6
  18.90 -.001388 -33.83  -82.3
  18.91 -.001425 -34.75  -81.1
  18.92 -.001462 -35.64  -79.9
  18.93 -.001498 -36.53  -78.6
  18.94 -.001534 -37.41  -77.4
  18.95 -.001569 -38.25  -76.2
  18.96 -.001603 -39.09  -74.9
  18.98 -.001637 -39.92  -73.7
  18.99 -.001671 -40.75  -72.6
  19.00 -.001704 -41.54  -71.4
  19.01 -.001735 -42.31  -70.2
  19.02 -.001768 -43.11  -69.0
  19.03 -.001799 -43.86  -67.9
  19.04 -.001830 -44.62  -66.8
  19.05 -.001860 -45.35  -65.7
  19.07 -.001890 -46.07  -64.7
  19.08 -.001919 -46.78  -63.6
  19.09 -.001948 -47.49  -62.6
  19.10 -.001976 -48.18  -61.5
  19.11 -.002004 -48.86  -60.5
  19.12 -.002031 -49.52  -59.5
  19.13 -.002058 -50.17  -58.5
  19.15 -.002084 -50.81  -57.5
  19.16 -.002110 -51.45  -56.5
  19.17 -.002136 -52.07  -55.6
  19.18 -.002161 -52.68  -54.6
  19.19 -.002185 -53.28  -53.7
  19.20 -.002210 -53.88  -52.8
  19.21 -.002233 -54.45  -51.9
  19.22 -.002256 -55.02  -51.0
  19.23 -.002280 -55.58  -50.1
  19.25 -.002302 -56.13  -49.3
  19.26 -.002325 -56.69  -48.5
  19.27 -.002347 -57.22  -47.7
  19.28 -.002368 -57.75  -46.9
  19.29 -.002390 -58.28  -46.2
  19.30 -.002412 -58.80  -45.5
  19.31 -.002432 -59.29  -44.8
  19.32 -.002452 -59.78  -44.1
  19.34 -.002472 -60.28  -43.5
  19.35 -.002492 -60.75  -42.8
  19.36 -.002511 -61.21  -42.0
  19.37 -.002531 -61.70  -41.4
  19.38 -.002550 -62.16  -40.7
  19.39 -.002568 -62.60  -40.1
  19.40 -.002586 -63.05  -39.5
  19.41 -.002604 -63.49  -38.8
  19.43 -.002621 -63.91  -38.2
  19.44 -.002639 -64.34  -37.6
  19.45 -.002656 -64.76  -37.1
  19.46 -.002673 -65.18  -36.5
  19.47 -.002690 -65.58  -36.0
  19.48 -.002706 -65.97  -35.4
  19.49 -.002722 -66.36  -34.8
  19.50 -.002738 -66.76  -34.2
  19.52 -.002754 -67.13  -33.7
  19.53 -.002769 -67.51  -33.2
  19.54 -.002784 -67.87  -32.7
  19.55 -.002799 -68.23  -32.2
  19.56 -.002813 -68.59  -31.6
  19.57 -.002827 -68.93  -31.1
  19.58 -.002843 -69.30  -30.7
  19.59 -.002856 -69.64  -30.2
  19.61 -.002869 -69.94  -29.7
  19.62 -.002883 -70.29  -29.3
  19.63 -.002896 -70.60  -28.7
  19.64 -.002909 -70.92  -28.3
  19.65 -.002922 -71.24  -27.8
  19.66 -.002935 -71.55  -27.4
  19.67 -.002948 -71.86  -27.0
  19.68 -.002959 -72.15  -26.5
  19.70 -.002971 -72.44  -26.1
  19.71 -.002984 -72.75  -25.7
  19.72 -.002995 -73.03  -25.4
  19.73 -.003007 -73.32  -25.1
  19.74 -.003018 -73.58  -24.6
  19.75 -.003030 -73.87  -24.3
  19.76 -.003041 -74.15  -24.0
  19.77 -.003052 -74.40  -23.6
  19.78 -.003062 -74.66  -23.2
  19.80 -.003073 -74.92  -22.9
  19.81 -.003084 -75.18  -22.6
  19.82 -.003094 -75.43  -22.2
  19.83 -.003104 -75.68  -21.8
  19.84 -.003115 -75.93  -21.6
  19.85 -.003124 -76.17  -21.3
  19.86 -.003134 -76.40  -21.0
  19.87 -.003144 -76.64  -20.6
  19.89 -.003153 -76.88  -20.4
  19.90 -.003163 -77.10  -20.1
  19.91 -.003172 -77.32  -19.8
  19.92 -.003181 -77.55  -19.6
  19.93 -.003190 -77.77  -19.3
  19.94 -.003198 -77.98  -19.0
  19.95 -.003207 -78.19  -18.7
  19.96 -.003216 -78.42  -18.4
  19.98 -.003225 -78.62  -18.2
  19.99 -.003233 -78.81  -18.0
  20.00 -.003241 -79.02  -17.7
  20.01 -.003250 -79.23  -17.5
  20.02 -.003257 -79.41  -17.2
  20.03 -.003265 -79.61  -17.0
  20.04 -.003274 -79.81  -16.8
  20.06 -.003281 -79.99  -16.6
  20.07 -.003288 -80.16  -16.3
  20.08 -.003296 -80.36  -16.1
  20.09 -.003303 -80.52  -15.8
  20.10 -.003311 -80.71  -15.6
  20.11 -.003317 -80.88  -15.4
  20.12 -.003325 -81.06  -15.2
  20.13 -.003332 -81.23  -14.9
  20.14 -.003338 -81.39  -14.8
  20.16 -.003345 -81.56  -14.5
  20.17 -.003352 -81.72  -14.3
  20.18 -.003358 -81.88  -14.1
  20.19 -.003365 -82.05  -14.0
  20.20 -.003371 -82.20  -13.8
  20.21 -.003378 -82.36  -13.6
  20.22 -.003384 -82.50  -13.4
  20.23 -.003390 -82.66  -13.2
  20.25 -.003397 -82.81  -13.0
  20.26 -.003402 -82.95  -12.9
  20.27 -.003408 -83.09  -12.7
  20.28 -.003414 -83.22  -12.5
  20.29 -.003420 -83.38  -12.3
  20.30 -.003425 -83.51  -12.1
  20.31 -.003431 -83.65  -11.9
  20.32 -.003437 -83.78  -11.8
  20.34 -.003442 -83.92  -11.6
  20.35 -.003447 -84.04  -11.5
  20.36 -.003452 -84.17  -11.3
  20.37 -.003458 -84.31  -11.2
  20.38 -.003463 -84.42  -11.0
  20.39 -.003468 -84.55  -10.9
  20.40 -.003473 -84.67  -10.7
  20.41 -.003478 -84.79  -10.5
  20.43 -.003483 -84.91  -10.4
  20.44 -.003488 -85.03  -10.3
  20.45 -.003492 -85.14  -10.1
  20.46 -.003497 -85.26  -10.0
  20.47 -.003502 -85.37   -9.9
