Datos generados por TERE.BAS el 06-11-2007
 t[min] T[§C] V[§C/min]
   0.00 -.001273 -31.05  -97.9
   0.01 -.001305 -31.82 -180.5
   0.02 -.001262 -30.76 -241.4
   0.03 -.001268 -30.91 -285.2
   0.05 -.001250 -30.47 -309.9
   0.06 -.001235 -30.11 -316.0
   0.07 -.001249 -30.45 -305.9
   0.08 -.001189 -28.99 -273.7
   0.09 -.001188 -28.96 -224.8
   0.10 -.001179 -28.74 -158.6
   0.11 -.001261 -30.74  -82.2
   0.12 -.001228 -29.93   14.3
   0.13 -.001286 -31.36    7.8
   0.15 -.001256 -30.61    1.0
   0.16 0.001516  36.98  210.5
   0.17 0.007898 192.66  871.7
   0.18 0.011009 268.60 1645.8
   0.19 0.012480 304.51 2363.0
   0.20 0.013254 323.42 2946.7
   0.21 0.013582 331.42 3358.2
   0.22 0.013775 336.16 3578.0
   0.23 0.013787 336.44 3590.2
   0.25 0.013856 338.12 3390.8
   0.26 0.013860 338.21 2983.3
   0.27 0.013868 338.43 2359.9
   0.28 0.013848 337.92 1525.7
   0.29 0.013891 338.98  735.5
   0.30 0.013853 338.04  349.4
   0.31 0.013895 339.08  166.2
   0.32 0.013931 339.95   79.2
   0.33 0.013953 340.51   44.1
   0.34 0.013952 340.47   29.0
   0.36 0.013930 339.94   24.6
   0.37 0.013904 339.29   17.1
   0.38 0.013844 337.84    9.6
   0.39 0.007646 186.50 -474.7
   0.40 0.003040  74.13 %-1225.5
   0.41 0.000901  21.97 %-1991.3
   0.42 -.000224  -5.47 %-2658.4
   0.43 -.000748 -18.24 %-3171.7
   0.44 -.001061 -25.86 %-3501.0
   0.46 -.001114 -27.17 %-3621.9
   0.47 -.001207 -29.43 %-3537.3
   0.48 -.001130 -27.56 %-3234.8
   0.49 -.001183 -28.84 %-2727.3
   0.50 -.001230 -29.99 %-2014.4
   0.51 -.001248 -30.44 %-1096.5
   0.52 -.001229 -29.96 -530.1
   0.53 -.001238 -30.19 -259.0
   0.54 -.001234 -30.09 -122.3
   0.56 -.001221 -29.77  -56.9
   0.57 -.001241 -30.26  -26.7
   0.58 -.001267 -30.89  -20.1
   0.59 -.001273 -31.04  -15.9
   0.60 -.001328 -32.39  -22.2
   0.61 -.000842 -20.54   17.5
   0.62 0.006576 160.40  619.1
   0.63 0.010297 251.22 1394.3
   0.64 0.012094 295.10 2145.0
   0.66 0.012988 316.92 2779.6
   0.67 0.013403 327.07 3246.5
   0.68 0.013681 333.85 3530.3
   0.69 0.013777 336.19 3613.9
   0.70 0.013815 337.12 3488.8
   0.71 0.013835 337.62 3152.3
   0.72 0.013776 336.16 2599.3
   0.73 0.013744 335.38 1828.2
   0.74 0.013760 335.78  891.7
   0.76 0.013833 337.56  430.8
   0.77 0.013793 336.60  203.9
   0.78 0.013861 338.26   96.8
   0.79 0.013852 338.03   45.6
   0.80 0.013891 338.97   23.0
   0.81 0.013914 339.55   20.8
   0.82 0.013969 340.88   28.1
   0.83 0.013947 340.36   34.7
   0.84 0.008606 209.94 -370.2
   0.86 0.003517  85.78 %-1098.8
   0.87 0.001064  25.96 %-1875.4
   0.88 -.000094  -2.28 %-2562.2
   0.89 -.000673 -16.41 %-3093.0
   0.90 -.000991 -24.16 %-3448.9
   0.91 -.001200 -29.27 %-3607.8
   0.92 -.001278 -31.16 %-3562.9
   0.93 -.001401 -34.16 %-3312.1
   0.94 -.001357 -33.08 %-2841.8
   0.96 -.001431 -34.88 %-2158.6
   0.97 -.001397 -34.06 %-1259.2
   0.98 -.001403 -34.22 -631.8
   0.99 -.001364 -33.27 -324.1
   1.00 -.001391 -33.93 -173.2
   1.01 -.001313 -32.02  -87.2
   1.02 -.001330 -32.42  -38.1
   1.03 -.001298 -31.65   -6.3
   1.04 -.001353 -32.99    6.5
   1.06 -.001381 -33.66   12.3
   1.07 -.001387 -33.82    7.9
   1.08 0.005806 141.61  560.6
   1.09 0.009888 241.22 1320.6
   1.10 0.011813 288.23 2073.5
   1.11 0.012741 310.89 2712.5
   1.12 0.013262 323.61 3197.3
   1.13 0.013476 328.83 3491.5
   1.15 0.013645 332.98 3597.8
   1.16 0.013704 334.42 3497.9
   1.17 0.013780 336.28 3196.3
   1.18 0.013805 336.87 2680.7
   1.19 0.013884 338.81 1956.5
   1.20 0.013845 337.85 1015.2
   1.21 0.013917 339.62  520.2
   1.22 0.013899 339.19  281.6
   1.23 0.013869 338.44  159.7
   1.25 0.013836 337.63   90.8
   1.26 0.013902 339.26   59.2
   1.27 0.013882 338.77   36.6
   1.28 0.013918 339.64   26.4
   1.29 0.013933 340.01   18.9
   1.30 0.008956 218.49 -368.0
   1.31 0.003725  90.84 %-1087.9
   1.32 0.001181  28.80 %-1855.0
   1.33 -.000018  -0.44 %-2540.2
   1.35 -.000636 -15.51 %-3072.4
   1.36 -.000960 -23.42 %-3427.5
   1.37 -.001107 -26.98 %-3588.6
   1.38 -.001147 -27.96 %-3546.4
   1.39 -.001179 -28.74 %-3290.8
   1.40 -.001264 -30.83 %-2832.7
   1.41 -.001195 -29.14 %-2154.1
   1.42 -.001178 -28.73 %-1261.3
   1.44 -.001227 -29.93 -613.8
   1.45 -.001246 -30.39 -301.0
   1.46 -.001279 -31.19 -152.6
   1.47 -.001275 -31.09  -78.4
   1.48 -.001332 -32.49  -47.1
   1.49 -.001268 -30.92  -30.7
   1.50 -.001330 -32.42  -28.0
   1.51 -.001332 -32.48  -26.1
   1.52 -.001130 -27.54   -8.9
   1.54 0.006334 154.50  574.0
   1.55 0.010264 250.41 1359.4
   1.56 0.012107 295.40 2128.0
   1.57 0.013002 317.26 2775.1
   1.58 0.013388 326.68 3251.1
   1.59 0.013648 333.04 3539.5
   1.60 0.013689 334.05 3622.5
   1.61 0.013744 335.40 3495.2
   1.63 0.013702 334.37 3159.6
   1.64 0.013756 335.68 2613.1
   1.65 0.013735 335.16 1853.5
   1.66 0.013777 336.19  904.9
   1.67 0.013772 336.06  425.7
   1.68 0.013768 335.98  199.7
   1.69 0.013719 334.78   88.6
   1.70 0.013766 335.93   39.9
   1.72 0.013799 336.74   18.2
   1.73 0.013799 336.72   14.4
   1.74 0.013791 336.53   11.6
   1.75 0.013801 336.78   13.3
   1.76 0.007574 184.75 -469.2
   1.77 0.002987  72.84 %-1213.9
   1.78 0.000822  20.05 %-1976.4
   1.79 -.000245  -5.97 %-2636.4
   1.81 -.000711 -17.34 %-3136.5
   1.82 -.001002 -24.43 %-3456.7
   1.83 -.001059 -25.81 %-3578.9
   1.84 -.001189 -29.00 %-3500.2
   1.85 -.001200 -29.26 %-3210.1
   1.86 -.001235 -30.12 %-2712.8
   1.87 -.001215 -29.62 %-2004.4
   1.88 -.001242 -30.29 %-1087.1
   1.89 -.001207 -29.42 -523.3
   1.91 -.001209 -29.47 -253.9
   1.92 -.001176 -28.67 -120.1
   1.93 -.001077 -26.27  -47.8
   1.94 -.001080 -26.34   -6.4
   1.95 -.001051 -25.63   15.9
   1.96 -.001096 -26.73   30.3
   1.97 -.001084 -26.42   34.3
   1.98 0.000366   8.93  147.4
   2.00 0.007495 182.82  783.8
   2.01 0.010904 266.03 1562.3
   2.02 0.012492 304.80 2291.2
   2.03 0.013365 326.12 2898.3
   2.04 0.013725 334.92 3329.1
   2.05 0.013947 340.35 3571.1
   2.06 0.014021 342.15 3616.1
   2.07 0.014121 344.60 3457.3
   2.09 0.014130 344.82 3089.2
   2.10 0.014169 345.76 2507.5
   2.11 0.014177 345.96 1713.9
   2.12 0.014399 351.39  855.7
   2.13 0.014384 351.02  448.2
   2.14 0.014348 350.15  251.5
   2.15 0.014358 350.39  151.9
   2.16 0.014332 349.76  103.7
   2.17 0.014384 351.03   78.7
   2.19 0.014340 349.94   61.2
   2.20 0.014360 350.44   46.6
   2.21 0.014174 345.90   21.9
   2.22 0.006650 162.20 -581.9
   2.23 0.002835  69.13 %-1371.1
   2.24 0.000960  23.41 %-2145.2
   2.25 0.000078   1.90 %-2781.8
   2.26 -.000417 -10.16 %-3257.5
   2.28 -.000577 -14.06 %-3541.6
   2.29 -.000716 -17.45 %-3626.7
   2.30 -.000751 -18.32 %-3505.9
   2.31 -.000793 -19.33 %-3172.5
   2.32 -.000855 -20.84 %-2635.5
   2.33 -.000849 -20.69 %-1883.6
   2.34 -.000871 -21.25 -937.6
   2.35 -.000863 -21.05 -465.1
   2.37 -.000904 -22.03 -237.5
   2.38 -.000812 -19.79 -121.0
   2.39 -.000871 -21.24  -64.4
   2.40 -.000883 -21.52  -40.5
   2.41 -.000945 -23.04  -29.3
   2.42 -.000938 -22.87  -25.1
   2.43 -.000972 -23.70  -23.6
   2.44 0.002487  60.64  243.2
   2.46 0.008590 209.55  928.1
   2.47 0.011493 280.41 1704.9
   2.48 0.012871 314.07 2413.2
   2.49 0.013520 329.92 2979.9
   2.50 0.013931 339.96 3373.4
   2.51 0.014056 343.01 3577.2
   2.52 0.014206 346.68 3579.2
   2.53 0.014205 346.64 3369.1
   2.54 0.014275 348.36 2947.6
   2.56 0.014254 347.84 2312.1
   2.57 0.014266 348.14 1461.9
   2.58 0.014236 347.41  710.6
   2.59 0.014301 349.01  354.8
   2.60 0.014312 349.26  184.0
   2.61 0.014362 350.50  103.1
   2.62 0.014374 350.77   61.3
   2.63 0.014358 350.40   43.7
   2.65 0.014449 352.62   38.5
   2.66 0.014373 350.77   35.6
   2.67 0.012300 300.13 -129.4
   2.68 0.005400 131.71 -792.6
   2.69 0.002210  53.90 %-1578.8
   2.70 0.000574  14.00 %-2321.2
   2.71 -.000129  -3.14 %-2928.8
   2.73 -.000547 -13.34 %-3361.6
   2.74 -.000720 -17.56 %-3599.0
   2.75 -.000829 -20.21 %-3629.8
   2.76 -.000781 -19.04 %-3443.2
   2.77 -.000851 -20.74 %-3051.4
   2.78 -.000858 -20.93 %-2439.1
   2.79 -.000891 -21.72 %-1622.0
   2.80 -.000871 -21.24 -778.5
   2.81 -.000890 -21.69 -379.9
   2.83 -.000877 -21.40 -182.4
   2.84 -.000889 -21.69  -91.4
   2.85 -.000909 -22.16  -45.3
   2.86 -.000883 -21.53  -24.3
   2.87 -.000910 -22.18  -16.4
   2.88 -.000891 -21.73  -14.3
   2.89 -.000869 -21.18   -5.3
   2.90 0.004447 108.46  407.5
   2.92 0.009550 232.98 1138.3
   2.93 0.012064 294.37 1914.0
   2.94 0.013175 321.48 2595.9
   2.95 0.013782 336.32 3126.3
   2.96 0.014006 341.79 3469.8
   2.97 0.014209 346.76 3619.6
   2.98 0.014212 346.83 3556.7
   2.99 0.014289 348.70 3290.3
   3.01 0.014248 347.69 2806.1
   3.02 0.014219 347.00 2109.3
   3.03 0.014190 346.28 1200.8
   3.04 0.014215 346.89  566.7
   3.05 0.014186 346.18  257.8
   3.06 0.014177 345.97  112.1
   3.07 0.014114 344.42   33.0
   3.08 0.014069 343.33   -7.4
   3.10 0.014071 343.38  -31.3
   3.11 0.014083 343.66  -36.6
   3.12 0.014042 342.68  -43.1
   3.13 0.010202 248.89 -335.9
   3.14 0.004340 105.86 %-1026.4
   3.15 0.001576  38.43 %-1793.5
   3.16 0.000242   5.90 %-2488.9
   3.17 -.000384  -9.37 %-3035.0
   3.18 -.000740 -18.04 %-3406.8
   3.20 -.000824 -20.09 %-3576.9
   3.21 -.000939 -22.91 %-3551.9
   3.22 -.000931 -22.69 %-3319.6
   3.23 -.001012 -24.68 %-2883.5
   3.24 -.000967 -23.59 %-2231.9
   3.25 -.001044 -25.45 %-1379.2
   3.26 -.001013 -24.69 -662.5
   3.27 -.001054 -25.69 -325.3
   3.29 -.001157 -28.21 -171.9
   3.30 -.001144 -27.90 -100.6
   3.31 -.001162 -28.34  -68.1
   3.32 -.001163 -28.36  -57.2
   3.33 -.001218 -29.69  -52.2
   3.34 -.001216 -29.65  -52.0
   3.35 -.001272 -31.01  -51.5
   3.36 0.005532 134.93  469.7
   3.38 0.009863 240.62 1236.8
