1.4117	0.075878	-0.069800	55223.27	35.13
1.4122	0.075769	-0.069937	55225.66	35.14
1.4128	0.075817	-0.069938	55228.06	35.16
1.4111	0.075759	-0.069948	55229.27	35.12
1.4117	0.075828	-0.069918	55231.67	35.13
1.4122	0.075771	-0.069900	55232.88	35.14
1.4133	0.075754	-0.069936	55234.08	35.17
1.4128	0.075809	-0.069911	55236.48	35.16
1.4128	0.075805	-0.069950	55238.89	35.16
1.4111	0.075835	-0.069914	55240.09	35.12
1.4122	0.075798	-0.069950	55241.30	35.14
1.4128	0.075822	-0.069897	55242.50	35.16
1.4117	0.075812	-0.069859	55243.70	35.13
1.4139	0.075838	-0.069904	55246.11	35.18
1.4150	0.075875	-0.069859	55248.52	35.21
1.4122	0.075824	-0.069821	55249.72	35.14
1.4128	0.075870	-0.069847	55250.92	35.16
1.4133	0.075833	-0.069864	55252.13	35.17
1.4133	0.075864	-0.069846	55253.33	35.17
1.4133	0.075876	-0.069880	55255.73	35.17
1.4144	0.075872	-0.069838	55258.14	35.20
1.4155	0.075837	-0.069906	55259.34	35.22
1.4161	0.075809	-0.069918	55260.55	35.24
1.4155	0.075834	-0.069924	55262.95	35.22
1.4144	0.075844	-0.069848	55265.36	35.20
1.4144	0.075943	-0.069788	55267.77	35.20
1.4155	0.075901	-0.069859	55268.97	35.22
1.4139	0.075929	-0.069851	55270.17	35.18
1.4139	0.075851	-0.069897	55271.38	35.18
1.4155	0.075833	-0.069815	55272.58	35.22
1.4161	0.076378	-0.069356	55274.98	35.24
1.4155	0.076320	-0.069880	55276.19	35.22
1.4166	0.075839	-0.069927	55278.59	35.25
1.4182	0.075803	-0.069929	55279.80	35.29
1.4155	0.075813	-0.069889	55282.20	35.22
1.4166	0.075782	-0.069946	55284.61	35.25
1.4144	0.075812	-0.069886	55287.02	35.20
1.4150	0.075873	-0.069863	55288.22	35.21
1.4161	0.075878	-0.069851	55289.42	35.24
1.4155	0.075888	-0.069791	55290.63	35.22
1.4166	0.075946	-0.069824	55291.83	35.25
1.4166	0.075859	-0.069886	55294.23	35.25
1.4150	0.075855	-0.069837	55296.64	35.21
1.4144	0.075843	-0.069811	55297.84	35.20
1.4161	0.075848	-0.069791	55299.05	35.24
1.4166	0.075906	-0.069853	55301.45	35.25
1.4155	0.075906	-0.069847	55303.86	35.22
1.4155	0.075903	-0.069857	55305.06	35.22
1.4144	0.075858	-0.069914	55306.27	35.20
1.4144	0.075817	-0.069911	55308.67	35.20
1.4150	0.075845	-0.069840	55309.88	35.21
1.4155	0.075875	-0.069832	55311.08	35.22
1.4166	0.075886	-0.069780	55313.48	35.25
1.4150	0.075934	-0.069821	55315.89	35.21
1.4177	0.075983	-0.069782	55318.30	35.28
1.4161	0.075926	-0.069831	55319.50	35.24
1.4161	0.075913	-0.069890	55320.70	35.24
1.4166	0.075956	-0.069823	55323.11	35.25
1.4161	0.075920	-0.069809	55324.31	35.24
1.4155	0.075908	-0.069801	55325.52	35.22
1.4155	0.075903	-0.069808	55326.72	35.22
1.4150	0.075940	-0.069816	55327.92	35.21
1.4150	0.075942	-0.069793	55329.13	35.21
1.4166	0.075974	-0.069848	55330.33	35.25
1.4155	0.075909	-0.069814	55332.73	35.22
1.4155	0.075968	-0.069847	55335.14	35.22
1.4161	0.075924	-0.069773	55336.34	35.24
1.4166	0.075927	-0.069812	55337.55	35.25
1.4166	0.075887	-0.069846	55339.95	35.25
1.4150	0.075854	-0.069826	55342.36	35.21
1.4161	0.075955	-0.069778	55344.77	35.24
1.4166	0.075984	-0.069769	55345.97	35.25
1.4139	0.076014	-0.069737	55347.17	35.18
1.4177	0.076021	-0.070316	55348.38	35.28
1.4139	0.075434	-0.070326	55350.78	35.18
1.4144	0.075373	-0.070297	55351.98	35.20
1.4171	0.075356	-0.070321	55354.39	35.27
1.4171	0.075371	-0.070309	55355.59	35.27
1.4161	0.075467	-0.070205	55356.80	35.24
1.4182	0.075641	-0.070072	55359.20	35.29
1.4199	0.075785	-0.069834	55361.61	35.33
1.4204	0.075958	-0.069772	55364.02	35.35
1.4204	0.076096	-0.069580	55365.22	35.35
1.4221	0.076373	-0.069428	55366.42	35.39
1.4254	0.076663	-0.069211	55368.83	35.47
1.4259	0.076836	-0.069035	55370.03	35.48
1.4303	0.077327	-0.068682	55372.44	35.59
1.4303	0.077370	-0.068543	55373.64	35.59
1.4330	0.077563	-0.068399	55374.84	35.65
1.4363	0.077915	-0.068096	55377.25	35.73
1.4390	0.078127	-0.067275	55378.45	35.80
1.4423	0.079045	-0.066998	55380.86	35.88
1.4472	0.079622	-0.066626	55383.27	36.00
1.4543	0.079892	-0.066319	55385.67	36.18
1.4582	0.080331	-0.066152	55386.88	36.27
1.4609	0.080353	-0.066010	55388.08	36.34
1.4653	0.080790	-0.065640	55390.48	36.44
1.4751	0.080972	-0.065528	55392.89	36.69
1.4757	0.081022	-0.065414	55394.09	36.70
1.4795	0.081164	-0.065455	55395.30	36.79
1.4850	0.081304	-0.065210	55396.50	36.93
1.4855	0.081318	-0.065124	55397.70	36.94
1.4954	0.081447	-0.065053	55400.11	37.18
1.5030	0.081702	-0.065016	55402.52	37.37
1.5079	0.081970	-0.064958	55404.92	37.49
1.5134	0.082038	-0.064776	55406.13	37.62
1.5150	0.082059	-0.064782	55407.33	37.66
1.5233	0.081992	-0.064911	55409.73	37.86
1.5320	0.082220	-0.064851	55412.14	38.08
1.5342	0.082115	-0.064900	55413.34	38.13
1.5402	0.082109	-0.065103	55415.75	38.28
1.5446	0.082114	-0.065194	55416.95	38.39
1.5517	0.082103	-0.065848	55419.36	38.56
1.5583	0.082182	-0.065738	55421.77	38.72
1.5610	0.081643	-0.065149	55422.97	38.79
1.5665	0.082143	-0.065267	55424.17	38.92
1.5670	0.081877	-0.065278	55425.38	38.93
1.5719	0.082002	-0.065429	55426.58	39.06
1.5796	0.081826	-0.065367	55428.98	39.24
1.5889	0.081910	-0.065513	55431.39	39.47
1.5911	0.081984	-0.065488	55432.59	39.52
1.5944	0.081938	-0.065497	55433.80	39.60
1.5998	0.081728	-0.065798	55436.20	39.74
1.6075	0.081693	-0.065691	55438.61	39.92
1.6124	0.081403	-0.065951	55441.02	40.04
1.6157	0.081517	-0.065896	55442.22	40.12
1.6201	0.081506	-0.065896	55443.42	40.23
1.6228	0.081476	-0.066036	55444.63	40.30
1.6261	0.081509	-0.066052	55445.83	40.38
1.6332	0.081310	-0.066111	55448.23	40.55
1.6370	0.081356	-0.066178	55450.64	40.65
1.6392	0.081273	-0.066254	55451.84	40.70
1.6474	0.081169	-0.066472	55454.25	40.90
1.6507	0.081115	-0.066625	55455.45	40.98
1.6578	0.080981	-0.066606	55457.86	41.15
1.6616	0.080970	-0.066701	55460.27	41.25
1.6627	0.080895	-0.066807	55461.47	41.27
1.6693	0.080672	-0.066940	55463.88	41.43
1.6731	0.080598	-0.066995	55466.28	41.53
1.6764	0.080654	-0.066990	55467.48	41.61
1.6824	0.080588	-0.067115	55469.89	41.75
1.6841	0.080461	-0.067096	55471.09	41.79
1.6868	0.080569	-0.067117	55472.30	41.86
1.6890	0.080458	-0.067309	55473.50	41.91
1.6917	0.080371	-0.067297	55474.70	41.98
1.6972	0.080292	-0.067395	55477.11	42.11
1.7016	0.080153	-0.067537	55479.52	42.22
1.7032	0.080183	-0.067640	55480.72	42.26
1.7054	0.080110	-0.067562	55481.92	42.31
1.7109	0.080092	-0.068321	55483.13	42.45
1.7103	0.079323	-0.068419	55484.33	42.43
1.7136	0.079279	-0.068416	55486.73	42.51
1.7191	0.079312	-0.068524	55489.14	42.65
1.7207	0.079196	-0.068540	55490.34	42.69
1.7240	0.079246	-0.068575	55491.55	42.77
1.7278	0.079798	-0.068071	55493.95	42.86
1.7305	0.079776	-0.068002	55495.16	42.93
1.7338	0.079779	-0.068086	55497.56	43.01
1.7377	0.079773	-0.067943	55498.77	43.10
1.7409	0.079913	-0.067957	55501.17	43.18
1.7448	0.080031	-0.067923	55503.58	43.27
1.7508	0.080072	-0.067866	55505.98	43.42
1.7541	0.080224	-0.067838	55508.39	43.50
1.7568	0.080272	-0.067740	55509.59	43.57
1.7590	0.080295	-0.067711	55510.80	43.62
1.7634	0.080321	-0.067700	55513.20	43.73
1.7699	0.080339	-0.067785	55515.61	43.88
1.7738	0.080382	-0.067746	55518.02	43.98
1.7748	0.080365	-0.067738	55519.22	44.00
1.7787	0.080362	-0.067683	55521.63	44.10
1.7852	0.080490	-0.067737	55524.03	44.26
1.7874	0.080286	-0.067875	55525.23	44.31
1.7891	0.080308	-0.067829	55526.44	44.35
1.7924	0.080233	-0.067862	55527.64	44.43
1.7934	0.080308	-0.067897	55528.84	44.46
1.7962	0.080211	-0.067868	55530.05	44.52
1.8011	0.080253	-0.067991	55532.45	44.64
1.8049	0.080263	-0.067953	55534.86	44.74
1.8088	0.080158	-0.068122	55537.27	44.83
1.8115	0.080132	-0.068135	55538.47	44.90
1.8153	0.080059	-0.068242	55540.88	44.99
1.8186	0.079758	-0.068777	55543.28	45.07
1.8246	0.079898	-0.068864	55545.69	45.22
1.8268	0.080025	-0.068484	55546.89	45.27
1.8268	0.079683	-0.068972	55548.09	45.27
1.8312	0.079353	-0.068890	55549.30	45.38
1.8317	0.079375	-0.069012	55550.50	45.39
1.8312	0.079323	-0.068893	55551.70	45.38
1.8378	0.079408	-0.068855	55554.11	45.53
1.8427	0.079507	-0.068733	55556.52	45.65
1.8460	0.079493	-0.068740	55557.72	45.73
1.8487	0.079696	-0.068615	55560.13	45.80
1.8536	0.079731	-0.068614	55561.33	45.92
1.8580	0.079710	-0.068475	55563.73	46.03
1.8596	0.079896	-0.068366	55564.94	46.07
1.8635	0.080051	-0.068288	55566.14	46.16
1.8673	0.080621	-0.067672	55567.34	46.25
1.8684	0.080684	-0.067587	55568.55	46.28
1.8728	0.080862	-0.067609	55570.95	46.39
1.8788	0.081195	-0.067423	55573.36	46.53
1.8864	0.081046	-0.067385	55575.77	46.72
1.8892	0.081218	-0.067314	55576.97	46.78
1.8919	0.081276	-0.067268	55578.17	46.85
1.8952	0.081237	-0.067237	55579.38	46.93
1.8974	0.081297	-0.067201	55580.58	46.98
1.9023	0.081251	-0.067317	55582.98	47.10
1.9083	0.081232	-0.067278	55585.39	47.25
1.9132	0.081274	-0.067343	55587.80	47.37
1.9209	0.081218	-0.067321	55590.20	47.55
1.9258	0.081233	-0.067454	55592.61	47.67
1.9318	0.081105	-0.067528	55595.02	47.82
1.9313	0.081199	-0.067418	55596.22	47.81
1.9417	0.081147	-0.067545	55598.63	48.06
1.9433	0.081132	-0.067606	55601.03	48.10
1.9499	0.080410	-0.068252	55603.44	48.26
1.9499	0.080376	-0.068290	55604.64	48.26
1.9553	0.080412	-0.068277	55605.84	48.39
1.9564	0.080333	-0.068331	55607.05	48.42
1.9619	0.080313	-0.068513	55609.45	48.55
1.9668	0.080263	-0.068459	55611.86	48.67
1.9750	0.080575	-0.068017	55614.27	48.87
1.9761	0.080727	-0.067903	55615.47	48.89
1.9821	0.080918	-0.067630	55617.88	49.04
1.9882	0.081087	-0.067676	55620.28	49.19
1.9914	0.081201	-0.067560	55621.48	49.27
1.9942	0.081259	-0.067567	55622.69	49.33
2.0002	0.081266	-0.067503	55623.89	49.48
2.0046	0.081179	-0.067372	55626.30	49.58
2.0117	0.081377	-0.067269	55628.70	49.76
2.0188	0.081438	-0.067024	55631.11	49.93
2.0210	0.081623	-0.066992	55632.31	49.98
2.0275	0.081734	-0.066981	55634.72	50.14
2.0292	0.081821	-0.066964	55635.92	50.18
2.0379	0.081930	-0.066980	55638.33	50.39
2.0379	0.081947	-0.066857	55639.53	50.39
2.0434	0.081914	-0.066837	55640.73	50.53
2.0478	0.082010	-0.066900	55643.14	50.63
2.0543	0.081994	-0.066767	55644.34	50.79
2.0554	0.082033	-0.066774	55645.55	50.82
2.0620	0.081952	-0.066810	55647.95	50.98
2.0664	0.081843	-0.067108	55650.36	51.08
2.0735	0.081823	-0.067058	55652.77	51.25
2.0768	0.081838	-0.067050	55653.97	51.33
2.0850	0.081888	-0.067138	55656.38	51.53
2.0893	0.081657	-0.067275	55658.78	51.64
2.0959	0.081760	-0.067811	55661.19	51.80
2.1014	0.080968	-0.067970	55663.59	51.93
2.1068	0.080870	-0.067993	55666.00	52.06
2.1090	0.081063	-0.068160	55667.20	52.11
2.1118	0.080651	-0.068143	55668.41	52.18
2.1183	0.081289	-0.067512	55670.81	52.34
2.1238	0.081558	-0.067608	55673.22	52.47
2.1315	0.081484	-0.067468	55675.63	52.66
2.1369	0.081733	-0.067426	55678.03	52.79
2.1435	0.081764	-0.067232	55680.44	52.95
2.1517	0.081826	-0.067031	55682.84	53.15
2.1594	0.082134	-0.066803	55685.25	53.33
2.1604	0.082127	-0.066806	55686.45	53.36
2.1692	0.082326	-0.066707	55688.86	53.57
2.1708	0.082415	-0.066590	55690.06	53.61
2.1774	0.082400	-0.066491	55691.27	53.77
2.1796	0.082380	-0.066420	55692.47	53.82
2.1862	0.082434	-0.066520	55694.88	53.98
2.1900	0.082514	-0.066497	55696.08	54.07
2.1987	0.082462	-0.066682	55698.48	54.28
2.2053	0.082538	-0.066547	55700.89	54.44
2.2102	0.082501	-0.066589	55703.30	54.56
2.2173	0.082605	-0.066673	55704.50	54.73
2.2184	0.082487	-0.066692	55705.70	54.76
2.2250	0.082306	-0.066790	55708.11	54.92
2.2316	0.082313	-0.066802	55710.52	55.08
2.2359	0.082280	-0.066812	55711.72	55.18
2.2436	0.082253	-0.066878	55714.13	55.37
2.2452	0.082344	-0.066925	55715.33	55.41
2.2518	0.082255	-0.067050	55717.73	55.57
2.2562	0.082205	-0.067023	55718.94	55.67
2.2600	0.082014	-0.066951	55720.14	55.76
2.2622	0.082148	-0.067160	55721.34	55.82
2.2666	0.082005	-0.067736	55722.55	55.92
2.2720	0.081211	-0.067953	55724.95	56.05
2.2753	0.081262	-0.067372	55726.16	56.13
2.2808	0.081601	-0.068093	55728.56	56.27
2.2846	0.081084	-0.068004	55729.77	56.36
2.2917	0.080990	-0.067940	55732.17	56.53
2.2955	0.081343	-0.067938	55734.58	56.62
2.3032	0.081534	-0.067674	55736.98	56.81
2.3059	0.081580	-0.067944	55738.19	56.87
2.3076	0.081427	-0.067704	55739.39	56.91
2.3120	0.081668	-0.067595	55740.59	57.02
2.3213	0.081916	-0.067396	55743.00	57.24
2.3284	0.082305	-0.067296	55745.41	57.41
2.3344	0.082492	-0.066633	55747.81	57.56
2.3398	0.082491	-0.066588	55749.02	57.69
2.3431	0.082576	-0.066632	55750.22	57.77
2.3502	0.083075	-0.066330	55752.63	57.94
2.3557	0.082318	-0.066343	55753.83	58.07
2.3612	0.082976	-0.066130	55756.23	58.21
2.3666	0.083143	-0.066097	55757.44	58.34
2.3699	0.083132	-0.066058	55758.64	58.42
2.3743	0.083230	-0.066076	55759.84	58.52
2.3809	0.083361	-0.065993	55762.25	58.68
2.3852	0.083351	-0.066411	55763.45	58.79
2.3913	0.083014	-0.066341	55765.86	58.93
2.3989	0.083037	-0.066449	55768.27	59.12
2.4022	0.082763	-0.066491	55769.47	59.20
2.4099	0.082812	-0.066661	55771.88	59.38
2.4197	0.082619	-0.066602	55774.28	59.62
2.4213	0.082628	-0.066601	55775.48	59.66
2.4263	0.082539	-0.066652	55777.89	59.78
2.4295	0.082489	-0.066777	55779.09	59.85
2.4339	0.082593	-0.067020	55780.30	59.96
2.4383	0.082338	-0.066844	55781.50	60.07
2.4410	0.082559	-0.067173	55782.70	60.13
2.4481	0.081726	-0.067728	55785.11	60.30
2.4531	0.081609	-0.067782	55787.52	60.42
2.4580	0.081319	-0.067744	55788.72	60.54
2.4640	0.081319	-0.068061	55791.13	60.68
2.4722	0.081379	-0.068026	55793.53	60.88
2.4744	0.081670	-0.067342	55794.73	60.94
2.4777	0.081803	-0.067821	55795.94	61.01
2.4864	0.081444	-0.067431	55798.34	61.23
2.4881	0.082304	-0.067294	55799.55	61.26
2.4919	0.081710	-0.067104	55800.75	61.36
2.4996	0.082256	-0.067034	55803.16	61.54
2.5078	0.082361	-0.066918	55805.56	61.74
2.5116	0.082634	-0.066596	55806.77	61.83
2.5160	0.082674	-0.066692	55807.97	61.94
2.5182	0.082852	-0.066526	55809.17	61.99
2.5236	0.083037	-0.066534	55810.38	62.12
2.5258	0.082892	-0.066371	55811.58	62.17
2.5335	0.083082	-0.066165	55813.98	62.36
2.5389	0.082520	-0.066543	55815.19	62.49
2.5417	0.082928	-0.066498	55816.39	62.56
2.5460	0.082951	-0.066245	55817.59	62.66
2.5504	0.083053	-0.066347	55818.80	62.77
2.5581	0.083079	-0.066140	55821.20	62.95
2.5663	0.083029	-0.066597	55823.61	63.15
2.5718	0.083095	-0.066366	55826.02	63.28
2.5772	0.083200	-0.066237	55827.22	63.41
2.5871	0.083100	-0.066433	55829.63	63.65
2.5882	0.083098	-0.066397	55830.83	63.67
2.5958	0.082794	-0.066720	55833.23	63.86
2.6029	0.082813	-0.066817	55835.64	64.03
2.6068	0.082813	-0.066875	55836.84	64.12
2.6111	0.082710	-0.066602	55838.05	64.23
2.6188	0.082499	-0.067006	55840.45	64.41
2.6248	0.082520	-0.066935	55842.86	64.56
2.6319	0.081694	-0.067639	55845.27	64.73
2.6352	0.082124	-0.067647	55846.47	64.81
2.6407	0.081653	-0.067630	55848.88	64.94
2.6483	0.081642	-0.067789	55851.28	65.12
2.6511	0.081626	-0.067933	55852.48	65.19
2.6609	0.081721	-0.067982	55854.89	65.42
2.6675	0.081660	-0.067809	55857.30	65.58
2.6702	0.081795	-0.067765	55858.50	65.65
2.6729	0.081702	-0.067763	55859.70	65.71
2.6839	0.081904	-0.067754	55862.11	65.98
2.6899	0.081856	-0.067660	55864.52	66.12
2.6926	0.081995	-0.067368	55865.72	66.19
2.7014	0.082116	-0.067370	55868.13	66.40
2.7052	0.082296	-0.067111	55869.33	66.49
2.7134	0.082449	-0.066972	55871.73	66.69
2.7216	0.082253	-0.067193	55874.14	66.89
2.7265	0.082989	-0.066373	55875.34	67.00
2.7293	0.083183	-0.066335	55876.55	67.07
2.7380	0.083025	-0.066533	55878.95	67.28
2.7473	0.082915	-0.066358	55881.36	67.50
2.7533	0.082941	-0.066568	55883.77	67.65
2.7561	0.083120	-0.066326	55884.97	67.71
2.7626	0.082999	-0.066526	55886.17	67.87
2.7659	0.083064	-0.066614	55887.38	67.95
2.7687	0.082938	-0.066697	55888.58	68.02
2.7758	0.083035	-0.066438	55890.98	68.19
2.7840	0.083055	-0.066612	55893.39	68.38
2.7873	0.082888	-0.066522	55894.59	68.46
2.7916	0.082849	-0.066846	55895.80	68.57
2.7998	0.082752	-0.066695	55898.20	68.77
2.8037	0.082755	-0.066881	55900.61	68.86
2.8102	0.082745	-0.067314	55903.02	69.02
2.8184	0.081838	-0.067579	55905.42	69.21
2.8223	0.081764	-0.067663	55906.63	69.30
2.8261	0.081848	-0.067757	55907.83	69.40
2.8321	0.081657	-0.067931	55910.23	69.54
2.8398	0.081646	-0.067774	55912.64	69.73
2.8436	0.081886	-0.067993	55913.84	69.82
2.8463	0.081746	-0.067742	55915.05	69.88
2.8540	0.081912	-0.067604	55917.45	70.07
2.8605	0.081915	-0.067498	55919.86	70.22
2.8655	0.082184	-0.067577	55921.06	70.34
2.8682	0.082205	-0.067524	55922.27	70.41
2.8764	0.081975	-0.067684	55924.67	70.61
2.8819	0.082216	-0.066997	55925.88	70.74
2.8852	0.082975	-0.066835	55927.08	70.82
2.8944	0.082833	-0.066670	55929.48	71.04
2.9048	0.083020	-0.066652	55931.89	71.29
2.9043	0.083093	-0.066604	55933.09	71.28
2.9136	0.083189	-0.066902	55935.50	71.50
2.9180	0.082979	-0.066831	55936.70	71.60
2.9273	0.083132	-0.066433	55939.11	71.83
2.9344	0.083482	-0.066217	55941.52	72.00
2.9382	0.083231	-0.066442	55942.72	72.09
2.9442	0.083210	-0.066253	55943.92	72.24
2.9481	0.083222	-0.066434	55945.13	72.33
2.9519	0.083526	-0.066294	55946.33	72.42
2.9568	0.083306	-0.066182	55948.73	72.54
2.9683	0.083096	-0.066503	55951.14	72.81
2.9727	0.083318	-0.066106	55952.34	72.92
2.9749	0.083388	-0.066173	55953.55	72.97
2.9836	0.083493	-0.066218	55955.95	73.18
2.9896	0.083307	-0.066330	55958.36	73.33
2.9989	0.083092	-0.066484	55960.77	73.55
3.0022	0.083156	-0.066720	55961.97	73.63
3.0055	0.083021	-0.066440	55963.17	73.71
3.0088	0.083200	-0.066760	55964.38	73.79
3.0110	0.082795	-0.066754	55965.58	73.84
3.0197	0.082716	-0.066917	55967.98	74.05
3.0241	0.082578	-0.067084	55970.39	74.15
3.0274	0.082551	-0.067006	55971.59	74.23
3.0317	0.082716	-0.067114	55972.80	74.34
3.0350	0.082527	-0.067581	55974.00	74.42
3.0383	0.082080	-0.067564	55975.20	74.50
3.0421	0.081525	-0.068239	55977.61	74.59
3.0492	0.081260	-0.068508	55980.02	74.76
3.0520	0.081182	-0.068562	55981.22	74.82
3.0591	0.080967	-0.068902	55983.63	75.00
3.0596	0.080761	-0.068748	55984.83	75.01
3.0667	0.080837	-0.068962	55987.23	75.18
3.0695	0.080944	-0.068938	55988.44	75.24
3.0733	0.080837	-0.068787	55989.64	75.34
3.0760	0.080985	-0.068731	55990.84	75.40
3.0842	0.081034	-0.068690	55993.25	75.60
3.0853	0.080949	-0.068634	55994.45	75.63
3.0935	0.081399	-0.068313	55996.86	75.82
3.0996	0.081352	-0.068231	55999.27	75.97
3.1028	0.081662	-0.068380	56000.47	76.05
3.1105	0.081857	-0.068283	56002.88	76.23
3.1192	0.082024	-0.067874	56005.28	76.44
3.1231	0.082019	-0.067763	56006.48	76.53
3.1307	0.082592	-0.067066	56008.89	76.72
3.1351	0.082863	-0.067195	56010.09	76.82
3.1395	0.082912	-0.067234	56011.30	76.93
3.1439	0.083174	-0.067009	56012.50	77.03
3.1471	0.082997	-0.067606	56013.70	77.11
3.1532	0.082706	-0.066908	56016.11	77.26
3.1608	0.083257	-0.067565	56018.52	77.44
3.1674	0.083061	-0.066837	56020.92	77.60
3.1723	0.083231	-0.067503	56022.13	77.72
3.1767	0.082480	-0.067413	56023.33	77.82
3.1843	0.082372	-0.067621	56025.73	78.00
3.1871	0.082380	-0.067540	56026.94	78.07
3.1925	0.082603	-0.067526	56028.14	78.20
3.1958	0.082439	-0.067661	56029.34	78.28
3.1986	0.082431	-0.067356	56030.55	78.35
3.2084	0.082808	-0.066918	56032.95	78.58
3.2150	0.082793	-0.066834	56035.36	78.74
3.2243	0.083461	-0.066592	56037.77	78.96
3.2281	0.083238	-0.066688	56038.97	79.06
3.2325	0.083363	-0.066776	56040.17	79.16
3.2363	0.083422	-0.066637	56041.38	79.25
3.2412	0.083599	-0.066651	56042.58	79.37
3.2522	0.083629	-0.066289	56044.98	79.63
3.2576	0.083924	-0.066123	56047.39	79.77
3.2675	0.084026	-0.066286	56049.80	80.00
3.2784	0.084118	-0.066165	56052.20	80.26
3.2888	0.083738	-0.066313	56054.61	80.51
3.2959	0.084347	-0.066022	56057.02	80.69
3.3019	0.084187	-0.066157	56058.22	80.83
3.3107	0.084325	-0.066695	56060.63	81.04
3.3134	0.084174	-0.066025	56061.83	81.11
3.3238	0.084400	-0.066247	56064.23	81.36
3.3347	0.083976	-0.066517	56066.64	81.62
3.3375	0.083978	-0.066451	56067.84	81.68
3.3419	0.083926	-0.066219	56069.05	81.79
3.3495	0.083812	-0.066428	56071.45	81.97
3.3566	0.083849	-0.066558	56073.86	82.14
3.3676	0.083594	-0.066683	56076.27	82.41
3.3714	0.083620	-0.066648	56077.47	82.50
3.3785	0.083594	-0.066862	56079.88	82.67
3.3873	0.083497	-0.067040	56082.28	82.88
3.3883	0.083583	-0.067673	56083.48	82.91
3.3955	0.082691	-0.067703	56085.89	83.08
3.3993	0.082739	-0.067806	56087.09	83.17
3.4048	0.082735	-0.068025	56088.30	83.30
3.4069	0.082351	-0.067888	56089.50	83.35
3.4113	0.082605	-0.067995	56090.70	83.46
3.4184	0.082654	-0.068132	56093.11	83.63
3.4277	0.082509	-0.067808	56095.52	83.85
3.4332	0.082487	-0.067476	56097.92	83.99
3.4398	0.083109	-0.067402	56099.13	84.14
3.4425	0.083160	-0.067337	56100.33	84.21
3.4502	0.083505	-0.067284	56102.73	84.39
3.4589	0.083238	-0.067246	56105.14	84.60
3.4677	0.083459	-0.067148	56107.55	84.81
3.4759	0.083708	-0.067040	56109.95	85.01
3.4830	0.083797	-0.067087	56112.36	85.18
3.4912	0.083977	-0.067154	56114.77	85.38
3.4977	0.083853	-0.067131	56115.97	85.54
3.4999	0.083804	-0.067159	56117.17	85.59
3.5059	0.084007	-0.066995	56118.38	85.74
3.5130	0.084175	-0.067081	56120.78	85.91
3.5174	0.084008	-0.067047	56121.98	86.01
3.5273	0.084061	-0.066925	56124.39	86.25
3.5306	0.084004	-0.067180	56125.59	86.33
3.5338	0.083975	-0.067107	56126.80	86.41
3.5431	0.083916	-0.066914	56129.20	86.63
3.5464	0.084008	-0.067009	56130.41	86.71
3.5546	0.083755	-0.067212	56132.81	86.91
3.5595	0.083730	-0.067182	56134.02	87.03
3.5628	0.084005	-0.067169	56135.22	87.10
3.5699	0.083830	-0.067245	56137.63	87.28
3.5759	0.084013	-0.067308	56138.83	87.42
3.5809	0.083663	-0.067796	56141.23	87.54
3.5874	0.083027	-0.068340	56143.64	87.70
3.5945	0.082945	-0.068310	56146.05	87.87
3.5967	0.082790	-0.068553	56147.25	87.92
3.6006	0.082796	-0.068546	56148.45	88.01
3.6055	0.082635	-0.068592	56149.66	88.13
3.6137	0.082607	-0.068650	56152.06	88.33
3.6159	0.082787	-0.068617	56153.27	88.38
3.6208	0.082700	-0.068151	56155.67	88.50
3.6301	0.082785	-0.068561	56158.08	88.72
3.6367	0.083149	-0.068450	56160.48	88.88
3.6476	0.083251	-0.067832	56162.89	89.14
3.6503	0.083339	-0.067849	56164.09	89.21
3.6547	0.083588	-0.067756	56165.30	89.32
3.6596	0.083625	-0.067797	56166.50	89.43
3.6629	0.083783	-0.067739	56167.70	89.51
3.6711	0.084050	-0.067469	56170.11	89.71
3.6804	0.084141	-0.067715	56172.52	89.94
3.6881	0.084419	-0.067574	56174.92	90.12
3.6924	0.083788	-0.067931	56176.13	90.22
3.6979	0.083593	-0.068137	56177.33	90.36
3.7056	0.083500	-0.068162	56179.73	90.54
3.7154	0.084079	-0.067698	56182.14	90.78
3.7193	0.084193	-0.067425	56183.34	90.87
3.7225	0.084347	-0.067504	56184.55	90.95
3.7318	0.084538	-0.067493	56186.95	91.17
3.7395	0.084314	-0.067460	56189.36	91.36
3.7477	0.084351	-0.067438	56191.77	91.56
3.7510	0.084517	-0.067327	56192.97	91.63
3.7597	0.084477	-0.067545	56194.17	91.85
3.7614	0.084416	-0.067830	56195.38	91.89
3.7652	0.084339	-0.067808	56196.58	91.98
3.7750	0.084273	-0.067834	56198.98	92.21
3.7816	0.084146	-0.067947	56201.39	92.37
3.7887	0.084070	-0.068023	56203.80	92.54
3.7931	0.084017	-0.068054	56205.00	92.65
3.7953	0.084034	-0.068112	56206.20	92.70
3.8013	0.083904	-0.068274	56208.61	92.85
3.8084	0.083731	-0.068295	56211.02	93.02
3.8117	0.083759	-0.068416	56212.22	93.10
3.8150	0.083890	-0.068325	56213.42	93.18
3.8188	0.083819	-0.068285	56214.63	93.27
3.8232	0.083755	-0.068595	56215.83	93.38
3.8297	0.083036	-0.069114	56218.23	93.53
3.8319	0.082912	-0.069367	56219.44	93.59
3.8357	0.082714	-0.069540	56220.64	93.68
3.8390	0.082803	-0.069675	56221.84	93.76
3.8456	0.082549	-0.069698	56224.25	93.92
3.8511	0.082396	-0.069906	56226.66	94.05
3.8576	0.082434	-0.069682	56229.06	94.21
3.8664	0.082667	-0.069552	56231.47	94.42
3.8735	0.082656	-0.069636	56233.88	94.59
3.8784	0.082819	-0.069523	56236.28	94.71
3.8828	0.082899	-0.069670	56237.48	94.81
3.8899	0.082852	-0.069511	56239.89	94.98
3.8932	0.083191	-0.069312	56241.09	95.06
3.8986	0.083297	-0.069217	56242.30	95.20
3.9003	0.083457	-0.069052	56243.50	95.24
3.9047	0.083296	-0.069220	56244.70	95.34
3.9151	0.083545	-0.069309	56247.11	95.59
3.9189	0.083998	-0.069083	56249.52	95.68
3.9222	0.084062	-0.068323	56250.72	95.76
3.9304	0.084311	-0.068581	56253.13	95.96
3.9353	0.084211	-0.068651	56254.33	96.08
3.9440	0.084443	-0.068581	56256.73	96.29
3.9528	0.084405	-0.068457	56259.14	96.50
3.9544	0.084406	-0.068550	56260.34	96.54
3.9594	0.084378	-0.068596	56261.55	96.66
3.9648	0.084269	-0.068925	56263.95	96.79
3.9725	0.084189	-0.069082	56266.36	96.98
3.9807	0.084070	-0.069168	56268.77	97.18
3.9829	0.084097	-0.069207	56269.97	97.23
3.9867	0.084121	-0.069383	56271.17	97.32
3.9873	0.084061	-0.069318	56272.38	97.34
3.9933	0.083941	-0.069314	56273.58	97.48
3.9976	0.083730	-0.069502	56275.98	97.59
4.0042	0.083751	-0.069542	56278.39	97.74
4.0075	0.083948	-0.069716	56279.59	97.82
4.0119	0.083548	-0.069693	56280.80	97.93
4.0135	0.083570	-0.069818	56282.00	97.97
4.0195	0.083669	-0.069814	56284.41	98.11
4.0261	0.083583	-0.070037	56286.81	98.27
4.0266	0.083311	-0.070197	56288.02	98.29
4.0321	0.083138	-0.070217	56289.22	98.42
4.0316	0.083070	-0.070597	56290.42	98.41
4.0381	0.083129	-0.070416	56292.83	98.56
