1.6359	0.075944	-0.069877	58649.84	40.62
1.6365	0.075908	-0.069875	58652.23	40.63
1.6376	0.075864	-0.069923	58653.44	40.66
1.6359	0.075861	-0.069935	58655.84	40.62
1.6370	0.075899	-0.069943	58657.05	40.65
1.6376	0.075832	-0.069996	58658.25	40.66
1.6387	0.075792	-0.070046	58659.45	40.69
1.6387	0.075782	-0.070096	58660.66	40.69
1.6392	0.075741	-0.070094	58663.06	40.70
1.6408	0.075674	-0.070106	58665.47	40.74
1.6403	0.075703	-0.070110	58666.67	40.73
1.6414	0.075678	-0.070153	58667.88	40.75
1.6425	0.075709	-0.070162	58669.08	40.78
1.6398	0.075669	-0.070090	58670.28	40.71
1.6403	0.075726	-0.070071	58671.48	40.73
1.6398	0.075739	-0.070030	58672.69	40.71
1.6425	0.075781	-0.070084	58673.89	40.78
1.6408	0.075757	-0.069982	58675.09	40.74
1.6425	0.075795	-0.069985	58676.30	40.78
1.6414	0.075859	-0.070008	58678.70	40.75
1.6419	0.075876	-0.070024	58681.11	40.77
1.6452	0.075762	-0.070063	58683.52	40.85
1.6441	0.075771	-0.070065	58684.72	40.82
1.6436	0.075881	-0.070072	58687.13	40.81
1.6419	0.075792	-0.069978	58688.33	40.77
1.6425	0.075806	-0.070538	58689.53	40.78
1.6463	0.075259	-0.070539	58691.94	40.87
1.6463	0.075334	-0.070540	58693.14	40.87
1.6469	0.075291	-0.070545	58694.34	40.89
1.6452	0.075271	-0.070502	58695.55	40.85
1.6458	0.075352	-0.070478	58696.75	40.86
1.6469	0.075353	-0.070464	58697.95	40.89
1.6485	0.075451	-0.070496	58699.16	40.93
1.6501	0.075481	-0.070274	58700.36	40.97
1.6507	0.075670	-0.070192	58702.77	40.98
1.6518	0.075799	-0.070126	58703.97	41.01
1.6556	0.075926	-0.069901	58706.38	41.10
1.6573	0.076192	-0.069777	58707.58	41.14
1.6600	0.076373	-0.069601	58709.98	41.21
1.6649	0.076516	-0.069462	58711.19	41.33
1.6676	0.076734	-0.069281	58713.59	41.39
1.6693	0.076821	-0.069234	58714.80	41.43
1.6720	0.077004	-0.069089	58716.00	41.50
1.6769	0.077350	-0.068796	58718.41	41.62
1.6819	0.077516	-0.068539	58719.61	41.74
1.6868	0.077863	-0.068175	58722.02	41.86
1.6912	0.078344	-0.067755	58723.22	41.97
1.6923	0.078680	-0.067540	58724.42	41.99
1.6972	0.078977	-0.067506	58725.63	42.11
1.7048	0.079196	-0.067259	58728.03	42.30
1.7076	0.079328	-0.067042	58729.23	42.37
1.7103	0.079422	-0.066999	58730.44	42.43
1.7169	0.079541	-0.066869	58732.84	42.59
1.7245	0.079916	-0.066939	58735.25	42.78
1.7316	0.079875	-0.066728	58737.66	42.95
1.7404	0.079968	-0.066686	58740.06	43.17
1.7475	0.080075	-0.066655	58742.47	43.34
1.7513	0.080184	-0.066766	58743.67	43.43
1.7568	0.080233	-0.066815	58746.08	43.57
1.7661	0.080354	-0.066765	58748.48	43.79
1.7727	0.080287	-0.066668	58750.89	43.95
1.7748	0.080372	-0.066650	58752.09	44.00
1.7792	0.080237	-0.066736	58753.30	44.11
1.7863	0.080267	-0.066659	58755.70	44.28
1.7924	0.080262	-0.066808	58758.11	44.43
1.8011	0.080248	-0.066785	58760.52	44.64
1.8027	0.080309	-0.066980	58761.72	44.68
1.8104	0.080220	-0.066989	58764.13	44.87
1.8120	0.080126	-0.067077	58765.33	44.91
1.8153	0.080075	-0.067119	58766.53	44.99
1.8186	0.080006	-0.067128	58767.73	45.07
1.8202	0.080072	-0.067071	58768.94	45.11
1.8257	0.080132	-0.067205	58770.14	45.24
1.8279	0.079968	-0.067118	58771.34	45.30
1.8312	0.079942	-0.067080	58772.55	45.38
1.8339	0.080076	-0.067257	58773.75	45.44
1.8361	0.080027	-0.067192	58774.95	45.49
1.8388	0.080043	-0.067228	58776.16	45.56
1.8410	0.079923	-0.067314	58777.36	45.61
1.8454	0.080011	-0.067247	58778.56	45.72
1.8503	0.079911	-0.067483	58780.97	45.84
1.8558	0.079907	-0.067474	58782.17	45.97
1.8574	0.079860	-0.067541	58783.38	46.01
1.8591	0.079865	-0.067494	58784.58	46.05
1.8635	0.079704	-0.067710	58786.98	46.16
1.8673	0.079691	-0.067674	58788.19	46.25
1.8728	0.079626	-0.067696	58790.59	46.39
1.8749	0.079560	-0.067757	58791.80	46.44
1.8766	0.079490	-0.067781	58793.00	46.48
1.8804	0.079581	-0.067748	58795.41	46.57
1.8864	0.079540	-0.067912	58797.81	46.72
1.8886	0.079446	-0.067938	58799.02	46.77
1.8897	0.079411	-0.067955	58800.22	46.80
1.8974	0.079292	-0.068089	58802.63	46.98
1.9012	0.079277	-0.068095	58805.03	47.08
1.9028	0.079226	-0.068199	58806.23	47.12
1.9028	0.079226	-0.068191	58807.44	47.12
1.9078	0.079108	-0.068389	58809.84	47.24
1.9132	0.079122	-0.068396	58812.25	47.37
1.9160	0.078974	-0.068487	58813.45	47.44
1.9171	0.079025	-0.068464	58814.66	47.46
1.9203	0.079027	-0.068635	58817.06	47.54
1.9214	0.078809	-0.068675	58819.47	47.57
1.9264	0.078677	-0.068712	58820.67	47.69
1.9285	0.078755	-0.068840	58823.08	47.74
1.9329	0.078617	-0.068868	58825.48	47.85
1.9340	0.078644	-0.068924	58826.69	47.87
1.9384	0.078555	-0.069033	58829.09	47.98
1.9417	0.078424	-0.069129	58831.50	48.06
1.9455	0.078372	-0.069247	58833.91	48.15
1.9439	0.078319	-0.069231	58835.11	48.11
1.9488	0.078280	-0.069309	58837.52	48.23
1.9493	0.078337	-0.069299	58838.72	48.24
1.9542	0.078100	-0.069453	58841.13	48.36
1.9542	0.078060	-0.069463	58843.53	48.36
1.9581	0.077983	-0.069583	58845.94	48.46
1.9597	0.077998	-0.069571	58847.14	48.50
1.9592	0.078037	-0.069539	58848.34	48.48
1.9597	0.078025	-0.069596	58849.55	48.50
1.9630	0.077979	-0.069655	58850.75	48.58
1.9635	0.077936	-0.069611	58851.95	48.59
1.9630	0.077973	-0.069621	58853.16	48.58
1.9663	0.077926	-0.069611	58854.36	48.66
1.9652	0.077963	-0.069649	58855.56	48.63
1.9679	0.077908	-0.069705	58857.97	48.70
1.9707	0.077829	-0.069781	58860.38	48.76
1.9717	0.077803	-0.069831	58861.58	48.79
1.9701	0.077776	-0.069826	58862.78	48.75
1.9723	0.077752	-0.069865	58865.19	48.80
1.9761	0.077687	-0.069949	58867.59	48.89
1.9783	0.077663	-0.069945	58868.80	48.95
1.9794	0.077685	-0.069962	58870.00	48.97
1.9800	0.077600	-0.070054	58872.41	48.99
1.9800	0.077615	-0.070050	58873.61	48.99
1.9810	0.077603	-0.070043	58876.02	49.01
1.9832	0.077545	-0.070154	58877.22	49.07
1.9827	0.077527	-0.070143	58878.42	49.05
1.9849	0.077457	-0.070165	58879.63	49.11
1.9843	0.077404	-0.070188	58882.03	49.09
1.9876	0.077409	-0.070168	58883.23	49.17
1.9882	0.077497	-0.070103	58884.44	49.19
1.9887	0.076895	-0.070770	58886.84	49.20
1.9876	0.076807	-0.070800	58888.05	49.17
1.9898	0.076840	-0.070773	58890.45	49.23
1.9909	0.076781	-0.070851	58891.66	49.25
1.9925	0.076769	-0.070903	58894.06	49.29
1.9953	0.076725	-0.070856	58896.47	49.36
1.9953	0.076820	-0.070788	58897.67	49.36
1.9975	0.076855	-0.070766	58900.08	49.41
1.9991	0.077465	-0.070227	58902.48	49.45
2.0035	0.077522	-0.070234	58904.89	49.56
2.0007	0.077490	-0.070073	58906.09	49.49
2.0062	0.077596	-0.070098	58907.30	49.62
2.0057	0.077688	-0.070004	58909.70	49.61
2.0106	0.077758	-0.069956	58912.11	49.73
2.0122	0.077874	-0.069907	58914.52	49.77
2.0111	0.077952	-0.069855	58915.72	49.74
2.0150	0.077982	-0.069864	58918.13	49.84
2.0150	0.078033	-0.069805	58919.33	49.84
2.0177	0.078050	-0.069796	58920.53	49.90
2.0204	0.078087	-0.069700	58921.73	49.97
2.0199	0.078100	-0.069789	58922.94	49.96
2.0226	0.078167	-0.069710	58925.34	50.02
2.0270	0.078185	-0.069689	58926.55	50.13
2.0270	0.078094	-0.069733	58927.75	50.13
2.0281	0.078108	-0.069818	58928.95	50.15
2.0297	0.078153	-0.069717	58930.16	50.19
2.0308	0.078197	-0.069685	58931.36	50.22
2.0314	0.078196	-0.069687	58932.56	50.23
2.0363	0.078141	-0.069669	58934.97	50.35
2.0379	0.078223	-0.069724	58937.38	50.39
2.0390	0.078160	-0.069758	58938.58	50.42
2.0418	0.078173	-0.069721	58940.98	50.49
2.0439	0.078166	-0.069636	58942.19	50.54
2.0472	0.077710	-0.070220	58944.59	50.62
2.0483	0.077620	-0.070266	58945.80	50.64
2.0461	0.077661	-0.070303	58947.00	50.59
2.0505	0.077689	-0.070400	58949.41	50.70
2.0516	0.077565	-0.070303	58950.61	50.72
2.0527	0.077775	-0.070035	58953.02	50.75
2.0560	0.078142	-0.070337	58954.22	50.83
2.0598	0.078084	-0.069744	58956.63	50.92
2.0658	0.078493	-0.069634	58959.03	51.07
2.0658	0.078438	-0.069539	58960.23	51.07
2.0691	0.078493	-0.069386	58961.44	51.15
2.0724	0.078638	-0.069326	58963.84	51.23
2.0751	0.078766	-0.069232	58965.05	51.29
2.0779	0.078831	-0.069127	58966.25	51.36
2.0806	0.079045	-0.069030	58967.45	51.43
2.0822	0.079103	-0.068973	58968.66	51.47
2.0888	0.079333	-0.068893	58971.06	51.62
2.0926	0.079358	-0.068779	58973.47	51.72
2.0965	0.079391	-0.068744	58974.67	51.81
2.1014	0.079352	-0.068630	58977.08	51.93
2.1058	0.079730	-0.068604	58979.48	52.04
2.1112	0.079889	-0.068448	58981.89	52.17
2.1150	0.079859	-0.068437	58983.09	52.26
2.1189	0.079826	-0.068265	58984.30	52.35
2.1200	0.079991	-0.068271	58985.50	52.38
2.1276	0.079883	-0.068370	58987.91	52.56
2.1293	0.080087	-0.068360	58989.11	52.60
2.1342	0.080085	-0.068115	58991.52	52.72
2.1391	0.080124	-0.068351	58992.72	52.84
2.1440	0.080167	-0.068239	58995.13	52.96
2.1446	0.080142	-0.068291	58996.33	52.97
2.1479	0.080078	-0.068392	58997.53	53.05
2.1511	0.079960	-0.068340	58998.73	53.13
2.1544	0.080020	-0.068392	58999.94	53.21
2.1572	0.080028	-0.068473	59001.14	53.28
2.1643	0.080155	-0.068301	59003.55	53.45
2.1643	0.080129	-0.068997	59004.75	53.45
2.1708	0.079645	-0.068591	59007.16	53.61
2.1719	0.079707	-0.068907	59008.36	53.64
2.1747	0.079837	-0.068597	59009.56	53.70
2.1801	0.079802	-0.068650	59011.97	53.83
2.1840	0.079229	-0.068594	59013.17	53.93
2.1862	0.079837	-0.068506	59014.38	53.98
2.1867	0.079965	-0.068470	59015.58	53.99
2.1965	0.079885	-0.068494	59017.98	54.23
2.1955	0.080003	-0.068301	59019.19	54.20
2.2026	0.080190	-0.068457	59021.59	54.38
2.2080	0.080043	-0.068482	59024.00	54.51
2.2173	0.080307	-0.068129	59026.41	54.73
2.2201	0.080408	-0.068268	59027.61	54.80
2.2223	0.080344	-0.068321	59028.81	54.85
2.2272	0.080347	-0.068332	59030.02	54.97
2.2283	0.080217	-0.068202	59031.22	55.00
2.2315	0.080624	-0.068115	59032.42	55.08
2.2354	0.080472	-0.068268	59033.63	55.17
2.2425	0.080569	-0.068085	59036.03	55.34
2.2512	0.080761	-0.067931	59038.44	55.55
2.2567	0.080853	-0.067836	59040.84	55.68
2.2589	0.080777	-0.067897	59042.05	55.74
2.2622	0.080768	-0.067757	59043.25	55.82
2.2655	0.080870	-0.067900	59044.45	55.90
2.2682	0.080685	-0.067873	59045.66	55.96
2.2748	0.080787	-0.067960	59048.06	56.12
2.2791	0.080713	-0.067991	59049.27	56.23
2.2808	0.080759	-0.067977	59050.47	56.27
2.2851	0.080682	-0.067896	59051.67	56.37
2.2928	0.080647	-0.068053	59054.08	56.56
2.2983	0.080614	-0.068146	59056.48	56.69
2.3048	0.080468	-0.068186	59058.89	56.85
2.3070	0.080537	-0.068185	59060.09	56.90
2.3109	0.080552	-0.068052	59061.30	56.99
2.3158	0.080616	-0.067993	59063.70	57.11
2.3229	0.080055	-0.068688	59066.11	57.28
2.3284	0.079898	-0.068939	59068.52	57.41
2.3322	0.079825	-0.068824	59070.92	57.51
2.3349	0.079709	-0.068995	59072.13	57.57
2.3371	0.079716	-0.068979	59073.33	57.63
2.3404	0.079692	-0.068947	59074.53	57.70
2.3437	0.079802	-0.069043	59075.73	57.78
2.3480	0.079679	-0.069187	59076.94	57.89
2.3519	0.079449	-0.068797	59078.14	57.98
2.3530	0.079952	-0.068615	59079.34	58.01
2.3579	0.080258	-0.068548	59080.55	58.13
2.3612	0.080299	-0.068472	59081.75	58.21
2.3650	0.080384	-0.068466	59082.95	58.30
2.3666	0.080392	-0.068354	59084.16	58.34
2.3710	0.080516	-0.068421	59085.36	58.44
2.3732	0.080380	-0.068132	59086.56	58.50
2.3787	0.080869	-0.068082	59087.77	58.63
2.3825	0.080769	-0.068131	59088.97	58.72
2.3858	0.080835	-0.068107	59090.17	58.80
2.3874	0.080782	-0.068118	59091.38	58.84
2.3940	0.080985	-0.068071	59092.58	59.00
2.3967	0.080817	-0.068230	59093.78	59.06
2.4044	0.080843	-0.068034	59096.19	59.25
2.4104	0.081176	-0.067930	59098.59	59.39
2.4181	0.081078	-0.067758	59099.80	59.58
2.4202	0.081289	-0.067742	59101.00	59.63
2.4268	0.081264	-0.067814	59103.41	59.79
2.4290	0.081243	-0.067841	59104.61	59.84
2.4383	0.081214	-0.067661	59107.02	60.07
2.4421	0.081238	-0.067665	59108.22	60.16
2.4460	0.081216	-0.067784	59109.42	60.25
2.4487	0.081154	-0.067727	59110.63	60.32
2.4569	0.081197	-0.067848	59113.03	60.51
2.4607	0.081174	-0.067911	59114.23	60.61
2.4624	0.081180	-0.067882	59115.44	60.65
2.4684	0.081153	-0.067873	59117.84	60.79
2.4728	0.081010	-0.067906	59119.05	60.90
2.4771	0.081187	-0.067988	59120.25	61.00
2.4804	0.081088	-0.068015	59121.45	61.08
2.4826	0.081069	-0.068094	59122.66	61.13
2.4875	0.081016	-0.068038	59123.86	61.25
2.4919	0.081156	-0.067973	59125.06	61.36
2.4957	0.080509	-0.068536	59127.47	61.45
2.4979	0.080433	-0.068659	59128.67	61.50
2.5045	0.080342	-0.068795	59131.08	61.66
2.5116	0.080311	-0.068866	59133.48	61.83
2.5187	0.080217	-0.068929	59135.89	62.00
2.5231	0.080213	-0.068928	59137.09	62.11
2.5247	0.080166	-0.068526	59138.30	62.15
2.5324	0.080726	-0.068552	59140.70	62.33
2.5357	0.080710	-0.068619	59141.91	62.41
2.5406	0.080393	-0.068787	59143.11	62.53
2.5504	0.080296	-0.068892	59145.52	62.77
2.5526	0.080487	-0.068787	59146.72	62.82
2.5592	0.080731	-0.068434	59149.13	62.98
2.5635	0.080908	-0.068065	59150.33	63.08
2.5674	0.081146	-0.068297	59151.53	63.17
2.5701	0.081008	-0.068059	59152.73	63.24
2.5750	0.081257	-0.068536	59153.94	63.36
2.5772	0.081489	-0.067920	59155.14	63.41
2.5865	0.081037	-0.068320	59157.55	63.63
2.5903	0.081374	-0.067910	59158.75	63.73
2.5942	0.081451	-0.067826	59159.95	63.82
2.5980	0.081415	-0.067754	59161.16	63.91
2.6029	0.081694	-0.067855	59162.36	64.03
2.6062	0.081585	-0.067749	59163.56	64.11
2.6139	0.081519	-0.067855	59165.97	64.29
2.6226	0.081603	-0.067835	59168.38	64.50
2.6237	0.081522	-0.067733	59169.58	64.53
2.6292	0.081668	-0.067792	59170.78	64.66
2.6357	0.081535	-0.067862	59173.19	64.82
2.6401	0.081296	-0.067945	59174.39	64.92
2.6445	0.081487	-0.067957	59175.59	65.03
2.6467	0.081465	-0.067929	59176.80	65.08
2.6522	0.081284	-0.067936	59178.00	65.21
2.6587	0.081537	-0.067916	59180.41	65.37
2.6625	0.081480	-0.067852	59181.61	65.46
2.6691	0.081344	-0.068113	59184.02	65.62
2.6718	0.081370	-0.068048	59185.22	65.69
2.6740	0.081306	-0.068037	59186.42	65.74
2.6779	0.081426	-0.068012	59187.63	65.83
2.6861	0.080722	-0.068823	59190.03	66.03
2.6888	0.080607	-0.068928	59191.23	66.10
2.6926	0.080623	-0.068806	59192.44	66.19
2.7008	0.080387	-0.068947	59194.84	66.39
2.7030	0.080411	-0.069030	59196.05	66.44
2.7074	0.080380	-0.069013	59197.25	66.54
2.7096	0.080592	-0.068940	59198.45	66.60
2.7118	0.080620	-0.068577	59199.66	66.65
2.7183	0.081048	-0.068461	59202.06	66.81
2.7244	0.081156	-0.068339	59204.47	66.95
2.7309	0.081174	-0.068516	59205.67	67.11
2.7342	0.081147	-0.068271	59206.88	67.19
2.7380	0.081218	-0.068520	59208.08	67.28
2.7424	0.081098	-0.068386	59209.28	67.38
2.7468	0.081368	-0.068345	59210.48	67.49
2.7506	0.081414	-0.068278	59211.69	67.58
2.7533	0.081379	-0.068311	59212.89	67.65
2.7577	0.081345	-0.068181	59214.09	67.75
2.7654	0.081611	-0.068127	59216.50	67.94
2.7747	0.081526	-0.068065	59218.91	68.16
2.7823	0.081645	-0.068004	59221.31	68.34
2.7883	0.081639	-0.068054	59222.52	68.49
2.7960	0.081850	-0.067885	59224.92	68.67
2.7987	0.081882	-0.067836	59226.13	68.74
2.8037	0.081871	-0.067916	59227.33	68.86
2.8075	0.081809	-0.067803	59228.53	68.95
2.8102	0.081849	-0.067780	59229.73	69.02
2.8146	0.081833	-0.067633	59230.94	69.12
2.8190	0.082038	-0.067820	59232.14	69.23
2.8272	0.081965	-0.067814	59234.55	69.42
2.8305	0.081931	-0.067882	59235.75	69.50
2.8310	0.082001	-0.068064	59236.95	69.51
2.8392	0.081981	-0.067977	59238.16	69.71
2.8392	0.081824	-0.067994	59239.36	69.71
2.8458	0.081995	-0.068045	59240.56	69.87
2.8529	0.081645	-0.068141	59242.97	70.04
2.8578	0.081626	-0.068088	59244.17	70.16
2.8616	0.081259	-0.068677	59246.58	70.25
2.8666	0.080970	-0.068853	59247.78	70.37
2.8748	0.080839	-0.068927	59250.19	70.57
2.8742	0.080927	-0.069022	59251.39	70.55
2.8797	0.080883	-0.068939	59252.59	70.68
2.8819	0.080909	-0.068917	59253.80	70.74
2.8906	0.080873	-0.068714	59256.20	70.95
2.8944	0.081053	-0.069066	59257.41	71.04
2.9016	0.081264	-0.068481	59259.81	71.21
2.9048	0.081368	-0.068349	59261.02	71.29
2.9092	0.081660	-0.068419	59262.22	71.39
2.9147	0.081653	-0.068407	59263.42	71.53
2.9174	0.081604	-0.068495	59264.63	71.59
2.9284	0.081694	-0.068413	59267.03	71.85
2.9360	0.081768	-0.068338	59269.44	72.04
2.9431	0.081799	-0.068095	59271.84	72.21
2.9546	0.081902	-0.068083	59274.25	72.49
2.9573	0.081902	-0.068072	59275.45	72.55
2.9656	0.082023	-0.067914	59277.86	72.75
2.9705	0.082265	-0.067961	59279.06	72.87
2.9754	0.082063	-0.068002	59280.27	72.98
2.9776	0.081641	-0.067816	59281.47	73.04
2.9836	0.082141	-0.068055	59282.67	73.18
2.9902	0.082215	-0.067977	59285.08	73.34
3.0011	0.082227	-0.068008	59287.48	73.60
3.0093	0.082249	-0.067930	59289.89	73.80
3.0115	0.082346	-0.067847	59291.09	73.85
3.0170	0.082333	-0.068034	59292.30	73.98
3.0235	0.082189	-0.067913	59294.70	74.14
3.0339	0.082073	-0.068089	59297.11	74.39
3.0405	0.082217	-0.068164	59299.52	74.55
3.0432	0.082006	-0.068339	59300.72	74.61
3.0509	0.081968	-0.068302	59303.13	74.80
3.0536	0.082018	-0.068776	59304.33	74.86
3.0602	0.081369	-0.068997	59306.73	75.02
3.0629	0.081376	-0.069034	59307.94	75.09
3.0667	0.081283	-0.069017	59309.14	75.18
3.0706	0.081271	-0.069207	59310.34	75.27
3.0755	0.081214	-0.069100	59311.55	75.39
3.0793	0.081238	-0.069172	59312.75	75.48
3.0815	0.081088	-0.069205	59313.95	75.53
3.0864	0.081094	-0.069183	59315.16	75.65
3.0897	0.081290	-0.068656	59316.36	75.73
3.0935	0.081808	-0.069134	59317.56	75.82
3.1023	0.081278	-0.069104	59319.97	76.03
3.1105	0.081255	-0.068809	59322.38	76.23
3.1187	0.082133	-0.068830	59324.78	76.43
3.1275	0.081659	-0.069058	59327.19	76.64
3.1291	0.082010	-0.068895	59328.39	76.68
3.1340	0.081564	-0.068640	59329.59	76.80
3.1395	0.081954	-0.068713	59330.80	76.93
3.1439	0.082011	-0.068945	59332.00	77.03
3.1526	0.081728	-0.069002	59334.41	77.24
3.1548	0.081680	-0.068901	59335.61	77.29
3.1663	0.081684	-0.068376	59338.02	77.57
3.1696	0.082263	-0.068492	59339.22	77.65
3.1745	0.082245	-0.068320	59340.42	77.77
3.1772	0.082047	-0.068274	59341.63	77.83
3.1865	0.082248	-0.068948	59344.03	78.06
3.1898	0.082358	-0.068181	59345.23	78.14
3.1953	0.082427	-0.068321	59346.44	78.27
3.2040	0.082343	-0.068163	59348.84	78.48
3.2062	0.082373	-0.068332	59350.05	78.53
3.2133	0.082424	-0.068272	59351.25	78.70
3.2122	0.082412	-0.068263	59352.45	78.67
3.2210	0.082467	-0.068369	59353.66	78.88
3.2281	0.082417	-0.068242	59356.06	79.06
3.2368	0.082365	-0.068331	59358.47	79.27
3.2396	0.082481	-0.068464	59359.67	79.33
3.2450	0.082092	-0.068501	59362.08	79.46
3.2532	0.082241	-0.068295	59364.48	79.66
3.2571	0.081768	-0.068996	59365.69	79.75
3.2647	0.081581	-0.069257	59368.09	79.94
3.2658	0.081491	-0.069495	59369.30	79.96
3.2751	0.081313	-0.069435	59371.70	80.19
3.2806	0.081319	-0.069664	59374.11	80.32
3.2877	0.081323	-0.069542	59376.52	80.49
3.2893	0.081333	-0.069620	59377.72	80.53
3.2981	0.081182	-0.069716	59380.13	80.74
3.3030	0.081222	-0.069513	59381.33	80.86
3.3068	0.081500	-0.069484	59382.53	80.95
3.3123	0.081504	-0.069549	59383.73	81.08
3.3145	0.081384	-0.069204	59384.94	81.13
3.3205	0.081577	-0.069168	59386.14	81.28
3.3249	0.081682	-0.068880	59387.34	81.38
3.3287	0.081982	-0.068741	59388.55	81.47
3.3304	0.082115	-0.069004	59389.75	81.51
3.3347	0.081362	-0.068846	59390.95	81.62
3.3386	0.082195	-0.068934	59392.16	81.71
3.3446	0.082060	-0.069003	59393.36	81.86
3.3517	0.082170	-0.068899	59394.56	82.03
3.3599	0.082468	-0.068464	59396.97	82.22
3.3654	0.082244	-0.069115	59399.38	82.36
3.3708	0.082114	-0.068729	59400.58	82.49
3.3790	0.082740	-0.068901	59402.98	82.68
3.3878	0.082620	-0.068527	59405.39	82.89
3.3922	0.081991	-0.069033	59406.59	83.00
3.3955	0.082212	-0.068575	59407.80	83.08
3.3993	0.082714	-0.068545	59409.00	83.17
3.4108	0.082592	-0.068845	59411.41	83.45
3.4119	0.082363	-0.068768	59412.61	83.47
3.4212	0.082484	-0.068787	59415.02	83.70
3.4233	0.082415	-0.068865	59416.22	83.75
3.4288	0.082456	-0.068732	59417.42	83.88
3.4343	0.082417	-0.068738	59418.63	84.01
3.4359	0.082550	-0.068781	59419.83	84.05
3.4403	0.082628	-0.068743	59421.03	84.16
3.4430	0.082479	-0.068843	59422.23	84.22
3.4480	0.082457	-0.069002	59423.44	84.34
3.4578	0.081975	-0.069482	59425.84	84.58
3.4584	0.081755	-0.069701	59427.05	84.59
3.4644	0.081535	-0.069850	59429.45	84.74
3.4677	0.081539	-0.069743	59430.66	84.81
3.4748	0.081798	-0.069745	59433.06	84.99
3.4841	0.081617	-0.069986	59435.47	85.21
3.4879	0.081615	-0.069823	59436.67	85.30
3.4945	0.081584	-0.069724	59439.08	85.46
3.5048	0.081848	-0.069810	59441.48	85.71
3.5120	0.081808	-0.069829	59443.89	85.88
3.5207	0.082388	-0.069204	59446.30	86.09
3.5262	0.082198	-0.069250	59447.50	86.22
3.5306	0.082191	-0.068948	59448.70	86.33
3.5371	0.082754	-0.069276	59451.11	86.49
3.5453	0.082691	-0.069673	59453.52	86.68
3.5524	0.082018	-0.069659	59454.72	86.85
3.5590	0.082242	-0.069881	59457.13	87.01
3.5645	0.082166	-0.069484	59458.33	87.14
3.5694	0.082338	-0.069085	59459.53	87.26
3.5743	0.082806	-0.069319	59460.73	87.38
3.5836	0.082102	-0.069088	59463.14	87.60
3.5863	0.082325	-0.069036	59464.34	87.67
3.5951	0.082885	-0.069001	59466.75	87.88
3.6006	0.082987	-0.069110	59467.95	88.01
3.6044	0.082795	-0.069147	59469.16	88.10
3.6066	0.082927	-0.068969	59470.36	88.16
3.6126	0.083006	-0.069088	59471.56	88.30
3.6192	0.082912	-0.069244	59473.97	88.46
3.6246	0.083017	-0.069266	59475.17	88.59
3.6279	0.082913	-0.069111	59476.38	88.67
3.6317	0.082970	-0.069116	59477.58	88.76
3.6399	0.082820	-0.069206	59479.98	88.96
3.6432	0.082812	-0.069298	59481.19	89.04
3.6509	0.082881	-0.069813	59483.59	89.22
3.6547	0.082220	-0.069707	59486.00	89.32
3.6640	0.081945	-0.070198	59488.41	89.54
3.6673	0.082095	-0.070107	59489.61	89.62
3.6755	0.082037	-0.070157	59492.02	89.82
3.6799	0.081986	-0.070030	59493.22	89.92
3.6837	0.082080	-0.070232	59494.42	90.01
3.6908	0.081939	-0.070316	59496.83	90.19
3.6957	0.082424	-0.070418	59498.03	90.30
3.6968	0.082004	-0.070292	59499.23	90.33
3.7012	0.081992	-0.070324	59500.44	90.44
3.7089	0.081966	-0.070310	59502.84	90.62
3.7127	0.081955	-0.070332	59504.05	90.71
3.7192	0.082083	-0.070393	59505.25	90.87
3.7203	0.082083	-0.070112	59506.45	90.90
3.7247	0.082180	-0.070097	59507.66	91.00
3.7378	0.082386	-0.070256	59510.06	91.32
3.7455	0.082487	-0.070152	59512.47	91.50
3.7499	0.082401	-0.069900	59513.67	91.61
3.7603	0.082470	-0.069377	59516.08	91.86
3.7679	0.082636	-0.069809	59518.48	92.04
3.7734	0.082689	-0.069386	59520.89	92.18
3.7789	0.083150	-0.069336	59522.09	92.31
3.7827	0.083322	-0.069192	59523.30	92.40
3.7914	0.083195	-0.069318	59525.70	92.61
3.7936	0.083052	-0.069423	59526.91	92.66
3.8046	0.083334	-0.069351	59528.11	92.93
3.8100	0.082904	-0.069355	59530.52	93.06
3.8122	0.083255	-0.069548	59531.72	93.11
3.8210	0.083109	-0.069642	59534.13	93.32
3.8254	0.083188	-0.069566	59535.33	93.43
3.8297	0.083169	-0.069751	59536.53	93.53
3.8336	0.083090	-0.069566	59537.73	93.63
3.8385	0.083241	-0.069692	59538.94	93.74
3.8396	0.083188	-0.069719	59540.14	93.77
3.8429	0.083372	-0.069845	59541.34	93.85
3.8500	0.082901	-0.069960	59542.55	94.02
3.8511	0.083016	-0.070281	59543.75	94.05
3.8543	0.082502	-0.069956	59544.95	94.13
3.8582	0.083056	-0.070297	59546.16	94.22
3.8636	0.082698	-0.070515	59547.36	94.35
3.8653	0.082551	-0.070588	59548.56	94.39
3.8680	0.082485	-0.070568	59549.77	94.46
3.8718	0.082524	-0.070704	59550.97	94.55
3.8757	0.082255	-0.070874	59552.17	94.64
3.8795	0.082220	-0.070896	59553.38	94.73
3.8850	0.082236	-0.070923	59554.58	94.87
3.8888	0.082140	-0.071097	59556.98	94.96
3.8932	0.082224	-0.070996	59558.19	95.06
3.9030	0.082099	-0.070858	59560.59	95.30
3.9090	0.082303	-0.070931	59563.00	95.45
3.9172	0.082181	-0.070776	59565.41	95.64
3.9211	0.082441	-0.070517	59566.61	95.74
3.9315	0.082791	-0.070493	59569.02	95.99
3.9326	0.082787	-0.070396	59570.22	96.01
3.9380	0.082804	-0.070208	59571.42	96.15
3.9430	0.083038	-0.070152	59572.63	96.27
3.9506	0.083085	-0.070554	59575.03	96.45
3.9583	0.082955	-0.070540	59577.44	96.64
3.9637	0.082770	-0.070067	59578.64	96.77
3.9670	0.083222	-0.070419	59579.84	96.85
3.9681	0.083105	-0.070560	59581.05	96.87
3.9780	0.082981	-0.070296	59583.45	97.11
3.9829	0.083380	-0.069943	59584.66	97.23
3.9938	0.083713	-0.070012	59587.06	97.49
3.9998	0.083026	-0.070326	59589.47	97.64
4.0048	0.083112	-0.069994	59590.67	97.76
4.0141	0.083891	-0.070214	59593.08	97.98
4.0195	0.083646	-0.070009	59595.48	98.11
4.0277	0.083679	-0.070131	59597.89	98.31
4.0316	0.083779	-0.070045	59599.09	98.41
4.0370	0.083723	-0.070202	59600.30	98.54
4.0441	0.083612	-0.070286	59602.70	98.71
4.0545	0.083830	-0.070845	59605.11	98.96
4.0605	0.083065	-0.070901	59607.52	99.11
4.0622	0.083078	-0.071040	59608.72	99.15
4.0677	0.083044	-0.071143	59611.13	99.28
4.0737	0.082853	-0.071186	59612.33	99.42
4.0775	0.082828	-0.071061	59613.53	99.52
4.0819	0.082909	-0.071222	59614.73	99.62
4.0819	0.082710	-0.071366	59615.94	99.62
4.0895	0.082832	-0.071456	59617.14	99.81
4.0917	0.082803	-0.071394	59618.34	99.86
4.0928	0.082988	-0.071302	59619.55	99.89
4.0988	0.083004	-0.071352	59620.75	100.03
4.1032	0.083006	-0.071362	59621.95	100.14
4.1048	0.082973	-0.071308	59623.16	100.18
4.1125	0.082922	-0.071260	59624.36	100.36
4.1152	0.082897	-0.071302	59625.56	100.43
4.1202	0.083043	-0.071362	59626.77	100.55
4.1213	0.083132	-0.071073	59627.97	100.57
4.1256	0.083296	-0.071325	59629.17	100.68
4.1311	0.083288	-0.071233	59630.38	100.81
4.1344	0.083349	-0.070990	59631.58	100.89
4.1399	0.083474	-0.071142	59632.78	101.02
4.1502	0.083217	-0.071001	59635.19	101.28
4.1590	0.083473	-0.070963	59637.59	101.49
4.1661	0.083542	-0.070970	59640.00	101.66
4.1688	0.083954	-0.070461	59641.20	101.73
4.1803	0.084375	-0.070574	59643.61	102.00
4.1902	0.084403	-0.070184	59646.02	102.24
4.1973	0.084336	-0.070403	59648.42	102.41
4.2033	0.084296	-0.070501	59649.63	102.56
4.2099	0.084272	-0.070525	59652.03	102.72
4.2142	0.084121	-0.070513	59653.23	102.82
4.2181	0.084330	-0.070675	59654.44	102.92
4.2257	0.084150	-0.070776	59656.84	103.10
4.2350	0.084021	-0.070936	59659.25	103.33
4.2394	0.084124	-0.070784	59660.45	103.43
4.2394	0.084305	-0.070938	59661.66	103.43
4.2503	0.084095	-0.070997	59664.06	103.70
4.2558	0.084063	-0.071169	59666.47	103.83
4.2591	0.083977	-0.071173	59667.67	103.91
4.2657	0.083688	-0.071210	59670.08	104.07
4.2711	0.083782	-0.072039	59672.48	104.20
4.2777	0.083255	-0.072068	59674.89	104.36
4.2821	0.083054	-0.072122	59676.09	104.47
4.2875	0.083164	-0.072136	59677.30	104.60
4.2935	0.083068	-0.072351	59679.70	104.75
4.2979	0.082929	-0.072345	59680.91	104.85
4.3028	0.082976	-0.072343	59683.31	104.97
4.3034	0.082992	-0.072391	59684.52	104.98
4.3100	0.082996	-0.072266	59685.72	105.14
4.3160	0.082955	-0.072461	59688.13	105.29
4.3236	0.083090	-0.072492	59690.53	105.48
4.3302	0.083229	-0.072510	59692.94	105.63
4.3340	0.082828	-0.072342	59694.14	105.73
4.3357	0.082953	-0.072429	59695.34	105.77
4.3439	0.082970	-0.072408	59697.75	105.97
4.3515	0.083082	-0.072397	59698.95	106.15
4.3537	0.082915	-0.072532	59700.16	106.20
4.3608	0.083199	-0.072348	59702.56	106.38
4.3701	0.083516	-0.072222	59704.97	106.60
4.3789	0.083287	-0.072407	59707.38	106.82
4.3805	0.083444	-0.072278	59708.58	106.85
4.3843	0.083417	-0.072301	59709.78	106.95
4.3914	0.083669	-0.072058	59712.19	107.12
4.3969	0.083789	-0.071910	59713.39	107.25
4.4018	0.083685	-0.071889	59714.59	107.37
4.4035	0.084212	-0.071621	59715.80	107.41
4.4117	0.084276	-0.071590	59718.20	107.61
4.4161	0.084428	-0.071675	59719.41	107.72
4.4232	0.084357	-0.071608	59720.61	107.89
4.4286	0.084213	-0.071606	59723.02	108.02
4.4297	0.084593	-0.071607	59724.22	108.05
4.4330	0.084041	-0.072287	59725.42	108.13
4.4385	0.083895	-0.072408	59726.63	108.26
4.4494	0.083906	-0.072393	59729.03	108.53
4.4500	0.083690	-0.072245	59730.23	108.54
4.4576	0.084228	-0.072215	59731.44	108.73
4.4620	0.083833	-0.072634	59733.84	108.83
4.4697	0.083816	-0.072590	59736.25	109.02
4.4751	0.083674	-0.072496	59737.45	109.15
4.4790	0.083805	-0.072578	59738.66	109.25
4.4877	0.084282	-0.072219	59741.06	109.46
4.4943	0.084447	-0.072016	59743.47	109.62
4.5014	0.084452	-0.071904	59744.67	109.79
4.5074	0.084616	-0.071752	59747.08	109.94
4.5134	0.084649	-0.071720	59748.28	110.08
4.5178	0.084745	-0.071879	59749.48	110.19
4.5222	0.084284	-0.072456	59750.69	110.30
4.5309	0.084206	-0.072251	59753.09	110.51
4.5342	0.084386	-0.072164	59754.30	110.59
4.5435	0.085006	-0.071789	59756.70	110.81
4.5528	0.084999	-0.072195	59759.11	111.04
4.5615	0.084828	-0.072103	59761.52	111.25
4.5659	0.084658	-0.072410	59762.72	111.36
4.5752	0.084676	-0.072170	59765.13	111.59
4.5807	0.084964	-0.071679	59766.33	111.72
4.5812	0.085422	-0.071728	59767.53	111.73
4.5862	0.085241	-0.072522	59768.73	111.85
4.5966	0.084354	-0.072526	59771.14	112.11
4.5987	0.084669	-0.072751	59772.34	112.16
4.6031	0.084945	-0.072531	59773.55	112.26
4.6108	0.084715	-0.071924	59774.75	112.45
4.6113	0.085064	-0.072222	59775.95	112.46
4.6152	0.084867	-0.072236	59777.16	112.56
4.6190	0.085023	-0.072546	59778.36	112.65
4.6234	0.084757	-0.072271	59779.56	112.76
4.6321	0.084625	-0.072450	59781.97	112.97
4.6359	0.084562	-0.072530	59784.38	113.06
4.6403	0.084587	-0.072390	59785.58	113.17
4.6469	0.083828	-0.073553	59787.98	113.33
4.6529	0.083538	-0.073541	59789.19	113.48
4.6562	0.083689	-0.073709	59790.39	113.56
4.6562	0.083905	-0.073519	59791.59	113.56
4.6600	0.083959	-0.073295	59792.80	113.65
4.6644	0.083818	-0.073580	59794.00	113.76
4.6698	0.083706	-0.073561	59796.41	113.89
4.6731	0.083986	-0.073697	59797.61	113.97
4.6791	0.083730	-0.073715	59800.02	114.12
4.6846	0.083657	-0.073424	59801.22	114.25
4.6890	0.083783	-0.073652	59802.42	114.36
4.6972	0.084424	-0.073623	59804.83	114.56
4.6999	0.083976	-0.073383	59806.03	114.62
4.7043	0.084106	-0.073704	59807.23	114.73
4.7087	0.084289	-0.073442	59808.44	114.84
4.7147	0.084237	-0.073328	59810.84	114.98
4.7262	0.084388	-0.073423	59813.25	115.26
4.7262	0.084191	-0.073535	59814.45	115.26
4.7306	0.084280	-0.073243	59815.66	115.37
4.7409	0.084607	-0.073166	59818.06	115.62
4.7453	0.084823	-0.073124	59820.47	115.73
4.7535	0.084871	-0.072970	59821.67	115.93
4.7563	0.085228	-0.072779	59822.88	116.00
4.7628	0.085129	-0.072679	59824.08	116.16
4.7634	0.085451	-0.072285	59825.28	116.17
4.7672	0.085701	-0.072226	59826.48	116.26
4.7738	0.085778	-0.072441	59827.69	116.42
4.7820	0.085375	-0.072920	59830.09	116.62
4.7863	0.085420	-0.072876	59831.30	116.73
4.7956	0.085256	-0.072926	59833.70	116.96
4.7967	0.085258	-0.072692	59834.91	116.98
4.8038	0.085612	-0.073067	59836.11	117.16
4.8131	0.085640	-0.072831	59838.52	117.38
4.8142	0.085439	-0.072692	59839.72	117.41
4.8235	0.085696	-0.072975	59842.13	117.64
4.8274	0.085547	-0.073023	59843.33	117.73
4.8279	0.085358	-0.073127	59844.53	117.74
4.8350	0.085199	-0.073075	59845.73	117.92
4.8383	0.085324	-0.072903	59846.94	118.00
4.8443	0.085772	-0.072988	59849.34	118.15
4.8498	0.085561	-0.073650	59850.55	118.28
4.8542	0.085141	-0.073874	59852.95	118.39
4.8596	0.085190	-0.073389	59854.16	118.52
4.8607	0.085417	-0.073300	59855.36	118.55
4.8635	0.085106	-0.073450	59856.56	118.61
4.8711	0.085112	-0.073538	59858.97	118.80
4.8760	0.084978	-0.074328	59860.17	118.92
4.8788	0.084776	-0.073934	59861.38	118.99
4.8821	0.084833	-0.073767	59862.58	119.07
4.8842	0.084673	-0.073982	59863.78	119.12
4.8870	0.084785	-0.073804	59864.98	119.19
4.8908	0.084762	-0.074303	59866.19	119.28
4.8925	0.084404	-0.073832	59867.39	119.32
4.8919	0.084931	-0.074400	59868.59	119.31
4.9001	0.084782	-0.074274	59869.80	119.51
4.8996	0.084775	-0.074367	59871.00	119.50
4.9078	0.083978	-0.074872	59873.41	119.70
4.9083	0.083937	-0.075042	59874.61	119.71
4.9149	0.083914	-0.075109	59877.02	119.87
4.9143	0.083699	-0.075282	59878.22	119.86
4.9203	0.083502	-0.075289	59879.42	120.00
4.9203	0.083629	-0.075169	59880.63	120.00
4.9258	0.083755	-0.075229	59881.83	120.14
4.9269	0.083755	-0.075187	59883.03	120.16
4.9296	0.083713	-0.075153	59884.23	120.23
4.9313	0.083787	-0.075096	59885.44	120.27
4.9368	0.083707	-0.075420	59887.84	120.40
4.9417	0.083463	-0.075469	59890.25	120.52
4.9444	0.083524	-0.075331	59891.45	120.59
4.9450	0.083543	-0.075762	59892.66	120.60
4.9477	0.083400	-0.075781	59895.06	120.67
4.9537	0.083857	-0.075061	59897.47	120.82
4.9554	0.083968	-0.074973	59898.67	120.86
4.9614	0.084073	-0.075567	59901.08	121.01
4.9652	0.083973	-0.075289	59903.48	121.10
4.9657	0.083758	-0.075269	59905.89	121.11
4.9674	0.083934	-0.075247	59907.09	121.15
4.9739	0.083842	-0.075207	59908.30	121.31
4.9761	0.083886	-0.075334	59910.70	121.37
4.9794	0.083848	-0.075291	59913.11	121.45
4.9832	0.083564	-0.075450	59915.52	121.54
4.9860	0.083565	-0.075997	59916.72	121.61
4.9898	0.083191	-0.076026	59919.13	121.70
4.9920	0.083266	-0.076017	59920.33	121.76
4.9931	0.083353	-0.075685	59921.53	121.78
4.9925	0.083793	-0.075591	59922.73	121.77
4.9980	0.083746	-0.075467	59923.94	121.90
4.9991	0.083953	-0.075929	59925.14	121.93
4.9986	0.083576	-0.075655	59926.34	121.92
5.0018	0.083589	-0.075637	59927.55	122.00
5.0040	0.083597	-0.075775	59928.75	122.05
5.0046	0.083410	-0.076272	59929.95	122.06
5.0073	0.083024	-0.075722	59931.16	122.13
5.0100	0.083638	-0.075667	59932.36	122.20
5.0111	0.083747	-0.075691	59933.56	122.22
5.0144	0.083523	-0.075836	59935.97	122.30
5.0177	0.083551	-0.075735	59938.38	122.39
5.0182	0.083592	-0.075826	59939.58	122.40
5.0237	0.083640	-0.075768	59941.98	122.53
5.0243	0.083584	-0.075879	59943.19	122.55
5.0243	0.083725	-0.075818	59944.39	122.55
5.0270	0.083529	-0.075868	59945.59	122.61
5.0265	0.083592	-0.075841	59946.80	122.60
5.0259	0.083650	-0.075965	59948.00	122.59
5.0303	0.083462	-0.076031	59950.41	122.69
5.0314	0.083418	-0.076075	59951.61	122.72
5.0352	0.083380	-0.076156	59954.02	122.81
5.0385	0.083510	-0.076117	59955.22	122.89
5.0379	0.083296	-0.076247	59956.42	122.88
5.0368	0.083323	-0.076253	59957.63	122.85
5.0401	0.083273	-0.076342	59960.03	122.93
5.0390	0.083144	-0.076452	59961.23	122.91
5.0407	0.083092	-0.076445	59962.44	122.95
5.0434	0.083082	-0.076458	59964.84	123.01
5.0434	0.082860	-0.076659	59967.25	123.01
5.0451	0.082835	-0.076680	59968.45	123.05
5.0467	0.082903	-0.076716	59969.66	123.09
5.0478	0.082855	-0.076841	59972.06	123.12
5.0483	0.082787	-0.076973	59974.47	123.14
5.0489	0.082659	-0.076961	59975.67	123.15
5.0500	0.082534	-0.077140	59978.08	123.18
5.0505	0.082320	-0.077334	59980.48	123.19
5.0511	0.082238	-0.077273	59982.89	123.20
5.0500	0.082223	-0.077343	59984.09	123.18
5.0511	0.082216	-0.077513	59985.30	123.20
5.0500	0.082007	-0.077601	59987.70	123.18
5.0516	0.081877	-0.077647	59990.11	123.22
5.0483	0.081816	-0.077693	59992.52	123.14
5.0494	0.081865	-0.077753	59993.72	123.16
5.0483	0.081744	-0.077797	59996.13	123.14
5.0494	0.081609	-0.077909	59998.53	123.16
5.0494	0.081644	-0.078077	59999.73	123.16
5.0489	0.081405	-0.078119	60000.94	123.15
5.0494	0.081396	-0.078121	60002.14	123.16
5.0489	0.081404	-0.078248	60003.34	123.15
5.0478	0.081225	-0.078240	60004.55	123.12
5.0478	0.081236	-0.078213	60005.75	123.12
5.0461	0.081191	-0.078328	60006.95	123.08
5.0456	0.081209	-0.078435	60008.16	123.07
5.0461	0.081111	-0.078423	60009.36	123.08
5.0440	0.081047	-0.078404	60010.56	123.03
5.0434	0.080923	-0.078556	60012.97	123.01
5.0429	0.080925	-0.078546	60014.17	123.00
5.0412	0.080843	-0.078602	60015.38	122.96
5.0407	0.080749	-0.078668	60016.58	122.95
5.0396	0.080786	-0.078774	60018.98	122.92
5.0401	0.080550	-0.078890	60020.19	122.93
5.0363	0.080379	-0.078565	60022.59	122.84
5.0358	0.080883	-0.078407	60023.80	122.83
5.0358	0.080876	-0.078513	60025.00	122.83
5.0308	0.080625	-0.078692	60027.41	122.71
5.0314	0.080591	-0.079225	60028.61	122.72
5.0275	0.079694	-0.079522	60031.02	122.63
5.0210	0.079787	-0.079637	60032.22	122.47
5.0177	0.079540	-0.079487	60033.42	122.39
5.0172	0.079598	-0.079944	60034.63	122.37
5.0150	0.078932	-0.080126	60037.03	122.32
5.0090	0.079097	-0.080162	60038.23	122.17
5.0073	0.078803	-0.080212	60039.44	122.13
5.0035	0.078684	-0.080305	60041.84	122.04
4.9958	0.078529	-0.080416	60044.25	121.85
4.9953	0.078584	-0.080645	60045.45	121.84
4.9931	0.078285	-0.080673	60046.66	121.78
4.9887	0.077957	-0.080768	60049.06	121.68
4.9865	0.077886	-0.081128	60050.27	121.62
4.9822	0.077916	-0.080907	60051.47	121.51
4.9772	0.078002	-0.080859	60052.67	121.39
4.9739	0.077847	-0.080980	60055.08	121.31
4.9674	0.077771	-0.080902	60057.48	121.15
4.9636	0.077644	-0.081146	60059.89	121.06
4.9603	0.077290	-0.081180	60061.09	120.98
4.9597	0.077457	-0.081605	60062.30	120.97
4.9570	0.077043	-0.081253	60063.50	120.90
4.9466	0.077503	-0.081519	60065.91	120.65
4.9444	0.077328	-0.081396	60067.11	120.59
4.9395	0.077239	-0.081249	60069.52	120.47
4.9357	0.077231	-0.081554	60070.72	120.38
4.9318	0.076663	-0.081717	60073.13	120.28
4.9275	0.076891	-0.081310	60074.33	120.18
4.9247	0.077109	-0.081470	60075.53	120.11
4.9220	0.076855	-0.081415	60076.73	120.04
4.9203	0.076699	-0.081435	60077.94	120.00
4.9176	0.077049	-0.081260	60079.14	119.94
4.9143	0.076987	-0.081451	60080.34	119.86
4.9110	0.076863	-0.081367	60081.55	119.78
4.9061	0.076756	-0.080955	60082.75	119.66
4.9045	0.076982	-0.081863	60083.95	119.62
4.9012	0.076575	-0.081844	60085.16	119.54
4.8985	0.076481	-0.081740	60086.36	119.47
4.8968	0.076523	-0.082044	60087.56	119.43
4.8914	0.075972	-0.082249	60089.97	119.29
4.8870	0.075676	-0.081818	60091.17	119.19
4.8837	0.076117	-0.081930	60092.38	119.11
4.8810	0.075908	-0.082484	60093.58	119.04
4.8749	0.075749	-0.082421	60095.98	118.89
4.8700	0.075537	-0.082600	60097.19	118.77
4.8651	0.075637	-0.081945	60099.59	118.65
4.8585	0.075911	-0.081862	60100.80	118.49
4.8553	0.075924	-0.082115	60103.20	118.41
4.8498	0.075861	-0.081806	60104.41	118.28
4.8487	0.075925	-0.081920	60105.61	118.25
4.8372	0.075793	-0.081711	60108.02	117.97
4.8350	0.076037	-0.081920	60109.22	117.92
4.8323	0.075695	-0.081966	60110.42	117.85
4.8296	0.075671	-0.081928	60111.63	117.78
4.8203	0.075664	-0.082322	60114.03	117.56
4.8186	0.075238	-0.082175	60115.23	117.52
4.8115	0.075646	-0.082009	60117.64	117.34
4.8104	0.075602	-0.082044	60118.84	117.32
4.8044	0.075562	-0.081843	60120.05	117.17
4.8011	0.075832	-0.081430	60121.25	117.09
4.7978	0.075737	-0.081861	60122.45	117.01
4.7940	0.075476	-0.081731	60123.66	116.92
4.7831	0.075820	-0.081689	60126.06	116.65
4.7792	0.075657	-0.081662	60128.47	116.56
4.7770	0.075621	-0.081546	60129.67	116.50
4.7683	0.075611	-0.081855	60132.08	116.29
4.7628	0.075440	-0.081524	60134.48	116.16
4.7535	0.075304	-0.081910	60136.89	115.93
4.7475	0.075308	-0.081809	60138.09	115.78
4.7459	0.075377	-0.082065	60139.30	115.74
4.7404	0.075042	-0.082054	60141.70	115.61
4.7338	0.075034	-0.082274	60144.11	115.45
4.7240	0.074686	-0.082079	60146.52	115.21
4.7234	0.074934	-0.081791	60147.72	115.20
4.7163	0.074493	-0.082268	60150.13	115.02
4.7141	0.074451	-0.082226	60151.33	114.97
4.7092	0.074547	-0.082015	60152.53	114.85
4.7032	0.074555	-0.082255	60153.73	114.70
4.6977	0.074814	-0.081863	60154.94	114.57
4.6955	0.074679	-0.081971	60156.14	114.52
4.6928	0.074817	-0.081816	60157.34	114.45
4.6901	0.074811	-0.081916	60158.55	114.38
4.6835	0.074828	-0.081872	60159.75	114.22
4.6841	0.074790	-0.081551	60160.95	114.24
4.6780	0.075032	-0.081609	60162.16	114.09
4.6737	0.075075	-0.081521	60163.36	113.98
4.6731	0.074905	-0.081535	60164.56	113.97
4.6627	0.074920	-0.081571	60166.97	113.72
4.6573	0.075058	-0.081618	60168.17	113.58
4.6545	0.074902	-0.081221	60169.38	113.52
4.6502	0.075089	-0.081671	60170.58	113.41
4.6447	0.074726	-0.081785	60172.98	113.28
4.6409	0.074780	-0.081929	60174.19	113.18
4.6348	0.074969	-0.081585	60176.59	113.04
4.6310	0.074620	-0.081543	60177.80	112.94
4.6255	0.074717	-0.081549	60180.20	112.81
4.6212	0.074636	-0.081520	60181.41	112.70
4.6179	0.074768	-0.081405	60182.61	112.62
4.6091	0.074648	-0.081328	60185.02	112.41
4.6086	0.074788	-0.081216	60186.22	112.40
4.6048	0.075009	-0.081303	60187.42	112.30
4.5993	0.075146	-0.081349	60188.63	112.17
4.5916	0.075023	-0.081116	60191.03	111.99
4.5889	0.074922	-0.081168	60192.23	111.92
4.5851	0.074612	-0.081259	60193.44	111.83
4.5785	0.074783	-0.081159	60195.84	111.67
4.5741	0.074758	-0.080816	60197.05	111.56
4.5703	0.074934	-0.081102	60198.25	111.47
4.5681	0.074504	-0.081302	60199.45	111.41
4.5632	0.074703	-0.081052	60200.66	111.29
4.5572	0.074641	-0.081241	60203.06	111.15
4.5484	0.074667	-0.080777	60205.47	110.93
4.5446	0.074831	-0.080748	60206.67	110.84
4.5364	0.074503	-0.081030	60209.08	110.64
4.5293	0.074484	-0.081092	60211.48	110.47
4.5238	0.074372	-0.081225	60213.89	110.34
4.5189	0.074428	-0.081071	60215.09	110.22
4.5129	0.074494	-0.080976	60216.30	110.07
4.5074	0.074618	-0.081015	60218.70	109.94
4.5008	0.074212	-0.081194	60221.11	109.78
4.4954	0.074175	-0.081089	60223.52	109.64
4.4915	0.074377	-0.081277	60224.72	109.55
4.4833	0.073982	-0.081158	60227.13	109.35
4.4779	0.074141	-0.081237	60228.33	109.22
4.4735	0.073910	-0.081317	60229.53	109.11
4.4713	0.073912	-0.081098	60230.73	109.06
4.4697	0.074301	-0.081211	60231.94	109.02
4.4653	0.074092	-0.081261	60233.14	108.91
4.4636	0.074054	-0.080901	60234.34	108.87
4.4565	0.074017	-0.080841	60235.55	108.70
4.4483	0.074081	-0.081071	60237.95	108.50
4.4418	0.074088	-0.080600	60239.16	108.34
4.4401	0.074274	-0.080847	60240.36	108.30
4.4363	0.073935	-0.080931	60241.56	108.21
4.4363	0.073881	-0.080984	60242.77	108.21
4.4319	0.074142	-0.080935	60243.97	108.10
4.4237	0.074247	-0.080953	60246.38	107.90
4.4199	0.073855	-0.080744	60247.58	107.81
4.4117	0.074191	-0.080993	60249.98	107.61
4.4079	0.073911	-0.080708	60251.19	107.52
4.4057	0.074152	-0.080629	60252.39	107.47
4.4018	0.074135	-0.080827	60253.59	107.37
4.3980	0.073978	-0.080734	60254.80	107.28
4.3942	0.074134	-0.080587	60256.00	107.19
4.3876	0.074159	-0.080579	60258.41	107.03
4.3832	0.074356	-0.080385	60259.61	106.92
4.3745	0.074367	-0.080382	60262.02	106.71
4.3718	0.074273	-0.080445	60263.22	106.64
4.3690	0.074375	-0.080385	60264.42	106.58
4.3668	0.074294	-0.080358	60265.63	106.52
4.3597	0.074199	-0.080430	60268.03	106.35
4.3553	0.074058	-0.080347	60269.23	106.24
4.3526	0.074199	-0.080222	60270.44	106.18
4.3488	0.074289	-0.080422	60271.64	106.09
4.3471	0.074230	-0.080240	60272.84	106.05
4.3389	0.074158	-0.080344	60275.25	105.85
4.3357	0.074053	-0.080368	60276.45	105.77
4.3313	0.074251	-0.080320	60277.66	105.66
4.3236	0.074127	-0.080560	60280.06	105.48
4.3165	0.073700	-0.080475	60282.47	105.30
4.3132	0.073683	-0.080478	60283.67	105.22
4.3110	0.073704	-0.080211	60284.88	105.17
4.3061	0.073789	-0.080638	60286.08	105.05
4.2985	0.073640	-0.080537	60288.48	104.87
4.2941	0.073566	-0.080628	60289.69	104.76
4.2881	0.073895	-0.080218	60292.09	104.61
4.2853	0.073774	-0.080298	60293.30	104.55
4.2771	0.073767	-0.080136	60295.70	104.35
4.2684	0.073646	-0.080463	60298.11	104.14
4.2624	0.073787	-0.080141	60300.52	103.99
4.2553	0.073823	-0.079819	60302.92	103.82
4.2509	0.073864	-0.080035	60304.13	103.71
4.2481	0.073766	-0.079900	60305.33	103.65
4.2432	0.073837	-0.079854	60306.53	103.53
4.2421	0.073882	-0.079732	60307.73	103.50
4.2388	0.073998	-0.079803	60308.94	103.42
4.2356	0.073888	-0.079857	60310.14	103.34
4.2312	0.073963	-0.079784	60311.34	103.24
4.2235	0.073929	-0.080102	60313.75	103.05
4.2203	0.073565	-0.079707	60314.95	102.97
4.2159	0.073830	-0.079767	60316.16	102.86
4.2131	0.073697	-0.079929	60317.36	102.80
4.2120	0.073615	-0.079707	60318.56	102.77
4.2033	0.073573	-0.079690	60320.97	102.56
4.1978	0.073907	-0.079531	60323.38	102.43
4.1935	0.073901	-0.079648	60324.58	102.32
4.1929	0.073931	-0.079785	60325.78	102.31
4.1831	0.073614	-0.079815	60328.19	102.07
4.1754	0.073413	-0.079820	60330.59	101.88
4.1727	0.073682	-0.079729	60331.80	101.82
4.1688	0.073604	-0.079638	60333.00	101.73
4.1639	0.073642	-0.079609	60335.41	101.61
4.1606	0.073766	-0.079418	60336.61	101.53
4.1508	0.073721	-0.079345	60339.02	101.29
4.1492	0.073893	-0.079258	60340.22	101.25
4.1464	0.073911	-0.079344	60341.42	101.18
4.1409	0.073780	-0.079424	60342.63	101.05
4.1360	0.073708	-0.079345	60345.03	100.93
4.1333	0.074070	-0.079109	60346.23	100.87
4.1300	0.074089	-0.079032	60347.44	100.79
4.1273	0.073994	-0.079183	60348.64	100.72
4.1256	0.073951	-0.078993	60349.84	100.68
4.1158	0.073705	-0.079111	60352.25	100.44
4.1158	0.073910	-0.079218	60353.45	100.44
4.1092	0.073844	-0.078974	60354.66	100.28
4.1010	0.073869	-0.078927	60357.06	100.08
4.0994	0.074075	-0.078786	60358.27	100.04
4.0961	0.073934	-0.078996	60359.47	99.97
4.0950	0.073796	-0.078908	60360.67	99.94
4.0879	0.073790	-0.079052	60363.08	99.77
4.0775	0.073733	-0.079162	60365.48	99.52
4.0759	0.073661	-0.079153	60367.89	99.48
4.0709	0.073836	-0.078803	60369.09	99.36
4.0644	0.073759	-0.078816	60370.30	99.20
4.0633	0.073648	-0.079002	60372.70	99.17
4.0589	0.073725	-0.078903	60375.11	99.07
4.0496	0.073737	-0.078853	60377.52	98.84
4.0469	0.073688	-0.078972	60378.72	98.78
4.0409	0.073515	-0.078930	60381.13	98.63
4.0370	0.073604	-0.078813	60382.33	98.54
4.0359	0.073589	-0.078757	60383.53	98.51
4.0305	0.073815	-0.078587	60384.73	98.38
4.0272	0.073934	-0.078697	60385.94	98.30
4.0266	0.073674	-0.078951	60387.14	98.29
4.0206	0.073585	-0.078960	60388.34	98.14
4.0168	0.073607	-0.078959	60389.55	98.05
4.0157	0.073449	-0.078773	60390.75	98.02
4.0119	0.073657	-0.078798	60391.95	97.93
4.0080	0.073481	-0.078837	60393.16	97.84
4.0053	0.073455	-0.078727	60394.36	97.77
4.0020	0.073496	-0.078719	60395.56	97.69
3.9966	0.073522	-0.078508	60397.97	97.56
3.9883	0.073797	-0.078405	60400.38	97.36
3.9878	0.073807	-0.078395	60401.58	97.35
3.9812	0.073747	-0.078341	60403.98	97.19
3.9769	0.073724	-0.078227	60405.19	97.08
3.9708	0.073787	-0.078218	60407.59	96.94
3.9687	0.073756	-0.078254	60408.80	96.89
3.9648	0.073883	-0.078224	60410.00	96.79
3.9577	0.073761	-0.078493	60412.41	96.62
3.9539	0.073615	-0.078433	60413.61	96.53
3.9501	0.073437	-0.078502	60416.02	96.44
3.9408	0.073598	-0.078344	60418.42	96.21
3.9402	0.073386	-0.078280	60419.63	96.20
3.9347	0.073745	-0.078115	60422.03	96.07
3.9320	0.073487	-0.078275	60423.23	96.00
3.9298	0.073599	-0.078358	60424.44	95.95
3.9211	0.073687	-0.078159	60426.84	95.74
3.9156	0.073604	-0.078358	60429.25	95.61
3.9085	0.073417	-0.078056	60431.66	95.43
3.9052	0.073805	-0.077848	60434.06	95.35
3.8981	0.073643	-0.077833	60436.47	95.18
3.8970	0.073666	-0.077959	60437.67	95.16
3.8893	0.073763	-0.077949	60440.08	94.97
3.8844	0.073693	-0.078041	60442.48	94.85
3.8795	0.073669	-0.077674	60444.89	94.73
3.8746	0.073665	-0.077756	60446.09	94.62
3.8735	0.073726	-0.077731	60447.30	94.59
3.8647	0.073769	-0.077554	60449.70	94.38
3.8598	0.073684	-0.077652	60452.11	94.26
3.8527	0.073779	-0.077841	60454.52	94.09
3.8533	0.073586	-0.077613	60455.72	94.10
3.8450	0.073819	-0.077605	60458.13	93.90
3.8429	0.073728	-0.077718	60459.33	93.85
3.8401	0.073520	-0.077800	60460.53	93.78
3.8363	0.073397	-0.077634	60461.73	93.69
3.8330	0.073516	-0.077727	60462.94	93.61
3.8303	0.073692	-0.077530	60464.14	93.55
3.8297	0.073658	-0.077561	60465.34	93.53
3.8270	0.073636	-0.077519	60466.55	93.47
3.8237	0.073511	-0.077640	60467.75	93.39
3.8193	0.073504	-0.077712	60468.95	93.28
3.8161	0.073535	-0.077479	60470.16	93.20
3.8144	0.073575	-0.077444	60471.36	93.16
3.8106	0.073643	-0.077483	60472.56	93.07
3.8046	0.073551	-0.077402	60474.97	92.93
3.8002	0.073630	-0.077463	60477.38	92.82
3.7980	0.073464	-0.077457	60478.58	92.77
3.7925	0.073701	-0.077541	60480.98	92.64
3.7893	0.073395	-0.077703	60482.19	92.56
3.7854	0.073443	-0.077356	60484.59	92.47
3.7838	0.073613	-0.077542	60485.80	92.43
3.7800	0.073442	-0.077371	60487.00	92.33
3.7707	0.073498	-0.077554	60489.41	92.11
3.7679	0.073383	-0.077516	60490.61	92.04
3.7668	0.073400	-0.077409	60491.81	92.02
3.7635	0.073470	-0.077469	60493.02	91.94
3.7592	0.073380	-0.077500	60494.22	91.83
3.7559	0.073472	-0.077204	60495.42	91.75
3.7537	0.073574	-0.077278	60496.63	91.70
3.7499	0.073474	-0.076986	60499.03	91.61
3.7493	0.073652	-0.076876	60500.23	91.60
3.7433	0.073453	-0.077211	60502.64	91.45
3.7406	0.073399	-0.077305	60503.84	91.38
3.7329	0.073323	-0.077294	60506.25	91.20
3.7296	0.073401	-0.077374	60507.45	91.12
3.7225	0.073358	-0.077149	60509.86	90.95
3.7225	0.073496	-0.077029	60511.06	90.95
3.7182	0.073523	-0.077138	60513.47	90.84
3.7116	0.073514	-0.076907	60514.67	90.69
3.7067	0.073606	-0.076801	60517.08	90.57
3.7028	0.073520	-0.076920	60519.48	90.48
3.6985	0.073543	-0.076923	60520.69	90.37
3.6974	0.073588	-0.076870	60521.89	90.34
3.6952	0.073456	-0.077087	60523.09	90.29
3.6930	0.073309	-0.076821	60524.30	90.24
3.6919	0.073523	-0.076863	60525.50	90.21
3.6831	0.073501	-0.076969	60527.91	90.00
3.6826	0.073487	-0.077014	60529.11	89.99
3.6766	0.073469	-0.076990	60531.52	89.84
3.6728	0.073532	-0.076696	60532.72	89.75
3.6678	0.073773	-0.076574	60535.13	89.63
3.6635	0.073702	-0.076726	60537.53	89.53
3.6596	0.073565	-0.076628	60538.73	89.43
3.6569	0.073584	-0.076625	60539.94	89.37
3.6536	0.073535	-0.076595	60541.14	89.29
3.6569	0.073522	-0.076515	60542.34	89.37
3.6492	0.073695	-0.076535	60543.55	89.18
3.6503	0.073461	-0.076671	60544.75	89.21
3.6481	0.073382	-0.076785	60545.95	89.16
3.6410	0.073456	-0.076568	60547.16	88.99
3.6416	0.073516	-0.076601	60548.36	89.00
3.6394	0.073664	-0.076596	60549.56	88.95
3.6345	0.073551	-0.076608	60551.97	88.83
3.6328	0.073519	-0.076507	60553.17	88.79
3.6274	0.073556	-0.076554	60554.38	88.66
3.6257	0.073544	-0.076435	60555.58	88.62
3.6252	0.073624	-0.076507	60556.78	88.60
3.6181	0.073579	-0.076619	60559.19	88.43
3.6126	0.073455	-0.076539	60561.59	88.30
3.6104	0.073463	-0.076427	60562.80	88.25
3.6082	0.073504	-0.076342	60564.00	88.20
3.6033	0.073571	-0.076358	60566.41	88.08
3.6017	0.073437	-0.076426	60567.61	88.04
3.5951	0.073510	-0.076440	60570.02	87.88
3.5951	0.073383	-0.076385	60571.22	87.88
3.5929	0.073340	-0.076464	60572.42	87.83
3.5896	0.073408	-0.076456	60573.63	87.75
3.5842	0.073451	-0.076277	60576.03	87.62
3.5820	0.073559	-0.076321	60577.23	87.56
3.5781	0.073474	-0.076274	60578.44	87.47
3.5732	0.073548	-0.076276	60580.84	87.35
3.5688	0.073501	-0.076260	60583.25	87.25
3.5666	0.073461	-0.076204	60584.45	87.20
3.5650	0.073558	-0.076049	60585.66	87.16
3.5601	0.073695	-0.075955	60588.06	87.04
3.5546	0.073516	-0.076227	60590.47	86.91
3.5513	0.073381	-0.076052	60591.67	86.83
3.5470	0.073484	-0.076019	60594.08	86.72
3.5426	0.073546	-0.075876	60596.48	86.62
3.5393	0.073668	-0.075987	60598.89	86.54
3.5371	0.073505	-0.075878	60600.09	86.49
3.5349	0.073656	-0.075855	60601.30	86.43
3.5327	0.073643	-0.075981	60602.50	86.38
3.5267	0.073606	-0.075932	60604.91	86.24
3.5262	0.073613	-0.075772	60606.11	86.22
3.5213	0.073494	-0.075756	60608.52	86.10
3.5185	0.073606	-0.075714	60609.72	86.04
3.5141	0.073760	-0.075681	60612.13	85.93
3.5120	0.073725	-0.075333	60613.33	85.88
3.5070	0.073755	-0.075557	60615.73	85.76
3.5076	0.073768	-0.075528	60616.94	85.77
3.4999	0.073731	-0.075589	60619.34	85.59
3.4988	0.073551	-0.075705	60620.55	85.56
3.4966	0.073727	-0.075641	60621.75	85.51
3.4939	0.073630	-0.075675	60622.95	85.45
3.4906	0.073573	-0.075620	60624.16	85.37
3.4895	0.073667	-0.075702	60625.36	85.34
3.4868	0.073616	-0.075730	60626.56	85.27
3.4808	0.073518	-0.075698	60628.97	85.13
3.4786	0.073555	-0.075763	60630.17	85.08
3.4769	0.073410	-0.075685	60631.38	85.04
3.4742	0.073444	-0.075771	60632.58	84.97
3.4715	0.073469	-0.075732	60633.78	84.91
3.4687	0.073387	-0.075519	60636.19	84.84
3.4655	0.073301	-0.075904	60638.59	84.76
3.4600	0.073237	-0.075965	60639.80	84.63
3.4567	0.073279	-0.075823	60641.00	84.55
3.4540	0.073020	-0.075859	60643.41	84.49
3.4518	0.073293	-0.075752	60644.61	84.43
3.4458	0.073307	-0.075726	60647.02	84.29
3.4447	0.073138	-0.075696	60648.22	84.26
3.4414	0.073668	-0.075388	60649.42	84.18
3.4392	0.073217	-0.075213	60650.63	84.13
3.4348	0.073095	-0.075785	60653.03	84.03
3.4348	0.073139	-0.075631	60654.23	84.03
3.4288	0.073267	-0.075819	60655.44	83.88
3.4266	0.072555	-0.076171	60657.84	83.83
3.4190	0.072816	-0.076061	60660.25	83.64
3.4184	0.072984	-0.075955	60661.45	83.63
3.4146	0.072825	-0.075880	60662.66	83.54
3.4102	0.072909	-0.075970	60665.06	83.43
3.4042	0.072740	-0.076088	60667.47	83.29
3.4026	0.072589	-0.076090	60668.67	83.25
3.3987	0.072781	-0.076067	60671.08	83.16
3.3949	0.072651	-0.076026	60673.48	83.07
3.3889	0.072716	-0.075925	60675.89	82.92
3.3873	0.072697	-0.075877	60677.09	82.88
3.3834	0.072896	-0.075791	60678.30	82.79
3.3785	0.072583	-0.076012	60680.70	82.67
3.3758	0.072673	-0.076114	60681.91	82.60
3.3741	0.072547	-0.075952	60683.11	82.57
3.3665	0.072737	-0.075962	60685.52	82.38
3.3654	0.072669	-0.076071	60686.72	82.36
3.3621	0.072405	-0.076025	60689.13	82.28
3.3594	0.072614	-0.076050	60690.33	82.21
3.3572	0.072605	-0.075851	60691.53	82.16
3.3544	0.072562	-0.075840	60692.73	82.09
3.3517	0.072630	-0.076179	60693.94	82.03
3.3501	0.072518	-0.075783	60695.14	81.99
3.3435	0.072420	-0.075722	60697.55	81.83
3.3413	0.072583	-0.076296	60698.75	81.78
3.3402	0.072337	-0.076184	60699.95	81.75
3.3369	0.072473	-0.075890	60701.16	81.67
3.3320	0.072197	-0.076243	60703.56	81.55
3.3254	0.072259	-0.075914	60705.97	81.40
3.3222	0.072438	-0.075982	60708.38	81.32
3.3167	0.072602	-0.075726	60710.78	81.19
3.3118	0.072420	-0.075982	60713.19	81.07
3.3101	0.072330	-0.075867	60714.39	81.03
3.3047	0.072646	-0.075590	60716.80	80.90
3.3003	0.072740	-0.075687	60718.00	80.79
3.2986	0.072275	-0.075835	60720.41	80.75
3.2943	0.072486	-0.075822	60721.61	80.65
3.2888	0.072489	-0.075891	60724.02	80.51
3.2866	0.072093	-0.076138	60725.22	80.46
3.2855	0.072096	-0.076073	60726.42	80.44
3.2844	0.072177	-0.075948	60727.63	80.41
3.2795	0.072381	-0.075786	60730.03	80.29
3.2757	0.072424	-0.075888	60731.23	80.20
3.2735	0.072350	-0.075664	60732.44	80.15
3.2697	0.072412	-0.075651	60734.84	80.05
3.2647	0.072367	-0.075547	60736.05	79.94
3.2636	0.072262	-0.076270	60737.25	79.91
3.2582	0.071772	-0.076157	60738.45	79.78
3.2565	0.071810	-0.076042	60739.66	79.74
3.2532	0.071781	-0.076026	60742.06	79.66
3.2478	0.071761	-0.076131	60744.47	79.53
3.2456	0.071863	-0.075702	60745.67	79.48
3.2407	0.072327	-0.075834	60748.08	79.36
3.2347	0.072073	-0.075990	60750.48	79.21
3.2286	0.072008	-0.076173	60752.89	79.07
3.2270	0.071680	-0.076051	60754.09	79.03
3.2259	0.072028	-0.075685	60755.30	79.00
3.2204	0.072260	-0.075660	60757.70	78.87
3.2166	0.072206	-0.075727	60758.91	78.78
3.2144	0.072001	-0.075810	60760.11	78.73
3.2100	0.072020	-0.075697	60762.52	78.62
3.2068	0.072206	-0.075494	60763.72	78.54
3.2029	0.071812	-0.075660	60766.13	78.45
3.1975	0.071988	-0.075437	60768.53	78.32
3.1936	0.072300	-0.075508	60770.94	78.23
3.1876	0.072095	-0.075437	60773.34	78.08
3.1832	0.072288	-0.075310	60775.75	77.98
3.1778	0.071964	-0.075718	60778.16	77.85
3.1778	0.071628	-0.075808	60779.36	77.85
3.1750	0.071925	-0.075347	60780.56	77.78
3.1690	0.072122	-0.075971	60782.97	77.64
3.1663	0.071707	-0.075515	60785.38	77.57
3.1603	0.071768	-0.075674	60787.78	77.43
3.1564	0.071697	-0.075945	60790.19	77.33
3.1504	0.071921	-0.075866	60792.59	77.19
3.1488	0.071682	-0.075958	60793.80	77.15
3.1455	0.071317	-0.075646	60795.00	77.07
3.1400	0.071636	-0.075663	60797.41	76.94
3.1389	0.071829	-0.075743	60798.61	76.91
3.1324	0.071512	-0.075651	60801.02	76.76
3.1302	0.071690	-0.075811	60802.22	76.70
3.1285	0.071669	-0.075787	60803.42	76.66
3.1253	0.071666	-0.075880	60804.63	76.59
3.1198	0.071456	-0.075678	60807.03	76.45
3.1198	0.071571	-0.075667	60808.23	76.45
3.1165	0.071484	-0.075473	60809.44	76.37
3.1132	0.071801	-0.075498	60811.84	76.30
3.1089	0.071860	-0.075369	60813.05	76.19
3.1072	0.071931	-0.075365	60814.25	76.15
3.1045	0.071933	-0.075575	60815.45	76.09
3.1034	0.071914	-0.075255	60816.66	76.06
3.0974	0.072103	-0.075357	60819.06	75.91
3.0924	0.071457	-0.075576	60821.47	75.80
3.0903	0.071598	-0.075539	60822.67	75.74
3.0892	0.071515	-0.075613	60823.88	75.72
3.0853	0.071413	-0.075398	60825.08	75.63
3.0810	0.071779	-0.075324	60827.48	75.52
3.0755	0.071529	-0.075569	60829.89	75.39
3.0744	0.072170	-0.075004	60832.30	75.36
3.0662	0.071738	-0.075362	60834.70	75.17
3.0624	0.071687	-0.075394	60837.11	75.07
3.0569	0.071754	-0.075281	60839.52	74.94
3.0558	0.071775	-0.075188	60840.72	74.92
3.0531	0.071744	-0.075133	60843.13	74.85
3.0481	0.071921	-0.075226	60844.33	74.73
3.0454	0.071751	-0.074919	60845.53	74.67
3.0427	0.071923	-0.074899	60846.73	74.60
3.0383	0.071739	-0.075156	60847.94	74.50
3.0394	0.072006	-0.074809	60849.14	74.52
3.0356	0.072100	-0.074755	60850.34	74.43
3.0334	0.072207	-0.074918	60851.55	74.38
3.0317	0.071967	-0.074601	60853.95	74.34
3.0279	0.072339	-0.074423	60855.16	74.25
3.0263	0.072502	-0.074648	60856.36	74.21
3.0230	0.072062	-0.074679	60857.56	74.13
3.0208	0.072174	-0.074708	60859.97	74.08
3.0186	0.072386	-0.074597	60862.38	74.02
3.0159	0.072319	-0.074791	60863.58	73.96
3.0115	0.072102	-0.074445	60864.78	73.85
3.0099	0.071874	-0.074719	60867.19	73.81
3.0077	0.072199	-0.074540	60869.59	73.76
3.0027	0.072238	-0.074536	60870.80	73.64
3.0006	0.072044	-0.074607	60872.00	73.59
2.9967	0.072245	-0.074448	60874.41	73.50
2.9934	0.072202	-0.074586	60875.61	73.42
2.9880	0.072185	-0.074474	60878.02	73.29
2.9863	0.072277	-0.074406	60879.22	73.25
2.9847	0.072237	-0.074586	60880.42	73.21
2.9836	0.072156	-0.074477	60881.63	73.18
2.9798	0.072392	-0.074615	60884.03	73.09
2.9787	0.072124	-0.074406	60885.23	73.06
2.9716	0.072135	-0.074489	60887.64	72.89
2.9710	0.072242	-0.074400	60890.05	72.88
2.9639	0.072288	-0.074383	60892.45	72.71
2.9661	0.072427	-0.074364	60893.66	72.76
2.9634	0.072180	-0.074166	60896.06	72.70
2.9573	0.072613	-0.074006	60898.47	72.55
2.9546	0.072365	-0.074071	60899.67	72.49
2.9491	0.072287	-0.074412	60902.08	72.35
2.9459	0.072050	-0.074266	60904.48	72.28
2.9431	0.071801	-0.074333	60906.89	72.21
2.9415	0.072145	-0.074310	60908.09	72.17
2.9388	0.072265	-0.074324	60909.30	72.10
2.9371	0.072223	-0.074054	60911.70	72.06
2.9322	0.072642	-0.073971	60914.11	71.95
2.9278	0.072334	-0.074149	60916.52	71.84
2.9240	0.072293	-0.073943	60917.72	71.75
2.9240	0.072586	-0.073775	60920.13	71.75
2.9202	0.072670	-0.073624	60921.33	71.66
2.9180	0.072764	-0.073915	60922.53	71.60
2.9147	0.072309	-0.073836	60923.73	71.53
2.9147	0.072383	-0.074143	60924.94	71.53
2.9136	0.071892	-0.074174	60926.14	71.50
2.9109	0.072204	-0.073972	60927.34	71.43
2.9081	0.072323	-0.074040	60928.55	71.37
2.9070	0.072140	-0.074238	60929.75	71.34
2.9043	0.072216	-0.074146	60930.95	71.28
2.9016	0.072047	-0.074093	60932.16	71.21
2.9032	0.072130	-0.074438	60933.36	71.25
2.8994	0.071932	-0.074191	60934.56	71.16
2.8945	0.072551	-0.073888	60936.97	71.04
2.8917	0.072334	-0.073973	60939.38	70.97
2.8906	0.072364	-0.073846	60940.58	70.95
2.8873	0.072657	-0.073531	60942.98	70.87
2.8846	0.072508	-0.073795	60944.19	70.80
2.8830	0.072497	-0.073802	60945.39	70.76
2.8824	0.072531	-0.073742	60946.59	70.75
2.8780	0.072544	-0.073816	60947.80	70.65
2.8764	0.072613	-0.073768	60950.20	70.61
2.8737	0.072395	-0.073634	60951.41	70.54
2.8720	0.072676	-0.073629	60952.61	70.50
2.8698	0.072438	-0.073772	60955.02	70.45
2.8666	0.072528	-0.073520	60957.42	70.37
2.8633	0.072753	-0.073496	60958.63	70.29
2.8600	0.072860	-0.073203	60961.03	70.21
2.8594	0.072929	-0.073319	60962.23	70.20
2.8562	0.072878	-0.073343	60963.44	70.12
2.8534	0.072926	-0.073125	60965.84	70.05
2.8491	0.072910	-0.073406	60967.05	69.95
2.8485	0.072542	-0.073479	60968.25	69.94
2.8485	0.072576	-0.073731	60969.45	69.94
2.8447	0.072510	-0.073603	60970.66	69.84
2.8419	0.072477	-0.073282	60973.06	69.78
2.8398	0.072777	-0.073368	60974.27	69.73
2.8392	0.072614	-0.073430	60975.47	69.71
2.8392	0.072512	-0.073469	60976.67	69.71
2.8332	0.072681	-0.073327	60979.08	69.57
2.8305	0.072704	-0.073268	60981.48	69.50
2.8272	0.072612	-0.073570	60983.89	69.42
2.8244	0.072518	-0.073598	60985.09	69.36
2.8212	0.072478	-0.073555	60986.30	69.28
2.8212	0.072283	-0.073465	60988.70	69.28
2.8184	0.072506	-0.073441	60991.11	69.21
2.8157	0.072267	-0.073559	60993.52	69.15
2.8135	0.072382	-0.073411	60994.72	69.09
2.8069	0.072440	-0.073361	60997.13	68.94
2.8080	0.072569	-0.073181	60998.33	68.96
2.8037	0.072659	-0.073441	60999.53	68.86
2.8037	0.072464	-0.073469	61000.73	68.86
2.8015	0.072392	-0.073467	61003.14	68.80
2.8015	0.072384	-0.073482	61004.34	68.80
2.7960	0.072400	-0.073467	61005.55	68.67
2.7949	0.072509	-0.073671	61006.75	68.65
2.7933	0.072206	-0.073815	61007.95	68.61
2.7916	0.072053	-0.073707	61009.16	68.57
2.7916	0.072172	-0.073682	61010.36	68.57
2.7878	0.072115	-0.073545	61011.56	68.48
2.7862	0.072269	-0.073496	61013.97	68.44
2.7856	0.072296	-0.073561	61015.17	68.42
2.7796	0.072085	-0.073610	61017.58	68.28
2.7769	0.072089	-0.073633	61019.98	68.21
2.7730	0.072243	-0.073478	61022.39	68.12
2.7697	0.072076	-0.073485	61024.80	68.04
2.7681	0.072161	-0.073435	61026.00	68.00
2.7654	0.072600	-0.073327	61028.41	67.94
2.7648	0.072526	-0.073346	61029.61	67.92
2.7599	0.072410	-0.073101	61032.02	67.81
2.7572	0.072442	-0.073122	61034.42	67.74
2.7544	0.072410	-0.073153	61035.63	67.67
2.7539	0.072539	-0.073058	61038.03	67.66
2.7512	0.072503	-0.073152	61039.23	67.60
2.7501	0.072468	-0.073137	61040.44	67.57
2.7462	0.072274	-0.073397	61042.84	67.48
2.7446	0.072346	-0.073049	61044.05	67.44
2.7424	0.072619	-0.072966	61045.25	67.38
2.7408	0.072470	-0.073170	61046.45	67.35
2.7391	0.072512	-0.072993	61048.86	67.31
2.7375	0.072623	-0.073127	61050.06	67.27
2.7364	0.072555	-0.072865	61051.27	67.24
2.7331	0.072780	-0.072966	61052.47	67.16
2.7331	0.072685	-0.072925	61053.67	67.16
2.7315	0.072643	-0.072866	61054.88	67.12
2.7298	0.072548	-0.072929	61056.08	67.08
2.7276	0.072499	-0.073127	61058.48	67.03
2.7238	0.072589	-0.072767	61060.89	66.94
2.7222	0.072839	-0.072651	61062.09	66.90
2.7211	0.072772	-0.072768	61063.30	66.87
2.7178	0.072825	-0.072622	61065.70	66.79
2.7161	0.072868	-0.072652	61066.91	66.75
2.7145	0.072878	-0.072719	61068.11	66.71
2.7140	0.072834	-0.072773	61070.52	66.70
2.7096	0.072814	-0.072560	61071.72	66.60
2.7074	0.072771	-0.072768	61074.13	66.54
2.7058	0.072691	-0.073139	61075.33	66.50
2.7019	0.072573	-0.072574	61077.73	66.41
2.7014	0.072833	-0.072652	61078.94	66.40
2.6997	0.072724	-0.072764	61080.14	66.36
2.6981	0.072681	-0.072813	61081.34	66.32
2.6970	0.072499	-0.072925	61082.55	66.29
2.6948	0.072315	-0.072780	61083.75	66.24
2.6948	0.072642	-0.072750	61084.95	66.24
2.6926	0.072657	-0.072638	61086.16	66.19
2.6921	0.072720	-0.072667	61087.36	66.17
2.6910	0.072698	-0.072514	61088.56	66.15
2.6861	0.072726	-0.072933	61090.97	66.03
2.6839	0.072459	-0.072829	61093.38	65.98
2.6811	0.072488	-0.072766	61094.58	65.91
2.6779	0.072549	-0.072853	61095.78	65.83
2.6773	0.072414	-0.072833	61098.19	65.82
2.6718	0.072622	-0.072737	61100.59	65.69
2.6724	0.072617	-0.072692	61101.80	65.70
2.6702	0.072553	-0.072682	61103.00	65.65
2.6680	0.072684	-0.072558	61105.41	65.60
2.6669	0.072689	-0.072668	61106.61	65.57
2.6620	0.072865	-0.072356	61109.02	65.45
2.6609	0.072897	-0.072358	61110.22	65.42
2.6587	0.072712	-0.072495	61111.42	65.37
2.6593	0.072632	-0.072659	61112.63	65.39
2.6549	0.072669	-0.072570	61115.03	65.28
2.6532	0.072685	-0.072507	61116.23	65.24
2.6516	0.072650	-0.072421	61117.44	65.20
2.6505	0.072644	-0.072542	61119.84	65.17
2.6461	0.072690	-0.072558	61122.25	65.07
2.6440	0.072679	-0.072453	61123.45	65.02
2.6445	0.072759	-0.072474	61124.66	65.03
2.6412	0.072729	-0.072517	61125.86	64.95
2.6401	0.072588	-0.072774	61127.06	64.92
2.6385	0.072319	-0.072718	61128.27	64.89
2.6379	0.072528	-0.072607	61129.47	64.87
2.6368	0.072549	-0.072735	61130.67	64.85
2.6341	0.072292	-0.072707	61133.08	64.78
2.6325	0.072594	-0.072604	61135.48	64.74
2.6275	0.072663	-0.072829	61137.89	64.62
2.6281	0.072377	-0.072678	61139.09	64.64
2.6254	0.072649	-0.072577	61140.30	64.57
2.6243	0.072669	-0.072669	61141.50	64.54
2.6226	0.072416	-0.072720	61143.91	64.50
2.6199	0.072250	-0.072715	61145.11	64.44
2.6177	0.072656	-0.072489	61147.52	64.39
2.6177	0.072667	-0.072433	61148.72	64.39
2.6117	0.072787	-0.072215	61151.13	64.24
2.6128	0.072930	-0.072193	61152.33	64.27
2.6095	0.072941	-0.072261	61153.53	64.19
2.6111	0.072843	-0.072380	61154.73	64.23
2.6100	0.072751	-0.072260	61155.94	64.20
2.6073	0.072859	-0.072341	61157.14	64.14
2.6046	0.072772	-0.072449	61158.34	64.07
2.6040	0.072611	-0.072320	61159.55	64.06
2.6040	0.072798	-0.072419	61160.75	64.06
2.6007	0.072818	-0.072455	61161.95	63.98
2.6013	0.072717	-0.072388	61163.16	63.99
2.5980	0.072665	-0.072360	61164.36	63.91
2.5986	0.072692	-0.072412	61165.56	63.92
2.5958	0.072692	-0.072196	61167.97	63.86
2.5953	0.072693	-0.072282	61170.38	63.85
2.5942	0.072885	-0.072240	61171.58	63.82
2.5898	0.072638	-0.072312	61172.78	63.71
2.5893	0.072670	-0.072481	61175.19	63.70
2.5854	0.072655	-0.072383	61177.59	63.61
2.5838	0.072676	-0.072464	61178.80	63.57
2.5843	0.072472	-0.072425	61180.00	63.58
2.5805	0.072756	-0.072217	61182.41	63.49
2.5805	0.072940	-0.072154	61183.61	63.49
2.5767	0.072739	-0.072199	61186.02	63.40
2.5739	0.072815	-0.072128	61187.22	63.33
2.5750	0.072801	-0.072068	61188.42	63.36
2.5712	0.073029	-0.072004	61189.63	63.27
2.5707	0.073046	-0.072094	61192.03	63.25
2.5701	0.072982	-0.071865	61193.23	63.24
2.5685	0.073143	-0.071924	61194.44	63.20
2.5663	0.073064	-0.071863	61196.84	63.15
2.5619	0.073088	-0.071907	61199.25	63.04
2.5614	0.072892	-0.071662	61201.66	63.03
2.5608	0.073395	-0.071954	61202.86	63.02
2.5592	0.072842	-0.072523	61205.27	62.98
2.5553	0.072447	-0.072619	61206.47	62.88
2.5532	0.072586	-0.072357	61208.88	62.83
2.5521	0.072401	-0.072343	61210.08	62.81
2.5499	0.072742	-0.072137	61212.48	62.75
2.5471	0.072504	-0.072222	61214.89	62.69
2.5444	0.072652	-0.072283	61216.09	62.62
2.5417	0.072490	-0.072388	61217.30	62.56
2.5428	0.072669	-0.072230	61219.70	62.58
2.5389	0.072564	-0.072421	61222.11	62.49
2.5373	0.072609	-0.072260	61224.52	62.45
2.5335	0.072610	-0.072230	61225.72	62.36
2.5313	0.072773	-0.072131	61228.13	62.30
2.5302	0.072610	-0.072126	61229.33	62.28
2.5285	0.072822	-0.072039	61230.53	62.24
2.5302	0.072854	-0.072038	61231.73	62.28
2.5280	0.072900	-0.072142	61232.94	62.23
2.5264	0.072777	-0.072113	61234.14	62.19
2.5253	0.072733	-0.072238	61235.34	62.16
2.5209	0.072483	-0.072149	61236.55	62.05
2.5220	0.072649	-0.072383	61237.75	62.08
2.5198	0.072578	-0.072220	61238.95	62.03
2.5203	0.072451	-0.072249	61240.16	62.04
2.5149	0.072541	-0.072109	61242.56	61.91
2.5149	0.072758	-0.071918	61244.97	61.91
2.5132	0.072840	-0.071910	61247.38	61.87
2.5121	0.072751	-0.071886	61248.58	61.84
2.5089	0.072751	-0.072030	61250.98	61.77
2.5061	0.072711	-0.072020	61252.19	61.70
2.5045	0.072696	-0.071927	61254.59	61.66
2.5012	0.072657	-0.072004	61255.80	61.58
2.5006	0.072787	-0.072129	61258.20	61.57
2.4996	0.072523	-0.072021	61259.41	61.54
2.4985	0.072734	-0.071932	61260.61	61.51
2.4952	0.072883	-0.072106	61263.02	61.44
2.4963	0.072663	-0.072049	61264.22	61.46
2.4935	0.072711	-0.072035	61265.42	61.40
2.4914	0.072546	-0.071881	61266.63	61.34
2.4892	0.072917	-0.071815	61269.03	61.29
2.4881	0.072862	-0.071734	61270.23	61.26
2.4853	0.072835	-0.071877	61272.64	61.20
2.4853	0.072641	-0.071935	61273.84	61.20
2.4826	0.072816	-0.071877	61276.25	61.13
2.4815	0.072909	-0.071747	61277.45	61.11
2.4799	0.072819	-0.071941	61278.66	61.07
2.4771	0.072749	-0.071864	61281.06	61.00
2.4744	0.073016	-0.071965	61282.27	60.93
2.4738	0.072770	-0.071925	61283.47	60.92
2.4749	0.072940	-0.071851	61284.67	60.95
2.4706	0.073002	-0.071704	61287.08	60.84
2.4689	0.072973	-0.071785	61289.48	60.80
2.4662	0.072562	-0.072179	61291.89	60.74
2.4656	0.072721	-0.072016	61293.09	60.72
2.4662	0.072875	-0.072030	61294.30	60.74
2.4624	0.072889	-0.072045	61296.70	60.65
2.4602	0.072781	-0.072170	61297.91	60.59
2.4602	0.072846	-0.072270	61299.11	60.59
2.4574	0.072686	-0.072106	61301.52	60.53
2.4547	0.072671	-0.072888	61303.92	60.46
2.4563	0.073653	-0.072757	61305.13	60.50
2.4525	0.073672	-0.072707	61306.33	60.41
2.4503	0.073468	-0.072740	61308.73	60.36
2.4487	0.073506	-0.072730	61311.14	60.32
2.4454	0.073561	-0.072550	61312.34	60.24
2.4471	0.073569	-0.072494	61313.55	60.28
2.4443	0.073723	-0.072464	61314.75	60.21
2.4427	0.073696	-0.072459	61315.95	60.17
2.4416	0.073790	-0.072415	61317.19	60.14
2.4394	0.073855	-0.072516	61319.56	60.09
2.4377	0.073602	-0.072504	61321.97	60.05
2.4350	0.073855	-0.072547	61324.38	59.99
2.4350	0.073483	-0.072461	61325.58	59.99
2.4334	0.073561	-0.072247	61327.98	59.95
2.4312	0.073823	-0.072355	61329.19	59.89
2.4263	0.073520	-0.072559	61331.59	59.78
2.4268	0.073357	-0.072629	61332.80	59.79
2.4257	0.073586	-0.072520	61334.00	59.76
2.4241	0.073472	-0.072586	61336.41	59.72
2.4235	0.073511	-0.072536	61337.61	59.71
2.4192	0.073511	-0.072461	61340.02	59.60
2.4197	0.073557	-0.072427	61341.22	59.62
2.4170	0.073616	-0.072438	61342.42	59.55
2.4142	0.073477	-0.072476	61343.63	59.49
2.4159	0.073529	-0.072422	61346.03	59.52
2.4137	0.073512	-0.072515	61347.23	59.47
2.4120	0.073589	-0.072612	61348.44	59.43
2.4109	0.073483	-0.072385	61349.64	59.41
2.4088	0.073542	-0.072547	61350.84	59.35
2.4066	0.073474	-0.072496	61352.05	59.30
2.4077	0.073415	-0.072499	61353.25	59.33
2.4060	0.073429	-0.072468	61354.45	59.29
2.4049	0.073503	-0.072493	61355.66	59.26
2.4022	0.073236	-0.072469	61358.06	59.20
2.4011	0.073390	-0.072398	61360.47	59.17
2.3989	0.073468	-0.072530	61361.67	59.12
2.3951	0.073338	-0.072472	61364.08	59.02
2.3940	0.073694	-0.072151	61366.48	59.00
2.3934	0.073572	-0.072310	61367.69	58.98
2.3918	0.073437	-0.072406	61368.89	58.94
2.3902	0.073482	-0.072217	61370.09	58.91
2.3880	0.073657	-0.072127	61371.30	58.85
2.3869	0.073678	-0.072122	61373.70	58.83
2.3847	0.073563	-0.072305	61376.11	58.77
2.3847	0.073637	-0.072252	61378.52	58.77
2.3820	0.073497	-0.072284	61379.72	58.71
2.3814	0.073718	-0.072053	61382.13	58.69
2.3787	0.073502	-0.072306	61383.33	58.63
2.3787	0.073497	-0.072062	61384.53	58.63
2.3765	0.073372	-0.072263	61385.73	58.58
2.3759	0.073577	-0.072217	61386.94	58.56
2.3759	0.073400	-0.072264	61388.14	58.56
2.3727	0.073533	-0.072045	61389.34	58.48
2.3721	0.073591	-0.072232	61390.55	58.47
2.3716	0.073606	-0.072025	61391.75	58.46
2.3716	0.073765	-0.072084	61392.95	58.46
2.3699	0.073618	-0.071839	61394.16	58.42
2.3699	0.073627	-0.072114	61395.36	58.42
2.3672	0.073688	-0.072112	61396.56	58.35
2.3645	0.073660	-0.072052	61398.97	58.29
2.3628	0.073537	-0.072339	61400.17	58.25
2.3612	0.073299	-0.072289	61401.38	58.21
2.3601	0.073519	-0.072174	61402.58	58.18
2.3612	0.073536	-0.072188	61403.78	58.21
2.3584	0.073452	-0.071980	61406.19	58.14
2.3541	0.073550	-0.072090	61408.59	58.03
2.3557	0.073545	-0.072042	61409.80	58.07
2.3541	0.073664	-0.072109	61411.00	58.03
2.3519	0.073574	-0.071995	61413.41	57.98
2.3502	0.073595	-0.072065	61414.61	57.94
2.3475	0.073630	-0.071923	61417.02	57.88
2.3470	0.073820	-0.071954	61418.22	57.86
2.3464	0.073626	-0.071922	61419.42	57.85
2.3470	0.073719	-0.071843	61420.63	57.86
2.3437	0.073725	-0.071912	61423.03	57.78
2.3420	0.073751	-0.071895	61425.44	57.74
2.3404	0.073691	-0.071841	61427.84	57.70
2.3382	0.073717	-0.071855	61429.05	57.65
2.3382	0.073725	-0.071773	61430.25	57.65
2.3377	0.073857	-0.071662	61431.45	57.64
2.3349	0.073788	-0.071734	61432.66	57.57
2.3349	0.073841	-0.071750	61433.86	57.57
2.3355	0.073624	-0.071800	61435.06	57.59
2.3322	0.073736	-0.071842	61437.47	57.51
2.3305	0.073695	-0.071871	61439.88	57.47
2.3295	0.073760	-0.071937	61441.08	57.44
2.3284	0.073383	-0.072023	61442.28	57.41
2.3251	0.073458	-0.072130	61443.48	57.34
2.3267	0.073409	-0.072017	61444.69	57.37
2.3245	0.073539	-0.072081	61447.09	57.32
2.3234	0.073526	-0.072040	61448.30	57.30
2.3202	0.073530	-0.072008	61450.70	57.22
2.3191	0.073512	-0.072076	61453.11	57.19
2.3169	0.073532	-0.071924	61455.52	57.14
2.3163	0.073588	-0.071954	61456.72	57.12
2.3147	0.073507	-0.072123	61459.13	57.08
2.3125	0.073458	-0.071935	61460.33	57.03
2.3125	0.073576	-0.071857	61461.53	57.03
2.3114	0.073436	-0.071953	61462.73	57.01
2.3092	0.073536	-0.071863	61463.94	56.95
2.3087	0.073566	-0.071959	61465.14	56.94
2.3087	0.073562	-0.071795	61466.34	56.94
2.3070	0.073713	-0.071739	61467.55	56.90
2.3054	0.073766	-0.071847	61468.75	56.86
2.3059	0.073535	-0.071939	61469.95	56.87
2.3048	0.073493	-0.071787	61471.16	56.85
2.3048	0.073620	-0.071820	61472.36	56.85
2.3027	0.073695	-0.071790	61473.56	56.79
2.3010	0.073615	-0.071968	61475.97	56.75
2.2977	0.073733	-0.071946	61478.38	56.68
2.2988	0.073627	-0.071867	61479.58	56.70
2.2955	0.073685	-0.071717	61481.98	56.62
2.2955	0.073737	-0.071798	61483.19	56.62
2.2950	0.073683	-0.071812	61484.39	56.61
2.2928	0.073690	-0.071737	61485.59	56.56
2.2928	0.073599	-0.071951	61486.80	56.56
2.2895	0.073549	-0.071878	61488.00	56.48
2.2912	0.073718	-0.071690	61490.41	56.52
2.2879	0.073765	-0.071638	61491.61	56.44
2.2890	0.073938	-0.071669	61494.02	56.46
2.2857	0.073738	-0.071600	61495.22	56.38
2.2835	0.073701	-0.071870	61497.63	56.33
2.2830	0.073744	-0.071615	61500.03	56.32
2.2802	0.073589	-0.071600	61502.44	56.25
2.2780	0.073801	-0.071651	61504.84	56.20
2.2769	0.073775	-0.071610	61507.25	56.17
2.2753	0.073768	-0.071573	61508.45	56.13
2.2748	0.073830	-0.071562	61509.66	56.12
2.2726	0.073748	-0.071458	61512.06	56.07
2.2726	0.073851	-0.071409	61513.27	56.07
2.2715	0.073957	-0.071393	61514.47	56.04
2.2715	0.074071	-0.071568	61515.67	56.04
2.2677	0.073973	-0.071448	61518.08	55.95
2.2666	0.073945	-0.071411	61520.48	55.92
2.2638	0.073888	-0.071382	61522.89	55.86
2.2633	0.073736	-0.071495	61524.09	55.84
2.2644	0.073882	-0.071312	61525.30	55.87
2.2633	0.073767	-0.071504	61527.70	55.84
2.2627	0.073821	-0.071322	61530.11	55.83
2.2589	0.073624	-0.071519	61532.52	55.74
2.2583	0.073834	-0.071418	61533.72	55.72
2.2578	0.073830	-0.071380	61536.13	55.71
2.2551	0.073927	-0.071351	61537.33	55.64
2.2556	0.073899	-0.071234	61538.53	55.66
2.2545	0.073997	-0.071226	61539.73	55.63
2.2540	0.073952	-0.071352	61540.94	55.62
2.2529	0.073996	-0.071468	61542.14	55.59
2.2501	0.073844	-0.071362	61543.34	55.53
2.2518	0.073883	-0.071484	61544.55	55.57
2.2501	0.073830	-0.071439	61545.75	55.53
2.2469	0.073808	-0.071539	61548.16	55.45
2.2469	0.073761	-0.071492	61550.56	55.45
2.2436	0.073779	-0.071612	61552.97	55.37
2.2447	0.073646	-0.071711	61554.17	55.39
2.2441	0.073688	-0.071481	61555.38	55.38
2.2403	0.073788	-0.071447	61557.78	55.29
2.2414	0.073731	-0.071526	61560.19	55.31
2.2376	0.073745	-0.071411	61561.39	55.22
2.2414	0.073896	-0.071405	61562.59	55.31
2.2359	0.073856	-0.071380	61563.80	55.18
2.2359	0.073934	-0.071334	61565.00	55.18
2.2343	0.073975	-0.071307	61567.41	55.14
2.2326	0.073996	-0.071410	61568.61	55.10
2.2299	0.073926	-0.071326	61571.02	55.04
2.2316	0.073986	-0.071304	61572.22	55.08
2.2288	0.073957	-0.071173	61573.42	55.01
2.2288	0.073995	-0.071079	61574.63	55.01
2.2272	0.073981	-0.071240	61577.03	54.97
2.2255	0.074080	-0.071384	61578.23	54.93
2.2239	0.073923	-0.071357	61580.64	54.89
2.2244	0.073744	-0.071344	61581.84	54.91
2.2217	0.073977	-0.071400	61584.25	54.84
2.2223	0.073864	-0.071345	61585.45	54.85
2.2201	0.073845	-0.071292	61586.66	54.80
2.2173	0.073864	-0.071274	61589.06	54.73
2.2190	0.073792	-0.071315	61591.47	54.77
2.2168	0.073891	-0.071258	61592.67	54.72
2.2140	0.073675	-0.071361	61595.08	54.65
2.2130	0.073810	-0.071250	61597.48	54.63
2.2113	0.073968	-0.071284	61599.89	54.59
2.2108	0.073862	-0.071416	61601.09	54.57
2.2091	0.073836	-0.071283	61603.50	54.54
2.2091	0.073915	-0.071233	61605.91	54.54
2.2069	0.073887	-0.071242	61607.11	54.48
2.2075	0.073927	-0.071231	61609.52	54.50
2.2053	0.073950	-0.071127	61610.72	54.44
2.2026	0.073976	-0.071140	61613.13	54.38
2.2026	0.074018	-0.071168	61614.33	54.38
2.1998	0.073946	-0.071125	61615.53	54.31
2.2004	0.073927	-0.071146	61617.94	54.32
2.1987	0.073912	-0.071200	61619.14	54.28
2.1976	0.074047	-0.071108	61620.34	54.26
2.1976	0.074080	-0.071056	61621.55	54.26
2.1976	0.074043	-0.071107	61622.75	54.26
2.1944	0.073938	-0.071147	61623.95	54.18
2.1949	0.073897	-0.071168	61625.16	54.19
2.1938	0.073953	-0.071149	61626.36	54.17
2.1938	0.073977	-0.071207	61627.56	54.17
2.1922	0.073747	-0.071227	61629.97	54.13
2.1889	0.073871	-0.071235	61631.17	54.05
2.1905	0.073897	-0.071263	61632.38	54.09
2.1894	0.073881	-0.071176	61633.58	54.06
2.1900	0.073915	-0.071247	61634.78	54.07
2.1867	0.073785	-0.071233	61637.19	53.99
2.1894	0.073859	-0.071014	61638.39	54.06
2.1862	0.074023	-0.071270	61639.59	53.98
2.1834	0.073824	-0.071256	61642.00	53.91
2.1829	0.073733	-0.071412	61644.41	53.90
2.1840	0.073695	-0.071185	61645.61	53.93
2.1790	0.073639	-0.071201	61648.02	53.81
2.1796	0.073900	-0.071188	61649.22	53.82
2.1790	0.073855	-0.071196	61650.42	53.81
2.1780	0.073965	-0.071091	61651.63	53.78
2.1774	0.073927	-0.071017	61654.03	53.77
2.1769	0.074002	-0.070966	61655.23	53.76
2.1747	0.074046	-0.070948	61656.44	53.70
2.1741	0.073888	-0.071138	61658.84	53.69
2.1736	0.073890	-0.071163	61660.05	53.68
2.1719	0.073909	-0.071174	61661.25	53.64
2.1714	0.073926	-0.071118	61662.45	53.62
2.1714	0.073870	-0.071316	61663.66	53.62
2.1687	0.073861	-0.071169	61666.06	53.56
2.1687	0.073814	-0.071224	61667.27	53.56
2.1659	0.073850	-0.071187	61668.47	53.49
2.1654	0.073881	-0.071041	61669.67	53.48
2.1637	0.073904	-0.071230	61672.08	53.44
2.1632	0.073625	-0.071132	61674.48	53.42
2.1615	0.073959	-0.071155	61676.89	53.38
2.1615	0.073842	-0.070956	61678.09	53.38
2.1594	0.074018	-0.070961	61679.30	53.33
2.1572	0.073909	-0.071110	61681.70	53.28
2.1583	0.073888	-0.071200	61684.11	53.31
2.1572	0.073917	-0.071094	61686.52	53.28
2.1566	0.073817	-0.071079	61687.72	53.27
2.1522	0.074047	-0.070989	61690.13	53.16
2.1544	0.074057	-0.070970	61691.33	53.21
2.1517	0.074066	-0.070871	61692.53	53.15
2.1522	0.073992	-0.071097	61693.73	53.16
2.1506	0.073868	-0.070939	61694.94	53.12
2.1495	0.073995	-0.071088	61696.14	53.09
2.1511	0.073875	-0.071067	61697.34	53.13
2.1490	0.073921	-0.071186	61698.55	53.08
2.1501	0.073851	-0.071116	61699.75	53.11
2.1484	0.073845	-0.071194	61700.95	53.07
2.1473	0.073702	-0.071111	61702.16	53.04
2.1446	0.073779	-0.071204	61703.36	52.97
2.1446	0.073782	-0.071168	61704.56	52.97
2.1440	0.073759	-0.070999	61706.97	52.96
2.1418	0.073765	-0.071020	61709.38	52.91
2.1413	0.073796	-0.070999	61710.58	52.90
2.1413	0.073871	-0.071069	61712.98	52.90
2.1402	0.073877	-0.071034	61714.19	52.87
2.1364	0.073910	-0.070920	61716.59	52.78
2.1353	0.074004	-0.071031	61717.80	52.75
2.1353	0.073908	-0.070929	61719.00	52.75
2.1336	0.074017	-0.070982	61721.41	52.71
2.1336	0.073780	-0.071059	61722.61	52.71
2.1320	0.073849	-0.071142	61725.02	52.67
2.1336	0.073658	-0.071142	61726.22	52.71
2.1304	0.073704	-0.071159	61727.42	52.63
2.1293	0.073671	-0.071195	61728.63	52.60
2.1282	0.073677	-0.071227	61731.03	52.58
2.1282	0.073695	-0.071207	61732.23	52.58
2.1260	0.073535	-0.071316	61733.44	52.52
2.1249	0.073618	-0.071150	61735.84	52.50
2.1227	0.073817	-0.071083	61738.25	52.45
2.1238	0.073802	-0.071135	61739.45	52.47
2.1233	0.073714	-0.071152	61740.66	52.46
2.1189	0.073640	-0.071145	61743.06	52.35
2.1194	0.073802	-0.070978	61745.47	52.37
2.1194	0.073877	-0.070937	61746.67	52.37
2.1156	0.073669	-0.071137	61749.08	52.27
2.1150	0.073627	-0.071212	61751.48	52.26
2.1151	0.073394	-0.071265	61753.89	52.26
2.1123	0.073631	-0.071137	61755.09	52.19
2.1118	0.073685	-0.071080	61756.30	52.18
2.1107	0.073685	-0.071085	61758.70	52.15
2.1107	0.073791	-0.071132	61759.91	52.15
2.1096	0.073710	-0.071119	61761.11	52.13
2.1101	0.073806	-0.071051	61763.52	52.14
2.1074	0.073874	-0.071043	61764.72	52.07
2.1058	0.073664	-0.071149	61767.13	52.04
2.1063	0.073758	-0.070942	61768.33	52.05
2.1041	0.073877	-0.070921	61769.53	52.00
2.1030	0.073922	-0.070933	61770.73	51.97
2.1047	0.073827	-0.070989	61771.94	52.01
2.1036	0.073871	-0.070992	61773.14	51.98
2.1025	0.073795	-0.070945	61774.34	51.96
2.1030	0.073896	-0.070817	61775.55	51.97
2.0997	0.073880	-0.070771	61776.75	51.89
2.0986	0.074008	-0.070851	61777.95	51.86
2.0997	0.073885	-0.070795	61779.16	51.89
2.0997	0.073934	-0.070897	61780.36	51.89
2.0981	0.073988	-0.070733	61781.56	51.85
2.0975	0.074037	-0.070673	61783.97	51.84
2.0965	0.074004	-0.070761	61785.17	51.81
2.0932	0.073735	-0.070929	61787.58	51.73
2.0926	0.073672	-0.071041	61789.98	51.72
2.0926	0.073666	-0.070915	61791.19	51.72
2.0915	0.073695	-0.070951	61793.59	51.69
2.0899	0.073754	-0.070925	61794.80	51.65
2.0904	0.073763	-0.070893	61796.00	51.66
2.0904	0.073681	-0.070920	61798.41	51.66
2.0861	0.073774	-0.070802	61799.61	51.56
2.0882	0.073867	-0.070822	61800.81	51.61
2.0861	0.073732	-0.070856	61802.02	51.56
2.0861	0.073841	-0.070755	61803.22	51.56
2.0861	0.073815	-0.070882	61804.42	51.56
2.0850	0.073813	-0.070904	61805.63	51.53
2.0811	0.073822	-0.070843	61808.03	51.44
