0.8904	0.020816	-0.008730	57056.45	22.27
0.8910	0.021209	-0.008856	57059.45	22.28
0.8921	0.020754	-0.008594	57062.45	22.31
0.8899	0.020765	-0.008772	57065.45	22.25
0.8910	0.020920	-0.008685	57068.45	22.28
0.8915	0.021050	-0.008842	57071.45	22.29
0.8910	0.021184	-0.008650	57074.45	22.28
0.8921	0.020853	-0.008727	57077.45	22.31
0.8904	0.020830	-0.008517	57080.45	22.27
0.8899	0.020910	-0.008710	57083.45	22.25
0.8893	0.020978	-0.008833	57086.45	22.24
0.8910	0.020959	-0.008608	57089.45	22.28
0.8921	0.021245	-0.008533	57092.45	22.31
0.8910	0.020989	-0.008816	57095.45	22.28
0.8926	0.020945	-0.008714	57098.45	22.32
0.8915	0.020835	-0.008454	57101.45	22.29
0.8910	0.020905	-0.008498	57104.45	22.28
0.8926	0.020848	-0.008628	57107.45	22.32
0.8921	0.020852	-0.008905	57110.45	22.31
0.8915	0.020802	-0.008786	57113.45	22.29
0.8932	0.020855	-0.008678	57116.45	22.33
0.8915	0.021062	-0.008664	57119.45	22.29
0.8904	0.020906	-0.008784	57122.45	22.27
0.8915	0.021182	-0.008729	57125.45	22.29
0.8921	0.020861	-0.008372	57128.45	22.31
0.8915	0.021014	-0.008465	57131.45	22.29
0.8915	0.020900	-0.008809	57134.45	22.29
0.8910	0.020866	-0.008731	57137.45	22.28
0.8921	0.020675	-0.008722	57140.45	22.31
0.8910	0.020876	-0.008381	57143.45	22.28
0.8915	0.020867	-0.008213	57146.45	22.29
0.8921	0.020886	-0.008449	57149.45	22.31
0.8910	0.020730	-0.008546	57152.45	22.28
0.8921	0.020833	-0.008314	57155.45	22.31
0.8926	0.020757	-0.008140	57158.45	22.32
0.8926	0.020568	-0.008236	57161.45	22.32
0.8937	0.020370	-0.008258	57164.45	22.35
0.8910	0.020822	-0.008104	57167.45	22.28
0.8921	0.020674	-0.008168	57170.45	22.31
0.8932	0.020290	-0.007942	57173.45	22.33
0.8921	0.020730	-0.007942	57176.45	22.31
0.8926	0.020728	-0.008055	57179.45	22.32
0.8932	0.020688	-0.008105	57182.45	22.33
0.8921	0.020224	-0.007857	57185.45	22.31
0.8926	0.020420	-0.007836	57188.45	22.32
0.8910	0.020281	-0.007939	57191.45	22.28
0.8921	0.020387	-0.007838	57194.45	22.31
0.8926	0.020275	-0.007965	57197.45	22.32
0.8921	0.020193	-0.007682	57200.45	22.31
0.8926	0.020182	-0.007870	57203.45	22.32
0.8915	0.020307	-0.007538	57206.45	22.29
0.8926	0.020175	-0.007892	57209.45	22.32
0.8937	0.020342	-0.007607	57212.45	22.35
0.8932	0.020125	-0.007725	57215.45	22.33
0.8926	0.020232	-0.007624	57218.45	22.32
0.8926	0.020219	-0.007644	57221.45	22.32
0.8932	0.020007	-0.007573	57224.45	22.33
0.8926	0.020072	-0.007484	57227.45	22.32
0.8937	0.020007	-0.007560	57230.45	22.35
0.8932	0.020075	-0.007352	57233.45	22.33
0.8937	0.019997	-0.007487	57236.45	22.35
0.8926	0.019893	-0.007300	57239.45	22.32
0.8926	0.019912	-0.007346	57242.45	22.32
0.8937	0.019918	-0.007443	57245.45	22.35
0.8926	0.019689	-0.007446	57248.45	22.32
0.8937	0.020102	-0.007252	57251.45	22.35
0.8921	0.019939	-0.007279	57254.45	22.31
0.8932	0.019808	-0.007297	57257.45	22.33
0.8932	0.019896	-0.007328	57260.45	22.33
0.8932	0.019848	-0.007292	57263.45	22.33
0.8932	0.020083	-0.006984	57266.45	22.33
0.8932	0.019741	-0.007085	57269.45	22.33
0.8932	0.019560	-0.007192	57272.45	22.33
0.8937	0.019731	-0.007219	57275.45	22.35
0.8943	0.019527	-0.006922	57278.45	22.36
0.8926	0.019641	-0.007013	57281.45	22.32
0.8943	0.019765	-0.007079	57284.45	22.36
0.8915	0.019656	-0.007029	57287.45	22.29
0.8943	0.019624	-0.006839	57290.45	22.36
0.8932	0.019820	-0.007023	57293.45	22.33
0.8943	0.019655	-0.007174	57296.45	22.36
0.8932	0.019580	-0.006951	57299.45	22.33
0.8932	0.019405	-0.006917	57302.45	22.33
0.8937	0.019891	-0.007022	57305.45	22.35
0.8943	0.019604	-0.006662	57308.45	22.36
0.8937	0.019533	-0.006950	57311.45	22.35
0.8932	0.019286	-0.006967	57314.45	22.33
0.8943	0.019223	-0.006988	57317.45	22.36
0.8932	0.019455	-0.007028	57320.45	22.33
0.8937	0.019359	-0.006881	57323.45	22.35
0.8943	0.019532	-0.006907	57326.45	22.36
0.8926	0.019373	-0.006808	57329.45	22.32
0.8943	0.019377	-0.006707	57332.45	22.36
0.8932	0.019375	-0.006756	57335.45	22.33
0.8937	0.019404	-0.006615	57338.45	22.35
0.8943	0.019410	-0.006930	57341.45	22.36
0.8937	0.019371	-0.006759	57344.45	22.35
0.8943	0.019408	-0.006773	57347.45	22.36
0.8948	0.019581	-0.006850	57350.45	22.38
0.8948	0.019440	-0.006758	57353.45	22.38
0.8943	0.019263	-0.006797	57356.45	22.36
0.8937	0.019069	-0.006928	57359.45	22.35
0.8932	0.019324	-0.006733	57362.45	22.33
0.8948	0.019279	-0.006672	57365.45	22.38
0.8932	0.019564	-0.006508	57368.45	22.33
0.8937	0.019376	-0.006585	57371.45	22.35
0.8937	0.019438	-0.006781	57374.45	22.35
0.8937	0.019130	-0.006654	57377.45	22.35
0.8943	0.019338	-0.006565	57380.45	22.36
0.8954	0.019350	-0.006523	57383.45	22.39
0.8954	0.019157	-0.006645	57386.45	22.39
0.8943	0.019251	-0.006908	57389.45	22.36
0.8954	0.019092	-0.006688	57392.45	22.39
0.8943	0.019045	-0.006663	57395.45	22.36
0.8954	0.019132	-0.006724	57398.45	22.39
0.8948	0.019222	-0.006500	57401.45	22.38
0.8948	0.019120	-0.006697	57404.45	22.38
0.8948	0.019141	-0.006547	57407.45	22.38
0.8943	0.019403	-0.006510	57410.45	22.36
0.8954	0.019248	-0.006377	57413.45	22.39
0.8954	0.019139	-0.006523	57416.45	22.39
0.8943	0.019091	-0.006550	57419.45	22.36
0.8948	0.019259	-0.006380	57422.45	22.38
0.8954	0.019101	-0.006543	57425.45	22.39
0.8948	0.019257	-0.006548	57428.45	22.38
0.8954	0.019081	-0.006537	57431.45	22.39
0.8954	0.019086	-0.006566	57434.45	22.39
0.8943	0.019150	-0.006353	57437.45	22.36
0.8959	0.019141	-0.006406	57440.45	22.40
0.8964	0.019064	-0.006536	57443.45	22.42
0.8959	0.019118	-0.006535	57446.45	22.40
0.8948	0.019081	-0.006292	57449.45	22.38
0.8943	0.019035	-0.006336	57452.45	22.36
0.8932	0.019156	-0.006408	57455.45	22.33
0.8943	0.018903	-0.006239	57458.45	22.36
0.8959	0.019033	-0.006419	57461.45	22.40
0.8954	0.019211	-0.006502	57464.45	22.39
0.8954	0.019136	-0.006484	57467.45	22.39
0.8954	0.019043	-0.006393	57470.45	22.39
0.8959	0.019067	-0.006622	57473.45	22.40
0.8959	0.019161	-0.006456	57476.45	22.40
0.8959	0.019416	-0.006505	57479.45	22.40
0.8970	0.019062	-0.006204	57482.45	22.43
0.8943	0.019065	-0.006341	57485.45	22.36
0.8965	0.018991	-0.006312	57488.45	22.42
0.8959	0.019216	-0.006305	57491.45	22.40
0.8964	0.019309	-0.006241	57494.45	22.42
0.8948	0.019099	-0.006192	57497.45	22.38
0.8954	0.019327	-0.006244	57500.45	22.39
0.8959	0.019116	-0.006296	57503.45	22.40
0.8964	0.019120	-0.006236	57506.45	22.42
0.8959	0.018988	-0.006354	57509.45	22.40
0.8959	0.019142	-0.006320	57512.45	22.40
0.8959	0.019105	-0.006475	57515.45	22.40
0.8948	0.019090	-0.006229	57518.45	22.38
0.8959	0.018994	-0.006433	57521.45	22.40
0.8954	0.019039	-0.006337	57524.45	22.39
0.8959	0.018957	-0.006157	57527.45	22.40
0.8959	0.019065	-0.006305	57530.45	22.40
0.8970	0.018882	-0.006365	57533.45	22.43
0.8964	0.019066	-0.006441	57536.45	22.42
0.8959	0.019012	-0.006259	57539.45	22.40
0.8970	0.018865	-0.006431	57542.45	22.43
0.8959	0.019062	-0.006321	57545.45	22.40
0.8948	0.018869	-0.006388	57548.45	22.38
0.8959	0.018859	-0.006514	57551.45	22.40
0.8975	0.018747	-0.006617	57554.45	22.44
0.8959	0.018839	-0.006325	57557.45	22.40
0.8964	0.018821	-0.006215	57560.45	22.42
0.8959	0.018901	-0.006631	57563.45	22.40
0.8964	0.018885	-0.006367	57566.45	22.42
0.8975	0.018900	-0.006231	57569.45	22.44
0.8975	0.019047	-0.006433	57572.45	22.44
0.8964	0.019049	-0.006646	57575.45	22.42
0.8959	0.019058	-0.006390	57578.45	22.40
0.8948	0.018990	-0.006481	57581.45	22.38
0.8981	0.018972	-0.006638	57584.45	22.46
0.8959	0.018961	-0.006687	57587.45	22.40
0.8964	0.019070	-0.006498	57590.45	22.42
0.8954	0.018983	-0.006490	57593.45	22.39
0.8975	0.018958	-0.006367	57596.45	22.44
0.8959	0.019129	-0.006493	57599.45	22.40
0.8959	0.019103	-0.006390	57602.45	22.40
0.8954	0.019081	-0.006474	57605.45	22.39
0.8970	0.019053	-0.006363	57608.45	22.43
0.8965	0.019159	-0.006502	57611.45	22.42
0.8964	0.019019	-0.006617	57614.45	22.42
0.8986	0.019027	-0.006387	57617.45	22.47
0.8959	0.019245	-0.006629	57620.45	22.40
0.8964	0.018921	-0.006593	57623.45	22.42
0.8959	0.019007	-0.006639	57626.45	22.40
0.8964	0.018885	-0.006410	57629.45	22.42
0.8981	0.019298	-0.006584	57632.45	22.46
0.8948	0.019010	-0.006672	57635.45	22.38
0.8964	0.019097	-0.006556	57638.45	22.42
0.8970	0.018990	-0.006665	57641.45	22.43
0.8975	0.019068	-0.006467	57644.45	22.44
0.8964	0.019172	-0.006474	57647.45	22.42
0.8970	0.019285	-0.006676	57650.45	22.43
0.8981	0.019294	-0.006195	57653.45	22.46
0.8975	0.019172	-0.006600	57656.45	22.44
0.8959	0.019083	-0.006555	57659.45	22.40
0.8986	0.019123	-0.006694	57662.45	22.47
0.8964	0.019123	-0.006651	57665.45	22.42
0.8981	0.018959	-0.006667	57668.45	22.46
0.8981	0.019229	-0.006455	57671.45	22.46
0.8970	0.018981	-0.006542	57674.45	22.43
0.8981	0.019041	-0.006583	57677.45	22.46
0.8975	0.019114	-0.006576	57680.45	22.44
0.8964	0.019091	-0.006510	57683.45	22.42
0.8970	0.019136	-0.006769	57686.45	22.43
0.8975	0.019352	-0.006806	57689.45	22.44
0.8975	0.019267	-0.006443	57692.45	22.44
0.8981	0.019229	-0.006653	57695.45	22.46
0.8964	0.019516	-0.006647	57698.45	22.42
0.8986	0.019571	-0.006455	57701.45	22.47
0.8981	0.019223	-0.006498	57704.45	22.46
0.8975	0.019062	-0.006537	57707.45	22.44
0.8986	0.019232	-0.006529	57710.45	22.47
0.8970	0.019421	-0.006697	57713.45	22.43
0.8970	0.019236	-0.006589	57716.45	22.43
0.8981	0.019472	-0.006744	57719.45	22.46
0.8981	0.019482	-0.006540	57722.45	22.46
0.8970	0.019192	-0.006906	57725.45	22.43
0.8975	0.019438	-0.006600	57728.45	22.44
0.8975	0.019459	-0.006877	57731.45	22.44
0.8975	0.019389	-0.006823	57734.45	22.44
0.8975	0.019278	-0.006771	57737.45	22.44
0.8981	0.019501	-0.006830	57740.45	22.46
0.8964	0.019520	-0.006929	57743.45	22.42
0.8992	0.019561	-0.006894	57746.45	22.48
0.8981	0.019605	-0.006928	57749.45	22.46
0.8975	0.019465	-0.006626	57752.45	22.44
0.8986	0.019417	-0.006933	57755.45	22.47
0.8970	0.019649	-0.006984	57758.45	22.43
0.8992	0.019797	-0.006991	57761.45	22.48
0.8981	0.019868	-0.007244	57764.45	22.46
0.8981	0.019619	-0.007166	57767.45	22.46
0.8970	0.019887	-0.007056	57770.45	22.43
0.8981	0.019914	-0.006940	57773.45	22.46
0.8986	0.019810	-0.007052	57776.45	22.47
0.8970	0.019701	-0.007075	57779.45	22.43
0.8981	0.019929	-0.007015	57782.45	22.46
0.8975	0.019898	-0.007433	57785.45	22.44
0.8981	0.020138	-0.007254	57788.45	22.46
0.8986	0.020210	-0.007429	57791.45	22.47
0.8986	0.020353	-0.007181	57794.45	22.47
0.8981	0.020010	-0.007361	57797.45	22.46
0.8981	0.020272	-0.007488	57800.45	22.46
0.8992	0.020366	-0.007664	57803.45	22.48
0.8992	0.020270	-0.007584	57806.45	22.48
0.8992	0.020525	-0.007859	57809.45	22.48
0.8981	0.020447	-0.007868	57812.45	22.46
0.8986	0.020589	-0.008013	57815.45	22.47
0.8997	0.020613	-0.007929	57818.45	22.50
0.8986	0.020681	-0.007992	57821.45	22.47
0.8986	0.020684	-0.008142	57824.45	22.47
0.8986	0.020629	-0.008229	57827.45	22.47
0.8981	0.020827	-0.008217	57830.45	22.46
0.8986	0.020815	-0.008300	57833.45	22.47
0.8970	0.020843	-0.008439	57836.45	22.43
0.8975	0.021164	-0.008362	57839.45	22.44
0.8992	0.021018	-0.008497	57842.45	22.48
0.8997	0.021149	-0.008499	57845.45	22.50
0.8992	0.021172	-0.008823	57848.45	22.48
0.9008	0.021204	-0.008562	57851.45	22.52
0.8992	0.021226	-0.008476	57854.45	22.48
0.9003	0.021083	-0.008609	57857.45	22.51
0.8992	0.021243	-0.008389	57860.45	22.48
0.8992	0.021317	-0.008545	57863.45	22.48
0.8992	0.021093	-0.008438	57866.45	22.48
0.9008	0.021190	-0.008567	57869.45	22.52
0.8997	0.021125	-0.008565	57872.45	22.50
0.9008	0.021198	-0.008538	57875.45	22.52
0.8992	0.021126	-0.008326	57878.45	22.48
0.8992	0.021123	-0.008634	57881.45	22.48
0.8986	0.021003	-0.008462	57884.45	22.47
0.8992	0.021116	-0.008416	57887.45	22.48
0.8992	0.021103	-0.008495	57890.45	22.48
0.8992	0.021120	-0.008705	57893.45	22.48
0.8997	0.021094	-0.008540	57896.45	22.50
0.8992	0.021312	-0.008631	57899.45	22.48
0.8986	0.021288	-0.008419	57902.45	22.47
0.8997	0.021072	-0.008416	57905.45	22.50
0.8997	0.021166	-0.008652	57908.45	22.50
0.9003	0.021317	-0.008658	57911.45	22.51
0.8997	0.021104	-0.008541	57914.45	22.50
0.8981	0.021407	-0.008433	57917.45	22.46
0.9003	0.021181	-0.008545	57920.45	22.51
0.8986	0.021333	-0.008485	57923.45	22.47
0.8992	0.021082	-0.008747	57926.45	22.48
0.9003	0.021258	-0.008333	57929.45	22.51
0.8986	0.021082	-0.008238	57932.45	22.47
0.8986	0.021092	-0.008238	57935.45	22.47
0.8992	0.021017	-0.008183	57938.45	22.48
0.8997	0.021057	-0.008298	57941.45	22.50
0.8986	0.020793	-0.008250	57944.45	22.47
0.8997	0.020845	-0.008048	57947.45	22.50
0.9014	0.020929	-0.008129	57950.45	22.54
0.9008	0.020538	-0.007963	57953.45	22.52
0.9014	0.020803	-0.008081	57956.45	22.54
0.9008	0.020526	-0.007629	57959.45	22.52
0.8992	0.020536	-0.007808	57962.45	22.48
0.9008	0.020609	-0.007789	57965.45	22.52
0.9008	0.020374	-0.007591	57968.45	22.52
0.9008	0.020507	-0.007512	57971.45	22.52
0.8992	0.020106	-0.007282	57974.45	22.48
0.8992	0.020468	-0.007524	57977.45	22.48
0.8997	0.020196	-0.007460	57980.45	22.50
0.9003	0.020039	-0.007415	57983.45	22.51
0.9008	0.020299	-0.007488	57986.45	22.52
0.9003	0.020074	-0.007542	57989.45	22.51
0.9003	0.019931	-0.007245	57992.45	22.51
0.8992	0.019787	-0.007254	57995.45	22.48
0.8992	0.019941	-0.007234	57998.45	22.48
0.8997	0.019562	-0.007056	58001.45	22.50
0.9008	0.019659	-0.007008	58004.45	22.52
0.9008	0.019841	-0.006760	58007.45	22.52
0.8997	0.019803	-0.007139	58010.45	22.50
0.9003	0.019611	-0.007146	58013.45	22.51
0.9008	0.019670	-0.007073	58016.45	22.52
0.9003	0.019529	-0.006971	58019.45	22.51
0.8997	0.019495	-0.006856	58022.45	22.50
0.9003	0.019471	-0.006772	58025.45	22.51
0.8992	0.019377	-0.006795	58028.45	22.48
0.9003	0.019474	-0.006862	58031.45	22.51
0.9014	0.019385	-0.006685	58034.45	22.54
0.9008	0.019475	-0.006828	58037.45	22.52
0.9019	0.019468	-0.006510	58040.45	22.55
0.8997	0.019389	-0.006825	58043.45	22.50
0.9003	0.019116	-0.006494	58046.45	22.51
0.8997	0.019387	-0.006645	58049.45	22.50
0.8992	0.019577	-0.006634	58052.45	22.48
0.9008	0.019095	-0.006639	58055.45	22.52
0.9008	0.019256	-0.006432	58058.45	22.52
0.9003	0.019215	-0.006471	58061.45	22.51
0.9014	0.019119	-0.006432	58064.45	22.54
0.9008	0.019223	-0.006439	58067.45	22.52
0.9014	0.019213	-0.006591	58070.45	22.54
0.9008	0.019352	-0.006267	58073.45	22.52
0.9025	0.019279	-0.006366	58076.45	22.57
0.9019	0.019134	-0.006348	58079.45	22.55
0.8992	0.019194	-0.006240	58082.45	22.48
0.9019	0.019372	-0.006527	58085.45	22.55
0.9003	0.019297	-0.006367	58088.45	22.51
0.9014	0.019015	-0.006364	58091.45	22.54
0.9025	0.019186	-0.006263	58094.45	22.57
0.9025	0.019191	-0.006315	58097.45	22.57
0.9008	0.019253	-0.005949	58100.45	22.52
0.9003	0.019335	-0.006078	58103.45	22.51
0.9008	0.019045	-0.006148	58106.45	22.52
0.9014	0.019086	-0.006163	58109.45	22.54
0.9008	0.019033	-0.006176	58112.45	22.52
0.9008	0.018993	-0.006065	58115.45	22.52
0.9003	0.019197	-0.006368	58118.45	22.51
0.9008	0.018973	-0.006044	58121.45	22.52
0.9030	0.019097	-0.006374	58124.45	22.58
0.9014	0.019076	-0.006227	58127.45	22.54
0.9014	0.018866	-0.006136	58130.45	22.54
0.9008	0.018889	-0.006220	58133.45	22.52
0.9014	0.019006	-0.006420	58136.45	22.54
0.9003	0.019143	-0.006333	58139.45	22.51
0.9030	0.018906	-0.006129	58142.45	22.58
0.9003	0.018880	-0.006295	58145.45	22.51
0.9008	0.018972	-0.006069	58148.45	22.52
0.9014	0.018991	-0.006162	58151.45	22.54
0.9025	0.019053	-0.006268	58154.45	22.57
0.9030	0.018890	-0.006220	58157.45	22.58
0.9008	0.018928	-0.006214	58160.45	22.52
0.9014	0.018916	-0.006253	58163.45	22.54
0.9014	0.018729	-0.006268	58166.45	22.54
0.9008	0.018722	-0.005848	58169.45	22.52
0.9014	0.019013	-0.006145	58172.45	22.54
0.9003	0.018958	-0.006083	58175.45	22.51
0.9025	0.018940	-0.005899	58178.45	22.57
0.9014	0.018982	-0.006187	58181.45	22.54
0.9014	0.019259	-0.006145	58184.45	22.54
0.9025	0.018828	-0.006051	58187.45	22.57
0.9019	0.019210	-0.006180	58190.45	22.55
0.9025	0.018715	-0.006163	58193.45	22.57
0.9014	0.019181	-0.006046	58196.45	22.54
0.9019	0.018969	-0.006171	58199.45	22.55
0.9019	0.018648	-0.006224	58202.45	22.55
0.9008	0.018815	-0.006297	58205.45	22.52
0.9014	0.018960	-0.006231	58208.45	22.54
0.9019	0.018952	-0.006089	58211.45	22.55
0.9036	0.018876	-0.006290	58214.45	22.59
0.9025	0.018967	-0.006233	58217.45	22.57
0.9025	0.018883	-0.006341	58220.45	22.57
0.9025	0.018946	-0.006176	58223.45	22.57
0.9030	0.018809	-0.006182	58226.45	22.58
0.9025	0.018970	-0.006076	58229.45	22.57
0.9030	0.018986	-0.005993	58232.45	22.58
0.9036	0.018978	-0.006057	58235.45	22.59
0.9014	0.018990	-0.005987	58238.45	22.54
0.9014	0.019204	-0.006123	58241.45	22.54
0.9014	0.019106	-0.005952	58244.45	22.54
0.9019	0.019021	-0.006388	58247.45	22.55
0.9030	0.019133	-0.006017	58250.45	22.58
0.9030	0.019144	-0.006165	58253.45	22.58
0.9014	0.019209	-0.006186	58256.45	22.54
0.9019	0.019126	-0.006373	58259.45	22.55
0.9036	0.019122	-0.006096	58262.45	22.59
0.9030	0.019251	-0.006189	58265.45	22.58
0.9025	0.019006	-0.006507	58268.45	22.57
0.9041	0.018958	-0.006223	58271.45	22.61
0.9036	0.019032	-0.005965	58274.45	22.59
0.9036	0.018903	-0.006260	58277.45	22.59
0.9036	0.018912	-0.006308	58280.45	22.59
0.9030	0.018990	-0.006187	58283.45	22.58
0.9025	0.018969	-0.006454	58286.45	22.57
0.9019	0.019074	-0.006315	58289.45	22.55
0.9030	0.019035	-0.006443	58292.45	22.58
0.9014	0.018977	-0.006139	58295.45	22.54
0.9030	0.019095	-0.006312	58298.45	22.58
0.9030	0.019019	-0.006419	58301.45	22.58
0.9047	0.019117	-0.006336	58304.45	22.62
0.9014	0.019036	-0.006362	58307.45	22.54
0.9019	0.019117	-0.006530	58310.45	22.55
0.9025	0.019120	-0.006230	58313.45	22.57
0.9014	0.018940	-0.006445	58316.45	22.54
0.9019	0.019074	-0.006553	58319.45	22.55
0.9025	0.019060	-0.006321	58322.45	22.57
0.9019	0.018983	-0.006379	58325.45	22.55
0.9036	0.019135	-0.006300	58328.45	22.59
0.9030	0.019068	-0.006422	58331.45	22.58
0.9036	0.019114	-0.006328	58334.45	22.59
0.9025	0.019196	-0.006252	58337.45	22.57
0.9019	0.019358	-0.006350	58340.45	22.55
0.9036	0.018952	-0.006482	58343.45	22.59
0.9025	0.019176	-0.006427	58346.45	22.57
0.9019	0.019029	-0.006468	58349.45	22.55
0.9030	0.018984	-0.006412	58352.45	22.58
0.9036	0.019101	-0.006574	58355.45	22.59
0.9025	0.019096	-0.006211	58358.45	22.57
0.9041	0.019023	-0.006432	58361.45	22.61
0.9041	0.018954	-0.006480	58364.45	22.61
0.9036	0.019117	-0.006383	58367.45	22.59
0.9025	0.019083	-0.006634	58370.45	22.57
0.9036	0.019006	-0.006617	58373.45	22.59
0.9014	0.019223	-0.006469	58376.45	22.54
0.9041	0.019240	-0.006592	58379.45	22.61
0.9041	0.019230	-0.006537	58382.45	22.61
0.9025	0.019226	-0.006567	58385.45	22.57
0.9030	0.019092	-0.006608	58388.45	22.58
0.9030	0.019069	-0.006491	58391.45	22.58
0.9036	0.019282	-0.006565	58394.45	22.59
0.9025	0.019366	-0.006578	58397.45	22.57
0.9052	0.019156	-0.006578	58400.45	22.63
0.9036	0.019288	-0.006536	58403.45	22.59
0.9036	0.019131	-0.006638	58406.45	22.59
0.9025	0.019354	-0.006633	58409.45	22.57
0.9030	0.019225	-0.006680	58412.45	22.58
0.9036	0.019254	-0.006395	58415.45	22.59
0.9036	0.019308	-0.006349	58418.45	22.59
0.9041	0.019284	-0.006481	58421.45	22.61
0.9030	0.019508	-0.006398	58424.45	22.58
0.9041	0.019236	-0.006646	58427.45	22.61
0.9041	0.019272	-0.006491	58430.45	22.61
0.9030	0.019251	-0.006625	58433.45	22.58
0.9019	0.019149	-0.006795	58436.45	22.55
0.9047	0.019215	-0.006832	58439.45	22.62
0.9041	0.019241	-0.006985	58442.45	22.61
0.9036	0.019283	-0.006814	58445.45	22.59
0.9052	0.019270	-0.006938	58448.45	22.63
0.9036	0.019058	-0.006542	58451.45	22.59
0.9030	0.019344	-0.006822	58454.45	22.58
0.9052	0.019176	-0.006868	58457.45	22.63
0.9047	0.019670	-0.006673	58460.45	22.62
0.9057	0.019398	-0.006774	58463.45	22.65
0.9030	0.019352	-0.006880	58466.45	22.58
0.9041	0.019231	-0.006662	58469.45	22.61
0.9041	0.019442	-0.006606	58472.45	22.61
0.9036	0.019551	-0.007040	58475.45	22.59
0.9036	0.019338	-0.006644	58478.45	22.59
0.9041	0.019508	-0.006761	58481.45	22.61
0.9036	0.019218	-0.006762	58484.45	22.59
0.9041	0.019496	-0.006922	58487.45	22.61
0.9047	0.019483	-0.006818	58490.45	22.62
0.9041	0.019253	-0.006874	58493.45	22.61
0.9036	0.019507	-0.006810	58496.45	22.59
0.9047	0.019356	-0.007029	58499.45	22.62
0.9047	0.019296	-0.006906	58502.45	22.62
0.9030	0.019577	-0.006899	58505.45	22.58
0.9047	0.019503	-0.006829	58508.45	22.62
0.9030	0.019565	-0.006818	58511.45	22.58
0.9041	0.019293	-0.006937	58514.45	22.61
0.9036	0.019411	-0.006951	58517.45	22.59
0.9030	0.019336	-0.006751	58520.45	22.58
0.9041	0.019483	-0.006846	58523.45	22.61
0.9036	0.019377	-0.006924	58526.45	22.59
0.9058	0.019445	-0.007014	58529.45	22.65
0.9052	0.019440	-0.006798	58532.45	22.63
0.9041	0.019474	-0.007170	58535.45	22.61
0.9047	0.019491	-0.007042	58538.45	22.62
0.9047	0.019474	-0.006783	58541.45	22.62
0.9036	0.019348	-0.007097	58544.45	22.59
0.9041	0.019652	-0.007177	58547.45	22.61
0.9030	0.019502	-0.007198	58550.45	22.58
0.9058	0.019337	-0.007057	58553.45	22.65
0.9047	0.019457	-0.007018	58556.45	22.62
0.9052	0.019489	-0.007219	58559.45	22.63
0.9047	0.019591	-0.007040	58562.45	22.62
0.9052	0.019515	-0.007107	58565.45	22.63
0.9047	0.019675	-0.007021	58568.45	22.62
0.9052	0.019600	-0.007148	58571.45	22.63
0.9036	0.019593	-0.007289	58574.45	22.59
0.9057	0.019609	-0.007087	58577.45	22.65
0.9047	0.019678	-0.007211	58580.45	22.62
0.9058	0.019698	-0.007212	58583.45	22.65
0.9041	0.019712	-0.007230	58586.45	22.61
0.9036	0.019564	-0.007017	58589.45	22.59
0.9052	0.019542	-0.007221	58592.45	22.63
0.9041	0.019628	-0.007234	58595.45	22.61
0.9047	0.019689	-0.007110	58598.45	22.62
0.9047	0.019676	-0.007234	58601.45	22.62
0.9036	0.019765	-0.007045	58604.45	22.59
0.9052	0.019667	-0.007226	58607.45	22.63
0.9030	0.019867	-0.007195	58610.45	22.58
0.9047	0.019697	-0.007251	58613.45	22.62
0.9057	0.019681	-0.006734	58616.45	22.65
0.9041	0.019684	-0.007215	58619.45	22.61
0.9063	0.019701	-0.007436	58622.45	22.66
0.9052	0.019796	-0.007316	58625.45	22.63
0.9047	0.019823	-0.007191	58628.45	22.62
0.9047	0.019723	-0.007267	58631.45	22.62
0.9057	0.019679	-0.007351	58634.45	22.65
0.9041	0.019742	-0.007379	58637.45	22.61
0.9047	0.019668	-0.007252	58640.45	22.62
0.9057	0.019720	-0.007356	58643.45	22.65
0.9041	0.019791	-0.007435	58646.45	22.61
0.9058	0.019760	-0.007248	58649.45	22.65
0.9058	0.019715	-0.007275	58652.45	22.65
0.9052	0.019773	-0.007186	58655.45	22.63
0.9047	0.019631	-0.007368	58658.45	22.62
0.9063	0.019478	-0.007139	58661.45	22.66
0.9047	0.019784	-0.007319	58664.45	22.62
0.9052	0.019759	-0.007244	58667.45	22.63
0.9047	0.019928	-0.006975	58670.45	22.62
0.9057	0.020069	-0.007285	58673.45	22.65
0.9057	0.019839	-0.007262	58676.45	22.65
0.9058	0.019918	-0.007199	58679.45	22.65
0.9052	0.019828	-0.007134	58682.45	22.63
0.9063	0.019849	-0.007476	58685.45	22.66
0.9052	0.019915	-0.007328	58688.45	22.63
0.9047	0.019700	-0.007352	58691.45	22.62
0.9052	0.020075	-0.007289	58694.45	22.63
0.9063	0.019997	-0.007348	58697.45	22.66
0.9047	0.019977	-0.007544	58700.45	22.62
0.9052	0.019983	-0.007568	58703.45	22.63
0.9047	0.019886	-0.007550	58706.45	22.62
0.9058	0.020115	-0.007457	58709.45	22.65
0.9058	0.019934	-0.007322	58712.45	22.65
0.9047	0.019729	-0.007552	58715.45	22.62
0.9052	0.020027	-0.007492	58718.45	22.63
0.9047	0.020123	-0.007277	58721.45	22.62
0.9057	0.019805	-0.007457	58724.45	22.65
0.9047	0.019967	-0.007500	58727.45	22.62
0.9057	0.020152	-0.007406	58730.45	22.65
0.9058	0.020290	-0.007439	58733.45	22.65
0.9047	0.020064	-0.007488	58736.45	22.62
0.9068	0.019880	-0.007382	58739.45	22.67
0.9052	0.019967	-0.007656	58742.45	22.63
0.9047	0.020003	-0.007627	58745.45	22.62
0.9057	0.019913	-0.007476	58748.45	22.65
0.9063	0.020217	-0.007493	58751.45	22.66
0.9041	0.019940	-0.007716	58754.45	22.61
0.9057	0.020133	-0.007704	58757.45	22.65
0.9063	0.020020	-0.007664	58760.45	22.66
0.9052	0.020019	-0.007439	58763.45	22.63
0.9063	0.020098	-0.007704	58766.45	22.66
0.9052	0.020336	-0.007631	58769.45	22.63
0.9041	0.020158	-0.007472	58772.45	22.61
0.9057	0.020448	-0.007741	58775.45	22.65
0.9047	0.020353	-0.007753	58778.45	22.62
0.9052	0.020205	-0.007547	58781.45	22.63
0.9058	0.020346	-0.007827	58784.45	22.65
0.9063	0.020365	-0.007919	58787.45	22.66
0.9057	0.020537	-0.007897	58790.45	22.65
0.9058	0.020561	-0.007934	58793.45	22.65
0.9052	0.020464	-0.007974	58796.45	22.63
0.9058	0.020478	-0.007949	58799.45	22.65
0.9041	0.020523	-0.008104	58802.45	22.61
0.9063	0.020589	-0.008207	58805.45	22.66
0.9047	0.020739	-0.008192	58808.45	22.62
0.9052	0.020636	-0.008186	58811.45	22.63
0.9063	0.020803	-0.008349	58814.45	22.66
0.9047	0.020992	-0.008309	58817.45	22.62
0.9052	0.020787	-0.008138	58820.45	22.63
0.9068	0.020918	-0.008344	58823.45	22.67
0.9063	0.020826	-0.008314	58826.45	22.66
0.9057	0.021073	-0.008509	58829.45	22.65
0.9047	0.021148	-0.008588	58832.45	22.62
0.9063	0.021104	-0.008608	58835.45	22.66
0.9052	0.021155	-0.008781	58838.45	22.63
0.9047	0.021214	-0.008947	58841.45	22.62
0.9057	0.021279	-0.008771	58844.45	22.65
0.9063	0.021760	-0.008950	58847.45	22.66
0.9063	0.021830	-0.008628	58850.45	22.66
0.9074	0.021463	-0.008952	58853.45	22.69
0.9068	0.021341	-0.008836	58856.45	22.67
0.9057	0.021542	-0.008901	58859.45	22.65
0.9063	0.021764	-0.009256	58862.45	22.66
0.9068	0.021675	-0.009240	58865.45	22.67
0.9074	0.021694	-0.009239	58868.45	22.69
0.9058	0.021654	-0.009086	58871.45	22.65
0.9068	0.021713	-0.009308	58874.45	22.67
0.9063	0.021615	-0.009054	58877.45	22.66
0.9068	0.021531	-0.009122	58880.45	22.67
0.9068	0.021585	-0.009221	58883.45	22.67
0.9052	0.021558	-0.009136	58886.45	22.63
0.9079	0.021560	-0.008969	58889.45	22.70
0.9074	0.021573	-0.009175	58892.45	22.69
0.9063	0.021401	-0.009082	58895.45	22.66
0.9068	0.021704	-0.008951	58898.45	22.67
0.9068	0.021517	-0.009070	58901.45	22.67
0.9068	0.021666	-0.009094	58904.45	22.67
0.9079	0.021703	-0.009154	58907.45	22.70
0.9079	0.021542	-0.009259	58910.45	22.70
0.9052	0.021779	-0.009037	58913.45	22.63
0.9068	0.021487	-0.009091	58916.45	22.67
0.9058	0.021378	-0.009161	58919.45	22.65
0.9057	0.021397	-0.008911	58922.45	22.65
0.9068	0.021653	-0.009020	58925.45	22.67
0.9058	0.021498	-0.008944	58928.45	22.65
0.9058	0.021698	-0.009174	58931.45	22.65
0.9068	0.021587	-0.008911	58934.45	22.67
0.9058	0.021539	-0.009185	58937.45	22.65
0.9068	0.021292	-0.009240	58940.45	22.67
0.9085	0.021468	-0.009122	58943.45	22.71
0.9079	0.021306	-0.008978	58946.45	22.70
0.9079	0.021451	-0.009261	58949.45	22.70
0.9085	0.021609	-0.009071	58952.45	22.71
0.9074	0.021639	-0.009293	58955.45	22.69
0.9052	0.021475	-0.009090	58958.45	22.63
0.9068	0.021498	-0.009055	58961.45	22.67
0.9079	0.021286	-0.008910	58964.45	22.70
0.9068	0.021487	-0.008719	58967.45	22.67
0.9063	0.021035	-0.008153	58970.45	22.66
0.9074	0.020978	-0.008098	58973.45	22.69
0.9085	0.020753	-0.007842	58976.45	22.71
0.9079	0.020516	-0.007600	58979.45	22.70
0.9068	0.020340	-0.007485	58982.45	22.67
0.9063	0.019947	-0.007482	58985.45	22.66
0.9068	0.020170	-0.007326	58988.45	22.67
0.9068	0.020061	-0.007136	58991.45	22.67
0.9068	0.020039	-0.006958	58994.45	22.67
0.9074	0.020240	-0.006962	58997.45	22.69
0.9063	0.020007	-0.007019	59000.45	22.66
0.9068	0.020020	-0.006986	59003.45	22.67
0.9068	0.020044	-0.006859	59006.45	22.67
0.9068	0.020130	-0.006850	59009.45	22.67
0.9074	0.019968	-0.006836	59012.45	22.69
0.9074	0.019986	-0.006852	59015.45	22.69
0.9090	0.019944	-0.006984	59018.45	22.73
0.9085	0.019724	-0.006724	59021.45	22.71
0.9079	0.019773	-0.006656	59024.45	22.70
0.9063	0.019986	-0.006863	59027.45	22.66
0.9079	0.020035	-0.006629	59030.45	22.70
0.9085	0.019879	-0.006988	59033.45	22.71
0.9085	0.020149	-0.007025	59036.45	22.71
0.9058	0.019831	-0.006716	59039.45	22.65
0.9085	0.020146	-0.006717	59042.45	22.71
0.9063	0.020163	-0.006854	59045.45	22.66
0.9063	0.019857	-0.006893	59048.45	22.66
0.9063	0.020068	-0.006788	59051.45	22.66
0.9074	0.019716	-0.006818	59054.45	22.69
0.9063	0.019684	-0.007018	59057.45	22.66
0.9079	0.019862	-0.007197	59060.45	22.70
0.9063	0.019843	-0.007391	59063.45	22.66
0.9074	0.019773	-0.007389	59066.45	22.69
0.9079	0.019860	-0.007626	59069.45	22.70
0.9074	0.019894	-0.007415	59072.45	22.69
0.9090	0.019986	-0.007400	59075.45	22.73
0.9085	0.019915	-0.007757	59078.45	22.71
0.9079	0.020116	-0.007682	59081.45	22.70
0.9090	0.019953	-0.007964	59084.45	22.73
0.9068	0.019916	-0.008080	59087.45	22.67
0.9079	0.019980	-0.007848	59090.45	22.70
0.9079	0.020023	-0.007881	59093.45	22.70
0.9079	0.020158	-0.007798	59096.45	22.70
0.9085	0.020155	-0.007928	59099.45	22.71
0.9090	0.020168	-0.008025	59102.45	22.73
0.9085	0.019940	-0.008250	59105.45	22.71
0.9074	0.020313	-0.008153	59108.45	22.69
0.9085	0.020281	-0.008372	59111.45	22.71
0.9085	0.020428	-0.008233	59114.45	22.71
0.9085	0.020456	-0.008623	59117.45	22.71
0.9096	0.020779	-0.008352	59120.45	22.74
0.9074	0.020835	-0.008834	59123.45	22.69
0.9085	0.021039	-0.008977	59126.45	22.71
0.9085	0.021645	-0.009317	59129.45	22.71
0.9090	0.021978	-0.009893	59132.45	22.73
0.9090	0.022014	-0.009866	59135.45	22.73
0.9090	0.022350	-0.009603	59138.45	22.73
0.9063	0.022340	-0.009400	59141.45	22.66
0.9085	0.022220	-0.009412	59144.45	22.71
0.9090	0.022206	-0.009623	59147.45	22.73
0.9068	0.022174	-0.009704	59150.45	22.67
0.9085	0.022084	-0.009499	59153.45	22.71
0.9068	0.022281	-0.009301	59156.45	22.67
0.9079	0.022221	-0.009517	59159.45	22.70
0.9085	0.022276	-0.009425	59162.45	22.71
0.9085	0.022319	-0.009632	59165.45	22.71
0.9079	0.022155	-0.009595	59168.45	22.70
0.9074	0.022079	-0.009608	59171.45	22.69
0.9090	0.022305	-0.009506	59174.45	22.73
0.9096	0.022319	-0.009467	59177.45	22.74
0.9085	0.022115	-0.009355	59180.45	22.71
0.9101	0.022026	-0.009004	59183.45	22.76
0.9096	0.021488	-0.008599	59186.45	22.74
0.9079	0.021221	-0.008453	59189.45	22.70
0.9096	0.020961	-0.008161	59192.45	22.74
0.9079	0.021049	-0.008151	59195.45	22.70
0.9074	0.020676	-0.007824	59198.45	22.69
0.9085	0.020604	-0.007895	59201.45	22.71
0.9074	0.020623	-0.007461	59204.45	22.69
0.9090	0.020584	-0.007579	59207.45	22.73
0.9096	0.020585	-0.007325	59210.45	22.74
0.9085	0.020291	-0.007252	59213.45	22.71
0.9085	0.020351	-0.007374	59216.45	22.71
0.9085	0.020498	-0.007236	59219.45	22.71
0.9085	0.020429	-0.006948	59222.45	22.71
0.9085	0.020522	-0.007121	59225.45	22.71
0.9090	0.020480	-0.007119	59228.45	22.73
0.9090	0.020457	-0.007293	59231.45	22.73
0.9096	0.020564	-0.007314	59234.45	22.74
0.9085	0.020325	-0.006961	59237.45	22.71
0.9090	0.020218	-0.007239	59240.45	22.73
0.9085	0.020194	-0.006857	59243.45	22.71
0.9090	0.020424	-0.007167	59246.45	22.73
0.9096	0.020395	-0.007256	59249.45	22.74
0.9079	0.020182	-0.006894	59252.45	22.70
0.9079	0.020305	-0.006948	59255.45	22.70
0.9085	0.020379	-0.006983	59258.45	22.71
0.9090	0.020231	-0.006873	59261.45	22.73
0.9107	0.020221	-0.007145	59264.45	22.77
0.9090	0.020304	-0.006934	59267.45	22.73
0.9079	0.019907	-0.007346	59270.45	22.70
0.9096	0.019977	-0.007556	59273.45	22.74
0.9085	0.019992	-0.007479	59276.45	22.71
0.9090	0.020317	-0.007654	59279.45	22.73
0.9079	0.020001	-0.007654	59282.45	22.70
0.9085	0.020137	-0.007835	59285.45	22.71
0.9085	0.019972	-0.007758	59288.45	22.71
0.9085	0.019927	-0.007926	59291.45	22.71
0.9096	0.020096	-0.008155	59294.45	22.74
0.9101	0.020213	-0.007923	59297.45	22.76
0.9090	0.019895	-0.008241	59300.45	22.73
0.9107	0.020288	-0.008057	59303.45	22.77
0.9085	0.020472	-0.008200	59306.45	22.71
0.9085	0.020436	-0.008165	59309.45	22.71
0.9090	0.020584	-0.008242	59312.45	22.73
0.9079	0.020325	-0.008265	59315.45	22.70
0.9101	0.020684	-0.008458	59318.45	22.76
0.9085	0.020502	-0.008296	59321.45	22.71
0.9096	0.020650	-0.008597	59324.45	22.74
0.9107	0.021053	-0.008803	59327.45	22.77
0.9096	0.020965	-0.008737	59330.45	22.74
0.9085	0.021225	-0.009057	59333.45	22.71
0.9085	0.021495	-0.009409	59336.45	22.71
0.9107	0.022183	-0.009520	59339.45	22.77
0.9101	0.022290	-0.009973	59342.45	22.76
0.9096	0.022721	-0.009911	59345.45	22.74
0.9107	0.022505	-0.010176	59348.45	22.77
0.9090	0.022561	-0.009906	59351.45	22.73
0.9096	0.022667	-0.009530	59354.45	22.74
0.9085	0.022551	-0.009799	59357.45	22.71
0.9085	0.022583	-0.009792	59360.45	22.71
0.9101	0.022683	-0.009909	59363.45	22.76
0.9101	0.022656	-0.009893	59366.45	22.76
0.9101	0.022775	-0.009783	59369.45	22.76
0.9085	0.022600	-0.009953	59372.45	22.71
0.9096	0.022294	-0.009592	59375.45	22.74
0.9096	0.022190	-0.008954	59378.45	22.74
0.9101	0.021959	-0.008748	59381.45	22.76
0.9101	0.021468	-0.008551	59384.45	22.76
0.9101	0.021516	-0.008575	59387.45	22.76
0.9090	0.021390	-0.008477	59390.45	22.73
0.9085	0.021085	-0.008075	59393.45	22.71
0.9101	0.020978	-0.008005	59396.45	22.76
0.9101	0.021051	-0.007921	59399.45	22.76
0.9118	0.020919	-0.007555	59402.45	22.80
0.9096	0.020989	-0.007541	59405.45	22.74
0.9096	0.020997	-0.007837	59408.45	22.74
0.9090	0.020704	-0.007776	59411.45	22.73
0.9096	0.020862	-0.007592	59414.45	22.74
0.9090	0.020580	-0.007471	59417.45	22.73
0.9101	0.021037	-0.007720	59420.45	22.76
0.9090	0.020764	-0.007739	59423.45	22.73
0.9101	0.020740	-0.007452	59426.45	22.76
0.9096	0.020732	-0.007423	59429.45	22.74
0.9107	0.020816	-0.007299	59432.45	22.77
0.9085	0.020600	-0.007267	59435.45	22.71
0.9090	0.020683	-0.007201	59438.45	22.73
0.9107	0.020727	-0.007355	59441.45	22.77
0.9101	0.020630	-0.007113	59444.45	22.76
0.9101	0.020583	-0.007418	59447.45	22.76
0.9090	0.020552	-0.007404	59450.45	22.73
0.9101	0.020528	-0.007360	59453.45	22.76
0.9101	0.020484	-0.007331	59456.45	22.76
0.9107	0.020443	-0.007337	59459.45	22.77
0.9101	0.020532	-0.007727	59462.45	22.76
0.9096	0.020374	-0.007859	59465.45	22.74
0.9112	0.020360	-0.007845	59468.45	22.78
0.9090	0.020508	-0.007948	59471.45	22.73
0.9112	0.020370	-0.007988	59474.45	22.78
0.9090	0.020287	-0.008332	59477.45	22.73
0.9107	0.020232	-0.008129	59480.45	22.77
0.9101	0.020309	-0.008202	59483.45	22.76
0.9107	0.020639	-0.008237	59486.45	22.77
0.9090	0.020570	-0.008276	59489.45	22.73
0.9107	0.020527	-0.008040	59492.45	22.77
0.9101	0.020466	-0.008590	59495.45	22.76
0.9096	0.020565	-0.008355	59498.45	22.74
0.9112	0.020597	-0.008487	59501.45	22.78
0.9101	0.020702	-0.008563	59504.45	22.76
0.9101	0.020743	-0.008563	59507.45	22.76
0.9090	0.020706	-0.008658	59510.45	22.73
0.9107	0.020907	-0.008809	59513.45	22.77
0.9112	0.021070	-0.008637	59516.45	22.78
0.9107	0.021312	-0.008921	59519.45	22.77
0.9118	0.021312	-0.009091	59522.45	22.80
0.9112	0.021572	-0.009277	59525.45	22.78
0.9118	0.021559	-0.009535	59528.45	22.80
0.9101	0.022140	-0.009724	59531.45	22.76
0.9112	0.022556	-0.010311	59534.45	22.78
0.9085	0.022810	-0.010086	59537.45	22.71
0.9107	0.022594	-0.010339	59540.45	22.77
0.9118	0.022555	-0.010214	59543.45	22.80
0.9107	0.022660	-0.010043	59546.45	22.77
0.9107	0.022792	-0.010072	59549.45	22.77
0.9107	0.022756	-0.010259	59552.45	22.77
0.9096	0.022811	-0.010122	59555.45	22.74
0.9107	0.022588	-0.010027	59558.45	22.77
0.9096	0.022327	-0.009337	59561.45	22.74
0.9112	0.022178	-0.009455	59564.45	22.78
0.9107	0.022067	-0.009231	59567.45	22.77
0.9107	0.021725	-0.008845	59570.45	22.77
0.9112	0.021809	-0.008900	59573.45	22.78
0.9112	0.021546	-0.008521	59576.45	22.78
0.9101	0.021574	-0.008558	59579.45	22.76
0.9112	0.021192	-0.008407	59582.45	22.78
0.9101	0.021456	-0.008399	59585.45	22.76
0.9096	0.021240	-0.008204	59588.45	22.74
0.9118	0.021321	-0.008210	59591.45	22.80
0.9112	0.021152	-0.008194	59594.45	22.78
0.9112	0.021331	-0.007953	59597.45	22.78
0.9112	0.021164	-0.007853	59600.45	22.78
0.9118	0.021080	-0.007951	59603.45	22.80
0.9123	0.021158	-0.007676	59606.45	22.81
0.9118	0.021097	-0.007777	59609.45	22.80
0.9112	0.020987	-0.007797	59612.45	22.78
0.9101	0.021029	-0.007830	59615.45	22.76
0.9118	0.021053	-0.007866	59618.45	22.80
0.9123	0.021044	-0.007668	59621.45	22.81
0.9123	0.020876	-0.007856	59624.45	22.81
0.9118	0.021009	-0.007721	59627.45	22.80
0.9112	0.021319	-0.007667	59630.45	22.78
0.9107	0.020805	-0.007865	59633.45	22.77
0.9101	0.020755	-0.007745	59636.45	22.76
0.9118	0.020896	-0.007696	59639.45	22.80
0.9101	0.020608	-0.007832	59642.45	22.76
0.9112	0.020788	-0.007850	59645.45	22.78
0.9107	0.020633	-0.008340	59648.45	22.77
0.9129	0.020671	-0.008056	59651.45	22.82
0.9112	0.020531	-0.008070	59654.45	22.78
0.9107	0.020887	-0.008306	59657.45	22.77
0.9107	0.020843	-0.008404	59660.45	22.77
0.9118	0.021006	-0.008421	59663.45	22.80
0.9101	0.020936	-0.008656	59666.45	22.76
0.9118	0.020918	-0.008676	59669.45	22.80
0.9118	0.020837	-0.008922	59672.45	22.80
0.9096	0.020788	-0.008834	59675.45	22.74
0.9118	0.021001	-0.008946	59678.45	22.80
0.9118	0.020976	-0.008935	59681.45	22.80
0.9101	0.021098	-0.008918	59684.45	22.76
0.9134	0.020878	-0.008694	59687.45	22.84
0.9096	0.020989	-0.008847	59690.45	22.74
0.9107	0.020815	-0.008800	59693.45	22.77
0.9118	0.020983	-0.009117	59696.45	22.80
0.9123	0.021114	-0.009251	59699.45	22.81
0.9112	0.021480	-0.009228	59702.45	22.78
0.9112	0.021486	-0.009377	59705.45	22.78
0.9118	0.021669	-0.009348	59708.45	22.80
0.9101	0.022194	-0.009816	59711.45	22.76
0.9107	0.022437	-0.010118	59714.45	22.77
0.9101	0.022924	-0.010505	59717.45	22.76
0.9107	0.022831	-0.010522	59720.45	22.77
0.9118	0.022607	-0.010537	59723.45	22.80
0.9118	0.022697	-0.010506	59726.45	22.80
0.9129	0.022989	-0.010278	59729.45	22.82
0.9118	0.022991	-0.010509	59732.45	22.80
0.9129	0.023089	-0.010276	59735.45	22.82
0.9112	0.022963	-0.010236	59738.45	22.78
0.9123	0.022954	-0.010320	59741.45	22.81
0.9129	0.023101	-0.010254	59744.45	22.82
0.9118	0.022911	-0.010404	59747.45	22.80
0.9112	0.022999	-0.010083	59750.45	22.78
0.9112	0.023231	-0.010193	59753.45	22.78
0.9134	0.022940	-0.010359	59756.45	22.84
0.9112	0.022998	-0.010137	59759.45	22.78
0.9123	0.022399	-0.009832	59762.45	22.81
0.9107	0.022616	-0.009550	59765.45	22.77
0.9112	0.022274	-0.009344	59768.45	22.78
0.9112	0.022110	-0.009219	59771.45	22.78
0.9118	0.022257	-0.009095	59774.45	22.80
0.9107	0.022180	-0.008819	59777.45	22.77
0.9134	0.021959	-0.008885	59780.45	22.84
0.9123	0.021646	-0.008683	59783.45	22.81
0.9118	0.021812	-0.008492	59786.45	22.80
0.9129	0.021650	-0.008451	59789.45	22.82
0.9112	0.021630	-0.008414	59792.45	22.78
0.9112	0.021462	-0.008200	59795.45	22.78
0.9112	0.021376	-0.008148	59798.45	22.78
0.9123	0.021470	-0.008321	59801.45	22.81
0.9118	0.021444	-0.008465	59804.45	22.80
0.9118	0.021466	-0.007975	59807.45	22.80
0.9118	0.021326	-0.008038	59810.45	22.80
0.9129	0.021253	-0.008327	59813.45	22.82
0.9112	0.021260	-0.007951	59816.45	22.78
0.9118	0.021281	-0.008230	59819.45	22.80
0.9129	0.021279	-0.008210	59822.45	22.82
0.9123	0.021132	-0.008189	59825.45	22.81
0.9118	0.021132	-0.007997	59828.45	22.80
0.9123	0.021286	-0.008024	59831.45	22.81
0.9123	0.020962	-0.007917	59834.45	22.81
0.9129	0.020889	-0.007965	59837.45	22.82
0.9123	0.020742	-0.007978	59840.45	22.81
0.9112	0.020921	-0.007878	59843.45	22.78
0.9140	0.020622	-0.008149	59846.45	22.85
0.9112	0.020907	-0.008303	59849.45	22.78
0.9118	0.020973	-0.008479	59852.45	22.80
0.9134	0.020896	-0.008651	59855.45	22.84
0.9118	0.021098	-0.008516	59858.45	22.80
0.9118	0.020992	-0.008705	59861.45	22.80
0.9129	0.020894	-0.008817	59864.45	22.82
0.9129	0.020968	-0.008755	59867.45	22.82
0.9129	0.021082	-0.008981	59870.45	22.82
0.9123	0.020968	-0.009197	59873.45	22.81
0.9118	0.021200	-0.009388	59876.45	22.80
0.9118	0.021005	-0.009107	59879.45	22.80
0.9123	0.021251	-0.009265	59882.45	22.81
0.9112	0.021157	-0.009263	59885.45	22.78
0.9129	0.021411	-0.008957	59888.45	22.82
0.9118	0.021412	-0.009086	59891.45	22.80
0.9129	0.021321	-0.009079	59894.45	22.82
0.9123	0.021529	-0.009086	59897.45	22.81
0.9123	0.021761	-0.009602	59900.45	22.81
0.9123	0.021638	-0.009919	59903.45	22.81
0.9118	0.022000	-0.009614	59906.45	22.80
0.9129	0.022071	-0.009995	59909.45	22.82
0.9118	0.022754	-0.010461	59912.45	22.80
0.9118	0.023064	-0.010961	59915.45	22.80
0.9134	0.023073	-0.010688	59918.45	22.84
0.9134	0.023398	-0.010491	59921.45	22.84
0.9118	0.023357	-0.010537	59924.45	22.80
0.9140	0.023113	-0.010807	59927.45	22.85
0.9129	0.023591	-0.010683	59930.45	22.82
0.9118	0.023318	-0.010604	59933.45	22.80
0.9129	0.023458	-0.010501	59936.45	22.82
0.9123	0.023233	-0.010793	59939.45	22.81
0.9129	0.023053	-0.010830	59942.45	22.82
0.9129	0.023193	-0.010406	59945.45	22.82
0.9118	0.023149	-0.010580	59948.45	22.80
0.9118	0.023404	-0.010588	59951.45	22.80
0.9134	0.023182	-0.010440	59954.45	22.84
0.9140	0.023111	-0.010402	59957.45	22.85
0.9118	0.022891	-0.010011	59960.45	22.80
0.9118	0.022667	-0.009825	59963.45	22.80
0.9134	0.022191	-0.009713	59966.45	22.84
0.9140	0.022262	-0.009587	59969.45	22.85
0.9140	0.022281	-0.009235	59972.45	22.85
0.9129	0.022219	-0.009354	59975.45	22.82
0.9134	0.022104	-0.009334	59978.45	22.84
0.9118	0.021986	-0.009256	59981.45	22.80
0.9140	0.021829	-0.008845	59984.45	22.85
0.9134	0.021784	-0.008781	59987.45	22.84
0.9123	0.021729	-0.008763	59990.45	22.81
0.9129	0.021796	-0.008512	59993.45	22.82
0.9129	0.021624	-0.008321	59996.45	22.82
0.9129	0.021800	-0.008502	59999.45	22.82
0.9123	0.021656	-0.008259	60002.45	22.81
0.9107	0.021556	-0.008443	60005.45	22.77
0.9129	0.021393	-0.008316	60008.45	22.82
0.9129	0.021472	-0.008486	60011.45	22.82
0.9134	0.021708	-0.008223	60014.45	22.84
0.9129	0.021609	-0.008349	60017.45	22.82
0.9140	0.021642	-0.008489	60020.45	22.85
0.9134	0.021352	-0.008080	60023.45	22.84
0.9129	0.021704	-0.008573	60026.45	22.82
0.9129	0.021323	-0.008244	60029.45	22.82
0.9140	0.021407	-0.008174	60032.45	22.85
0.9140	0.021185	-0.008113	60035.45	22.85
0.9129	0.021324	-0.008038	60038.45	22.82
0.9129	0.021094	-0.008099	60041.45	22.82
0.9134	0.021321	-0.008290	60044.45	22.84
0.9123	0.021403	-0.008490	60047.45	22.81
0.9129	0.021086	-0.008457	60050.45	22.82
0.9123	0.021287	-0.008815	60053.45	22.81
0.9129	0.021187	-0.008609	60056.45	22.82
0.9134	0.021059	-0.008883	60059.45	22.84
0.9118	0.021283	-0.008851	60062.45	22.80
0.9150	0.021323	-0.009206	60065.45	22.88
0.9140	0.021514	-0.009086	60068.45	22.85
0.9150	0.021339	-0.009177	60071.45	22.88
0.9134	0.021644	-0.009450	60074.45	22.84
0.9118	0.021436	-0.009302	60077.45	22.80
0.9123	0.021573	-0.009514	60080.45	22.81
0.9140	0.021696	-0.009483	60083.45	22.85
0.9134	0.021685	-0.009418	60086.45	22.84
0.9134	0.021462	-0.009294	60089.45	22.84
0.9134	0.021555	-0.009542	60092.45	22.84
0.9129	0.021835	-0.009676	60095.45	22.82
0.9134	0.021799	-0.009478	60098.45	22.84
0.9134	0.021867	-0.009686	60101.45	22.84
0.9150	0.022071	-0.010084	60104.45	22.88
0.9129	0.022336	-0.010220	60107.45	22.82
0.9123	0.022231	-0.010357	60110.45	22.81
0.9123	0.022804	-0.010795	60113.45	22.81
0.9129	0.023034	-0.010850	60116.45	22.82
0.9145	0.023313	-0.010937	60119.45	22.86
0.9145	0.023182	-0.010887	60122.45	22.86
0.9123	0.023448	-0.010917	60125.45	22.81
0.9134	0.023172	-0.010931	60128.45	22.84
0.9140	0.023401	-0.011000	60131.45	22.85
0.9145	0.023229	-0.010804	60134.45	22.86
0.9123	0.023427	-0.010827	60137.45	22.81
0.9123	0.023336	-0.010927	60140.45	22.81
0.9129	0.023514	-0.010815	60143.45	22.82
0.9134	0.023445	-0.011045	60146.45	22.84
0.9123	0.023389	-0.010752	60149.45	22.81
0.9134	0.023466	-0.010690	60152.45	22.84
0.9134	0.023469	-0.011012	60155.45	22.84
0.9123	0.023339	-0.010286	60158.45	22.81
0.9118	0.023125	-0.010240	60161.45	22.80
0.9140	0.022739	-0.010006	60164.45	22.85
0.9140	0.022521	-0.009792	60167.45	22.85
0.9134	0.022640	-0.009479	60170.45	22.84
0.9145	0.022114	-0.009841	60173.45	22.86
0.9134	0.022468	-0.009621	60176.45	22.84
0.9140	0.022184	-0.009429	60179.45	22.85
0.9145	0.022344	-0.009148	60182.45	22.86
0.9123	0.022113	-0.009159	60185.45	22.81
0.9145	0.022004	-0.009191	60188.45	22.86
0.9145	0.022005	-0.008871	60191.45	22.86
0.9140	0.022041	-0.008644	60194.45	22.85
0.9150	0.022161	-0.009100	60197.45	22.88
0.9123	0.022048	-0.008758	60200.45	22.81
0.9145	0.021979	-0.008528	60203.45	22.86
0.9134	0.022187	-0.008552	60206.45	22.84
0.9145	0.021835	-0.008663	60209.45	22.86
0.9140	0.021845	-0.008480	60212.45	22.85
0.9150	0.021969	-0.008464	60215.45	22.88
0.9145	0.021703	-0.008630	60218.45	22.86
0.9134	0.021784	-0.008560	60221.45	22.84
0.9150	0.021499	-0.008237	60224.45	22.88
0.9129	0.021691	-0.008269	60227.45	22.82
0.9140	0.021476	-0.008503	60230.45	22.85
0.9134	0.021510	-0.008227	60233.45	22.84
0.9145	0.021581	-0.008410	60236.45	22.86
0.9140	0.021407	-0.008547	60239.45	22.85
0.9150	0.021472	-0.008547	60242.45	22.88
0.9134	0.021119	-0.008673	60245.45	22.84
0.9140	0.021278	-0.008850	60248.45	22.85
0.9150	0.021404	-0.009036	60251.45	22.88
0.9140	0.021383	-0.008932	60254.45	22.85
0.9145	0.021500	-0.009070	60257.45	22.86
0.9129	0.021371	-0.009171	60260.45	22.82
0.9140	0.021360	-0.009196	60263.45	22.85
0.9140	0.021416	-0.009357	60266.45	22.85
0.9145	0.021376	-0.009605	60269.45	22.86
0.9145	0.021739	-0.009378	60272.45	22.86
0.9134	0.021685	-0.009747	60275.45	22.84
0.9134	0.021621	-0.009596	60278.45	22.84
0.9150	0.021789	-0.009607	60281.45	22.88
0.9140	0.021645	-0.009577	60284.45	22.85
0.9145	0.021475	-0.009541	60287.45	22.86
0.9150	0.021769	-0.009642	60290.45	22.88
0.9150	0.021690	-0.009868	60293.45	22.88
0.9134	0.022085	-0.009670	60296.45	22.84
0.9156	0.021945	-0.009909	60299.45	22.89
0.9140	0.022170	-0.010279	60302.45	22.85
0.9140	0.022313	-0.010287	60305.45	22.85
0.9129	0.022832	-0.010461	60308.45	22.82
0.9145	0.023052	-0.010840	60311.45	22.86
0.9134	0.023580	-0.011254	60314.45	22.84
0.9145	0.023389	-0.011019	60317.45	22.86
0.9140	0.023589	-0.010789	60320.45	22.85
0.9145	0.023424	-0.010942	60323.45	22.86
0.9140	0.023826	-0.011059	60326.45	22.85
0.9150	0.023478	-0.011124	60329.45	22.88
0.9134	0.023399	-0.011155	60332.45	22.84
0.9150	0.023256	-0.011010	60335.45	22.88
0.9145	0.023467	-0.011097	60338.45	22.86
0.9145	0.023493	-0.010985	60341.45	22.86
0.9140	0.023617	-0.011027	60344.45	22.85
0.9145	0.023608	-0.010829	60347.45	22.86
0.9140	0.023783	-0.011011	60350.45	22.85
0.9140	0.023592	-0.010861	60353.45	22.85
0.9134	0.023573	-0.010708	60356.45	22.84
0.9134	0.023103	-0.010463	60359.45	22.84
0.9140	0.022931	-0.010418	60362.45	22.85
0.9134	0.022949	-0.010282	60365.45	22.84
0.9161	0.022717	-0.010150	60368.45	22.90
0.9150	0.022579	-0.009818	60371.45	22.88
0.9150	0.022568	-0.009590	60374.45	22.88
0.9145	0.022499	-0.009446	60377.45	22.86
0.9156	0.022587	-0.009574	60380.45	22.89
0.9145	0.022091	-0.009496	60383.45	22.86
0.9145	0.022365	-0.009328	60386.45	22.86
0.9129	0.022324	-0.009271	60389.45	22.82
0.9134	0.022125	-0.009102	60392.45	22.84
0.9145	0.022181	-0.008948	60395.45	22.86
0.9140	0.022250	-0.009022	60398.45	22.85
0.9134	0.022274	-0.008941	60401.45	22.84
0.9145	0.022032	-0.008603	60404.45	22.86
0.9150	0.022172	-0.008795	60407.45	22.88
0.9140	0.022122	-0.008904	60410.45	22.85
0.9134	0.022236	-0.008840	60413.45	22.84
0.9145	0.021868	-0.008718	60416.45	22.86
0.9134	0.022004	-0.008756	60419.45	22.84
0.9129	0.021944	-0.008526	60422.45	22.82
0.9145	0.021960	-0.008597	60425.45	22.86
0.9129	0.021598	-0.008412	60428.45	22.82
0.9145	0.021729	-0.008567	60431.45	22.86
0.9156	0.021784	-0.008345	60434.45	22.89
0.9156	0.021570	-0.008562	60437.45	22.89
0.9145	0.021578	-0.008781	60440.45	22.86
0.9134	0.021596	-0.008635	60443.45	22.84
0.9134	0.021664	-0.008854	60446.45	22.84
0.9145	0.021627	-0.008968	60449.45	22.86
0.9145	0.021530	-0.009061	60452.45	22.86
0.9150	0.021498	-0.009121	60455.45	22.88
0.9156	0.021709	-0.008953	60458.45	22.89
0.9140	0.021540	-0.009125	60461.45	22.85
0.9145	0.021686	-0.009456	60464.45	22.86
0.9140	0.021856	-0.009516	60467.45	22.85
0.9134	0.021837	-0.009359	60470.45	22.84
0.9145	0.021928	-0.009680	60473.45	22.86
0.9150	0.022073	-0.009756	60476.45	22.88
0.9150	0.021828	-0.009583	60479.45	22.88
0.9145	0.021910	-0.009616	60482.45	22.86
0.9150	0.021567	-0.009713	60485.45	22.88
0.9145	0.021678	-0.009750	60488.45	22.86
0.9156	0.021937	-0.009871	60491.45	22.89
0.9140	0.022056	-0.009847	60494.45	22.85
0.9145	0.022080	-0.010019	60497.45	22.86
0.9140	0.022159	-0.010279	60500.45	22.85
0.9150	0.022551	-0.010370	60503.45	22.88
0.9167	0.022836	-0.010323	60506.45	22.92
0.9156	0.022936	-0.011059	60509.45	22.89
0.9150	0.023218	-0.011077	60512.45	22.88
0.9156	0.023749	-0.011378	60515.45	22.89
0.9140	0.023561	-0.011443	60518.45	22.85
0.9156	0.023503	-0.011206	60521.45	22.89
0.9134	0.023600	-0.011253	60524.45	22.84
0.9167	0.023698	-0.011035	60527.45	22.92
0.9145	0.023709	-0.011165	60530.45	22.86
0.9145	0.023570	-0.011146	60533.45	22.86
0.9145	0.023673	-0.010911	60536.45	22.86
0.9145	0.023361	-0.010420	60539.45	22.86
0.9145	0.023090	-0.010219	60542.45	22.86
0.9150	0.023222	-0.010284	60545.45	22.88
0.9145	0.023047	-0.010065	60548.45	22.86
0.9145	0.022741	-0.010093	60551.45	22.86
0.9156	0.022785	-0.009969	60554.45	22.89
0.9150	0.022471	-0.009662	60557.45	22.88
0.9150	0.022522	-0.009475	60560.45	22.88
0.9145	0.022613	-0.009344	60563.45	22.86
0.9145	0.022598	-0.009493	60566.45	22.86
0.9145	0.022207	-0.009192	60569.45	22.86
0.9150	0.022360	-0.009225	60572.45	22.88
0.9150	0.022710	-0.009150	60575.45	22.88
0.9150	0.022534	-0.009221	60578.45	22.88
0.9150	0.022356	-0.008966	60581.45	22.88
0.9156	0.022277	-0.009270	60584.45	22.89
0.9150	0.022370	-0.008912	60587.45	22.88
0.9156	0.022292	-0.008910	60590.45	22.89
0.9161	0.022233	-0.008789	60593.45	22.90
0.9167	0.022199	-0.008817	60596.45	22.92
0.9161	0.022265	-0.008842	60599.45	22.90
0.9150	0.021989	-0.008682	60602.45	22.88
0.9161	0.021898	-0.008481	60605.45	22.90
0.9156	0.021899	-0.008801	60608.45	22.89
0.9150	0.021782	-0.008569	60611.45	22.88
0.9156	0.021667	-0.008581	60614.45	22.89
0.9150	0.021666	-0.008745	60617.45	22.88
0.9167	0.021772	-0.008735	60620.45	22.92
0.9161	0.021908	-0.009121	60623.45	22.90
0.9150	0.021733	-0.009085	60626.45	22.88
0.9156	0.021762	-0.009215	60629.45	22.89
0.9150	0.021701	-0.009346	60632.45	22.88
0.9145	0.021734	-0.009373	60635.45	22.86
0.9156	0.021806	-0.009398	60638.45	22.89
0.9156	0.021909	-0.009479	60641.45	22.89
0.9167	0.021742	-0.009490	60644.45	22.92
0.9161	0.021845	-0.009601	60647.45	22.90
0.9161	0.021938	-0.009788	60650.45	22.90
0.9167	0.022138	-0.009757	60653.45	22.92
0.9161	0.021848	-0.009900	60656.45	22.90
0.9167	0.021918	-0.010005	60659.45	22.92
0.9156	0.022085	-0.009844	60662.45	22.89
0.9156	0.021898	-0.009532	60665.45	22.89
0.9172	0.022197	-0.009916	60668.45	22.93
0.9150	0.022268	-0.010048	60671.45	22.88
0.9156	0.022353	-0.010280	60674.45	22.89
0.9172	0.022412	-0.010233	60677.45	22.93
0.9161	0.022878	-0.010633	60680.45	22.90
0.9167	0.022843	-0.010688	60683.45	22.92
0.9172	0.023089	-0.010915	60686.45	22.93
0.9172	0.023448	-0.011354	60689.45	22.93
0.9161	0.023900	-0.011479	60692.45	22.90
0.9156	0.023895	-0.011506	60695.45	22.89
0.9161	0.024170	-0.011303	60698.45	22.90
0.9145	0.024182	-0.011456	60701.45	22.86
0.9156	0.024008	-0.011265	60704.45	22.89
0.9156	0.023880	-0.011284	60707.45	22.89
0.9156	0.023841	-0.011238	60710.45	22.89
0.9145	0.024435	-0.011491	60713.45	22.86
0.9161	0.024065	-0.011168	60716.45	22.90
0.9172	0.024187	-0.011451	60719.45	22.93
0.9167	0.023962	-0.011294	60722.45	22.92
0.9172	0.023968	-0.011430	60725.45	22.93
0.9150	0.023959	-0.011550	60728.45	22.88
0.9167	0.024101	-0.011124	60731.45	22.92
0.9167	0.023896	-0.010935	60734.45	22.92
0.9156	0.023366	-0.010715	60737.45	22.89
0.9189	0.023160	-0.010573	60740.45	22.97
0.9167	0.023153	-0.010453	60743.45	22.92
0.9172	0.023039	-0.010124	60746.45	22.93
0.9161	0.022905	-0.010128	60749.45	22.90
0.9161	0.022529	-0.009788	60752.45	22.90
0.9172	0.022805	-0.009803	60755.45	22.93
0.9178	0.022714	-0.009844	60758.45	22.95
0.9172	0.022661	-0.009410	60761.45	22.93
0.9161	0.022560	-0.009584	60764.45	22.90
0.9172	0.022731	-0.009435	60767.45	22.93
0.9167	0.022358	-0.009422	60770.45	22.92
0.9167	0.022358	-0.009549	60773.45	22.92
0.9167	0.022494	-0.009440	60776.45	22.92
0.9167	0.022408	-0.009270	60779.45	22.92
0.9178	0.022453	-0.009185	60782.45	22.95
0.9167	0.022492	-0.009441	60785.45	22.92
0.9156	0.022359	-0.008837	60788.45	22.89
0.9156	0.022340	-0.009165	60791.45	22.89
0.9172	0.022481	-0.009052	60794.45	22.93
0.9156	0.022372	-0.008967	60797.45	22.89
0.9172	0.022175	-0.008819	60800.45	22.93
0.9161	0.022029	-0.008811	60803.45	22.90
0.9172	0.022060	-0.008924	60806.45	22.93
0.9178	0.022037	-0.008662	60809.45	22.95
0.9167	0.021815	-0.008710	60812.45	22.92
0.9172	0.021761	-0.008719	60815.45	22.93
0.9145	0.021877	-0.009095	60818.45	22.86
0.9178	0.021753	-0.008963	60821.45	22.95
0.9167	0.021868	-0.009355	60824.45	22.92
0.9172	0.022017	-0.009409	60827.45	22.93
0.9172	0.021813	-0.009517	60830.45	22.93
0.9172	0.022241	-0.009618	60833.45	22.93
0.9172	0.021849	-0.009757	60836.45	22.93
0.9172	0.021977	-0.009352	60839.45	22.93
0.9167	0.022072	-0.009699	60842.45	22.92
0.9161	0.022011	-0.009934	60845.45	22.90
0.9172	0.021938	-0.010073	60848.45	22.93
0.9178	0.022248	-0.010042	60851.45	22.95
0.9178	0.022048	-0.010174	60854.45	22.95
0.9183	0.022264	-0.010383	60857.45	22.96
0.9189	0.022172	-0.010071	60860.45	22.97
0.9167	0.022017	-0.010192	60863.45	22.92
0.9183	0.022100	-0.010388	60866.45	22.96
0.9200	0.022372	-0.010260	60869.45	23.00
0.9178	0.022568	-0.010355	60872.45	22.95
0.9194	0.022744	-0.010643	60875.45	22.99
0.9172	0.022893	-0.010861	60878.45	22.93
0.9167	0.023107	-0.011110	60881.45	22.92
0.9172	0.023398	-0.011314	60884.45	22.93
0.9189	0.023747	-0.011702	60887.45	22.97
0.9178	0.024104	-0.011841	60890.45	22.95
0.9167	0.024304	-0.011816	60893.45	22.92
0.9183	0.024209	-0.011731	60896.45	22.96
0.9200	0.024296	-0.011708	60899.45	23.00
0.9167	0.024086	-0.011792	60902.45	22.92
0.9172	0.024277	-0.011667	60905.45	22.93
0.9189	0.024097	-0.011674	60908.45	22.97
0.9194	0.024214	-0.011600	60911.45	22.99
0.9178	0.024162	-0.011852	60914.45	22.95
0.9200	0.024231	-0.011566	60917.45	23.00
0.9156	0.024299	-0.011628	60920.45	22.89
0.9167	0.024565	-0.011471	60923.45	22.92
0.9200	0.024323	-0.011602	60926.45	23.00
0.9189	0.024263	-0.011465	60929.45	22.97
0.9183	0.023744	-0.011005	60932.45	22.96
0.9172	0.023838	-0.010643	60935.45	22.93
0.9178	0.023431	-0.010615	60938.45	22.95
0.9183	0.023489	-0.010466	60941.45	22.96
0.9172	0.023084	-0.010201	60944.45	22.93
0.9189	0.023010	-0.010190	60947.45	22.97
0.9194	0.023087	-0.009964	60950.45	22.99
0.9194	0.023152	-0.010007	60953.45	22.99
0.9178	0.022923	-0.009780	60956.45	22.95
0.9189	0.022743	-0.009805	60959.45	22.97
0.9178	0.022816	-0.009642	60962.45	22.95
0.9167	0.022675	-0.009547	60965.45	22.92
0.9189	0.022839	-0.009505	60968.45	22.97
0.9178	0.022695	-0.009303	60971.45	22.95
0.9189	0.022700	-0.009213	60974.45	22.97
0.9167	0.022874	-0.009270	60977.45	22.92
0.9172	0.022806	-0.009125	60980.45	22.93
0.9178	0.022573	-0.009190	60983.45	22.95
0.9189	0.022379	-0.009041	60986.45	22.97
0.9200	0.022859	-0.009180	60989.45	23.00
0.9194	0.022626	-0.009191	60992.45	22.99
0.9172	0.022490	-0.008906	60995.45	22.93
0.9194	0.022452	-0.009372	60998.45	22.99
0.9183	0.022233	-0.008925	61001.45	22.96
0.9178	0.022328	-0.008641	61004.45	22.95
0.9178	0.022305	-0.008725	61007.45	22.95
0.9189	0.021996	-0.008961	61010.45	22.97
0.9189	0.021865	-0.008735	61013.45	22.97
0.9194	0.022115	-0.009180	61016.45	22.99
0.9183	0.022154	-0.009335	61019.45	22.96
0.9183	0.022246	-0.009342	61022.45	22.96
0.9183	0.022214	-0.009696	61025.45	22.96
0.9183	0.022025	-0.009353	61028.45	22.96
0.9172	0.022138	-0.009679	61031.45	22.93
0.9178	0.022042	-0.009649	61034.45	22.95
0.9183	0.022250	-0.009835	61037.45	22.96
0.9178	0.022233	-0.010018	61040.45	22.95
0.9178	0.022325	-0.009981	61043.45	22.95
0.9189	0.022338	-0.010137	61046.45	22.97
0.9194	0.022389	-0.009943	61049.45	22.99
0.9183	0.022406	-0.010276	61052.45	22.96
0.9216	0.022409	-0.010178	61055.45	23.04
0.9178	0.022705	-0.009899	61058.45	22.95
0.9205	0.022350	-0.010065	61061.45	23.01
0.9183	0.022489	-0.010550	61064.45	22.96
0.9200	0.022688	-0.010299	61067.45	23.00
0.9183	0.023020	-0.010226	61070.45	22.96
0.9178	0.023902	-0.010642	61073.45	22.95
0.9200	0.023619	-0.010728	61076.45	23.00
0.9194	0.023971	-0.010995	61079.45	22.99
0.9183	0.024124	-0.011124	61082.45	22.96
0.9183	0.024998	-0.011662	61085.45	22.96
0.9183	0.025083	-0.011839	61088.45	22.96
0.9183	0.025102	-0.011627	61091.45	22.96
0.9178	0.025072	-0.011350	61094.45	22.95
0.9200	0.024953	-0.011519	61097.45	23.00
0.9189	0.025236	-0.011305	61100.45	22.97
0.9189	0.025034	-0.011485	61103.45	22.97
0.9200	0.024927	-0.011675	61106.45	23.00
0.9205	0.024962	-0.011362	61109.45	23.01
0.9183	0.024896	-0.011570	61112.45	22.96
0.9183	0.025095	-0.011656	61115.45	22.96
0.9194	0.024836	-0.011547	61118.45	22.99
0.9183	0.025128	-0.011573	61121.45	22.96
0.9194	0.025004	-0.011298	61124.45	22.99
0.9183	0.024518	-0.010908	61127.45	22.96
0.9200	0.024250	-0.010509	61130.45	23.00
0.9205	0.023980	-0.010787	61133.45	23.01
0.9189	0.023976	-0.010496	61136.45	22.97
0.9189	0.023472	-0.010055	61139.45	22.97
0.9200	0.023865	-0.009891	61142.45	23.00
0.9189	0.023788	-0.009732	61145.45	22.97
0.9189	0.023612	-0.009547	61148.45	22.97
0.9200	0.023536	-0.009610	61151.45	23.00
0.9200	0.023303	-0.009577	61154.45	23.00
0.9189	0.023644	-0.009337	61157.45	22.97
0.9183	0.023172	-0.009189	61160.45	22.96
0.9200	0.023442	-0.009286	61163.45	23.00
0.9200	0.023433	-0.008993	61166.45	23.00
0.9194	0.023128	-0.009130	61169.45	22.99
0.9205	0.022928	-0.009154	61172.45	23.01
0.9200	0.022771	-0.008877	61175.45	23.00
0.9200	0.023120	-0.009209	61178.45	23.00
0.9194	0.023181	-0.008922	61181.45	22.99
0.9200	0.023016	-0.008859	61184.45	23.00
0.9194	0.023041	-0.008765	61187.45	22.99
0.9189	0.023036	-0.008764	61190.45	22.97
0.9205	0.022793	-0.008637	61193.45	23.01
0.9200	0.022714	-0.008765	61196.45	23.00
0.9205	0.022884	-0.008680	61199.45	23.01
0.9205	0.022668	-0.008724	61202.45	23.01
0.9200	0.022708	-0.008861	61205.45	23.00
0.9189	0.022613	-0.008892	61208.45	22.97
0.9194	0.022756	-0.009019	61211.45	22.99
0.9205	0.022765	-0.009129	61214.45	23.01
0.9194	0.022646	-0.009205	61217.45	22.99
0.9194	0.022633	-0.009191	61220.45	22.99
0.9194	0.022587	-0.009426	61223.45	22.99
0.9200	0.022530	-0.009500	61226.45	23.00
0.9200	0.022825	-0.009665	61229.45	23.00
0.9205	0.022647	-0.009748	61232.45	23.01
0.9211	0.022692	-0.009754	61235.45	23.03
0.9205	0.022653	-0.010023	61238.45	23.01
0.9216	0.022791	-0.010041	61241.45	23.04
0.9178	0.022965	-0.009921	61244.45	22.95
0.9200	0.022971	-0.009891	61247.45	23.00
0.9205	0.022815	-0.010031	61250.45	23.01
0.9200	0.022602	-0.009963	61253.45	23.00
0.9211	0.022968	-0.010040	61256.45	23.03
0.9205	0.023103	-0.010004	61259.45	23.01
0.9211	0.023199	-0.010144	61262.45	23.03
0.9200	0.023117	-0.010210	61265.45	23.00
0.9205	0.023434	-0.010529	61268.45	23.01
0.9216	0.023706	-0.010401	61271.45	23.04
0.9211	0.024082	-0.010966	61274.45	23.03
0.9205	0.024350	-0.011327	61277.45	23.01
0.9194	0.024924	-0.011779	61280.45	22.99
0.9205	0.024781	-0.011665	61283.45	23.01
0.9205	0.024950	-0.011659	61286.45	23.01
0.9205	0.025022	-0.011666	61289.45	23.01
0.9194	0.025091	-0.011603	61292.45	22.99
0.9200	0.024950	-0.011658	61295.45	23.00
0.9216	0.025314	-0.011726	61298.45	23.04
0.9211	0.025073	-0.011491	61301.45	23.03
0.9205	0.025063	-0.011462	61304.45	23.01
0.9211	0.024941	-0.011524	61307.45	23.03
0.9205	0.024919	-0.011695	61310.45	23.01
0.9211	0.024925	-0.011633	61313.45	23.03
0.9200	0.025104	-0.011468	61316.45	23.00
0.9194	0.024953	-0.011205	61319.45	22.99
0.9200	0.024474	-0.010737	61322.45	23.00
0.9205	0.024124	-0.010687	61325.45	23.01
0.9205	0.024222	-0.010556	61328.45	23.01
0.9205	0.023892	-0.010387	61331.45	23.01
0.9211	0.023721	-0.010430	61334.45	23.03
0.9211	0.024049	-0.010075	61337.45	23.03
0.9216	0.023865	-0.009963	61340.45	23.04
0.9211	0.023764	-0.009860	61343.45	23.03
0.9194	0.023477	-0.009705	61346.45	22.99
0.9205	0.023635	-0.009805	61349.45	23.01
0.9216	0.023455	-0.009518	61352.45	23.04
0.9222	0.023568	-0.009439	61355.45	23.05
0.9216	0.023277	-0.009529	61358.45	23.04
0.9211	0.023249	-0.009284	61361.45	23.03
0.9200	0.023336	-0.009276	61364.45	23.00
0.9200	0.023212	-0.009427	61367.45	23.00
0.9205	0.023563	-0.009279	61370.45	23.01
0.9205	0.023186	-0.009179	61373.45	23.01
0.9216	0.023297	-0.009248	61376.45	23.04
0.9211	0.023083	-0.008837	61379.45	23.03
0.9200	0.022882	-0.009231	61382.45	23.00
0.9194	0.023127	-0.009003	61385.45	22.99
0.9227	0.022849	-0.009039	61388.45	23.07
0.9211	0.022987	-0.009016	61391.45	23.03
0.9216	0.022756	-0.008791	61394.45	23.04
0.9194	0.022899	-0.008667	61397.45	22.99
0.9216	0.022898	-0.008921	61400.45	23.04
0.9205	0.022732	-0.009300	61403.45	23.01
0.9211	0.022771	-0.009046	61406.45	23.03
0.9216	0.022870	-0.009352	61409.45	23.04
0.9200	0.022777	-0.009368	61412.45	23.00
0.9211	0.022790	-0.009641	61415.45	23.03
0.9205	0.022947	-0.009450	61418.45	23.01
0.9211	0.022881	-0.009595	61421.45	23.03
0.9222	0.022633	-0.009789	61424.45	23.05
0.9205	0.022812	-0.009878	61427.45	23.01
0.9216	0.022817	-0.009905	61430.45	23.04
0.9216	0.023029	-0.009924	61433.45	23.04
0.9205	0.023144	-0.010106	61436.45	23.01
0.9211	0.023091	-0.010204	61439.45	23.03
0.9227	0.023093	-0.010172	61442.45	23.07
0.9200	0.022964	-0.010181	61445.45	23.00
0.9211	0.022892	-0.009853	61448.45	23.03
0.9216	0.022982	-0.009862	61451.45	23.04
0.9216	0.023103	-0.010185	61454.45	23.04
0.9200	0.023346	-0.010280	61457.45	23.00
0.9211	0.023592	-0.010456	61460.45	23.03
0.9211	0.023773	-0.010603	61463.45	23.03
0.9216	0.023950	-0.011070	61466.45	23.04
0.9216	0.024124	-0.011205	61469.45	23.04
0.9211	0.024530	-0.011476	61472.45	23.03
0.9227	0.025087	-0.011901	61475.45	23.07
0.9227	0.025402	-0.011884	61478.45	23.07
0.9227	0.025206	-0.011696	61481.45	23.07
0.9205	0.025253	-0.011752	61484.45	23.01
0.9205	0.025310	-0.011788	61487.45	23.01
0.9222	0.025201	-0.011739	61490.45	23.05
0.9211	0.025004	-0.011695	61493.45	23.03
0.9205	0.025316	-0.011872	61496.45	23.01
0.9205	0.025062	-0.011757	61499.45	23.01
0.9216	0.025158	-0.011777	61502.45	23.04
0.9216	0.025435	-0.011794	61505.45	23.04
0.9227	0.025321	-0.011769	61508.45	23.07
0.9227	0.025275	-0.011609	61511.45	23.07
0.9227	0.025504	-0.011533	61514.45	23.07
0.9216	0.024349	-0.011184	61517.45	23.04
0.9205	0.024363	-0.010663	61520.45	23.01
0.9222	0.024251	-0.010532	61523.45	23.05
0.9216	0.024227	-0.010579	61526.45	23.04
0.9216	0.023987	-0.010399	61529.45	23.04
0.9238	0.023785	-0.010326	61532.45	23.09
0.9222	0.024036	-0.009984	61535.45	23.05
0.9205	0.023623	-0.009964	61538.45	23.01
0.9205	0.023697	-0.009993	61541.45	23.01
0.9211	0.023581	-0.009560	61544.45	23.03
0.9211	0.023658	-0.009761	61547.45	23.03
0.9227	0.023436	-0.009453	61550.45	23.07
0.9211	0.023567	-0.009599	61553.45	23.03
0.9222	0.023455	-0.009520	61556.45	23.05
0.9216	0.023523	-0.009455	61559.45	23.04
0.9222	0.023334	-0.009293	61562.45	23.05
0.9222	0.023398	-0.009325	61565.45	23.05
0.9216	0.023503	-0.009519	61568.45	23.04
0.9227	0.023584	-0.009406	61571.45	23.07
0.9216	0.023163	-0.009454	61574.45	23.04
0.9216	0.023265	-0.009265	61577.45	23.04
0.9222	0.023243	-0.009246	61580.45	23.05
0.9222	0.023163	-0.008924	61583.45	23.05
0.9227	0.022923	-0.009129	61586.45	23.07
0.9222	0.023100	-0.009110	61589.45	23.05
0.9216	0.022872	-0.009310	61592.45	23.04
0.9216	0.023110	-0.009412	61595.45	23.04
0.9211	0.022825	-0.009405	61598.45	23.03
0.9222	0.022781	-0.009569	61601.45	23.05
0.9222	0.022961	-0.009672	61604.45	23.05
0.9211	0.022608	-0.009669	61607.45	23.03
0.9216	0.023084	-0.009951	61610.45	23.04
0.9222	0.022898	-0.009943	61613.45	23.05
0.9222	0.022996	-0.009979	61616.45	23.05
0.9216	0.023007	-0.010282	61619.45	23.04
0.9211	0.023155	-0.010221	61622.45	23.03
0.9216	0.023012	-0.010217	61625.45	23.04
0.9211	0.023150	-0.010246	61628.45	23.03
0.9216	0.023120	-0.010474	61631.45	23.04
0.9227	0.023096	-0.010126	61634.45	23.07
0.9216	0.022998	-0.010327	61637.45	23.04
0.9216	0.023263	-0.010469	61640.45	23.04
0.9222	0.023305	-0.010367	61643.45	23.05
0.9227	0.023438	-0.010480	61646.45	23.07
0.9227	0.023833	-0.010770	61649.45	23.07
0.9222	0.023795	-0.010925	61652.45	23.05
0.9238	0.024176	-0.011715	61655.45	23.09
0.9205	0.024210	-0.011525	61658.45	23.01
0.9238	0.024889	-0.011947	61661.45	23.09
0.9227	0.025267	-0.012147	61664.45	23.07
0.9222	0.025105	-0.011971	61667.45	23.05
0.9216	0.025104	-0.012001	61670.45	23.04
0.9222	0.025255	-0.012042	61673.45	23.05
0.9216	0.025314	-0.012075	61676.45	23.04
0.9233	0.025319	-0.011877	61679.45	23.08
0.9216	0.025468	-0.011979	61682.45	23.04
0.9238	0.025172	-0.012161	61685.45	23.09
0.9222	0.025627	-0.012068	61688.45	23.05
0.9233	0.025398	-0.011844	61691.45	23.08
0.9205	0.025182	-0.011363	61694.45	23.01
0.9222	0.025331	-0.011617	61697.45	23.05
0.9243	0.025399	-0.011933	61700.45	23.11
0.9222	0.024803	-0.011356	61703.45	23.05
0.9222	0.024430	-0.011012	61706.45	23.05
0.9222	0.024476	-0.010853	61709.45	23.05
0.9238	0.024178	-0.010766	61712.45	23.09
0.9227	0.024225	-0.010636	61715.45	23.07
0.9216	0.024096	-0.010531	61718.45	23.04
0.9222	0.024005	-0.010417	61721.45	23.05
0.9222	0.024010	-0.010276	61724.45	23.05
0.9233	0.024129	-0.009951	61727.45	23.08
0.9222	0.023757	-0.009996	61730.45	23.05
0.9216	0.023794	-0.010029	61733.45	23.04
0.9233	0.023387	-0.009873	61736.45	23.08
0.9227	0.023740	-0.009788	61739.45	23.07
0.9238	0.023522	-0.009738	61742.45	23.09
0.9227	0.023558	-0.010005	61745.45	23.07
0.9211	0.023483	-0.009703	61748.45	23.03
0.9222	0.023575	-0.009516	61751.45	23.05
0.9216	0.023514	-0.009365	61754.45	23.04
0.9222	0.023424	-0.009561	61757.45	23.05
0.9243	0.023446	-0.009397	61760.45	23.11
0.9233	0.023466	-0.009551	61763.45	23.08
0.9222	0.023190	-0.009432	61766.45	23.05
0.9238	0.023210	-0.009447	61769.45	23.09
0.9227	0.022659	-0.009778	61772.45	23.07
0.9222	0.022852	-0.009835	61775.45	23.05
0.9216	0.022819	-0.009723	61778.45	23.04
0.9227	0.022573	-0.009634	61781.45	23.07
0.9233	0.022563	-0.009926	61784.45	23.08
0.9227	0.022813	-0.009820	61787.45	23.07
0.9227	0.022629	-0.010181	61790.45	23.07
0.9222	0.022659	-0.009995	61793.45	23.05
0.9216	0.022651	-0.010092	61796.45	23.04
0.9222	0.022567	-0.010043	61799.45	23.05
0.9227	0.022978	-0.010145	61802.45	23.07
0.9216	0.023237	-0.010070	61805.45	23.04
0.9222	0.023251	-0.010139	61808.45	23.05
0.9216	0.023188	-0.010003	61811.45	23.04
0.9238	0.023205	-0.010223	61814.45	23.09
0.9227	0.023437	-0.010370	61817.45	23.07
0.9227	0.023225	-0.010313	61820.45	23.07
0.9216	0.023270	-0.010307	61823.45	23.04
0.9243	0.023109	-0.010628	61826.45	23.11
0.9233	0.023136	-0.010330	61829.45	23.08
0.9238	0.022736	-0.010341	61832.45	23.09
0.9232	0.023044	-0.010347	61835.45	23.08
0.9222	0.023122	-0.010932	61838.45	23.05
0.9243	0.023306	-0.011023	61841.45	23.11
0.9216	0.023338	-0.011063	61844.45	23.04
0.9227	0.023787	-0.011737	61847.45	23.07
0.9238	0.023874	-0.011627	61850.45	23.09
0.9227	0.024399	-0.011686	61853.45	23.07
0.9216	0.024970	-0.011957	61856.45	23.04
0.9227	0.025210	-0.012081	61859.45	23.07
0.9232	0.025581	-0.012006	61862.45	23.08
0.9243	0.025356	-0.011924	61865.45	23.11
0.9238	0.025439	-0.012274	61868.45	23.09
0.9227	0.025341	-0.012006	61871.45	23.07
0.9211	0.025389	-0.012241	61874.45	23.03
0.9238	0.025415	-0.012082	61877.45	23.09
0.9222	0.025320	-0.012116	61880.45	23.05
0.9238	0.025468	-0.012004	61883.45	23.09
0.9243	0.025331	-0.012259	61886.45	23.11
0.9232	0.025378	-0.012068	61889.45	23.08
0.9238	0.025281	-0.012196	61892.45	23.09
0.9238	0.025438	-0.012220	61895.45	23.09
0.9232	0.024673	-0.011388	61898.45	23.08
0.9227	0.024465	-0.011148	61901.45	23.07
0.9238	0.024630	-0.010925	61904.45	23.09
0.9232	0.024206	-0.010694	61907.45	23.08
0.9260	0.024420	-0.010628	61910.45	23.15
0.9249	0.024313	-0.010489	61913.45	23.12
0.9227	0.024282	-0.010461	61916.45	23.07
0.9233	0.024116	-0.010159	61919.45	23.08
0.9243	0.024111	-0.010024	61922.45	23.11
0.9238	0.024095	-0.010028	61925.45	23.09
0.9222	0.023844	-0.009802	61928.45	23.05
0.9238	0.023779	-0.010024	61931.45	23.09
0.9254	0.023751	-0.009853	61934.45	23.14
0.9227	0.023623	-0.010024	61937.45	23.07
0.9243	0.023786	-0.009644	61940.45	23.11
0.9243	0.023681	-0.009564	61943.45	23.11
0.9238	0.023843	-0.009516	61946.45	23.09
0.9233	0.023597	-0.009641	61949.45	23.08
0.9238	0.023574	-0.009605	61952.45	23.09
0.9227	0.023396	-0.009655	61955.45	23.07
0.9243	0.023446	-0.009332	61958.45	23.11
0.9238	0.023551	-0.009568	61961.45	23.09
0.9243	0.023334	-0.009685	61964.45	23.11
0.9243	0.023405	-0.009400	61967.45	23.11
0.9238	0.023342	-0.009220	61970.45	23.09
0.9249	0.023344	-0.009262	61973.45	23.12
0.9238	0.023122	-0.009282	61976.45	23.09
0.9249	0.023033	-0.009651	61979.45	23.12
0.9243	0.023267	-0.009722	61982.45	23.11
0.9238	0.023059	-0.009677	61985.45	23.09
0.9238	0.023036	-0.009829	61988.45	23.09
0.9238	0.023262	-0.009928	61991.45	23.09
0.9233	0.023441	-0.009913	61994.45	23.08
0.9254	0.023283	-0.010132	61997.45	23.14
0.9243	0.023338	-0.010246	62000.45	23.11
0.9233	0.022940	-0.010234	62003.45	23.08
0.9238	0.023114	-0.010304	62006.45	23.09
0.9243	0.023314	-0.010470	62009.45	23.11
0.9238	0.023293	-0.010579	62012.45	23.09
0.9238	0.023467	-0.010484	62015.45	23.09
0.9254	0.023448	-0.010413	62018.45	23.14
0.9249	0.023239	-0.010329	62021.45	23.12
0.9238	0.023219	-0.010344	62024.45	23.09
0.9254	0.023538	-0.010397	62027.45	23.14
0.9243	0.023490	-0.010658	62030.45	23.11
0.9232	0.023567	-0.010577	62033.45	23.08
0.9249	0.023780	-0.011035	62036.45	23.12
0.9227	0.024262	-0.010905	62039.45	23.07
0.9254	0.024227	-0.011229	62042.45	23.14
0.9238	0.024656	-0.011511	62045.45	23.09
0.9249	0.024385	-0.011877	62048.45	23.12
0.9243	0.025174	-0.012237	62051.45	23.11
0.9243	0.025389	-0.012269	62054.45	23.11
0.9243	0.025544	-0.012214	62057.45	23.11
0.9249	0.025496	-0.012171	62060.45	23.12
0.9260	0.025510	-0.012304	62063.45	23.15
0.9249	0.025477	-0.012214	62066.45	23.12
0.9254	0.025546	-0.011984	62069.45	23.14
0.9243	0.025631	-0.012300	62072.45	23.11
0.9232	0.025572	-0.012131	62075.45	23.08
0.9249	0.025600	-0.012292	62078.45	23.12
0.9249	0.025463	-0.012195	62081.45	23.12
0.9243	0.025650	-0.012208	62084.45	23.11
0.9243	0.025648	-0.012274	62087.45	23.11
0.9249	0.025476	-0.012011	62090.45	23.12
0.9243	0.024863	-0.011501	62093.45	23.11
0.9243	0.024556	-0.011219	62096.45	23.11
0.9260	0.024629	-0.010889	62099.45	23.15
0.9243	0.024438	-0.010530	62102.45	23.11
0.9260	0.024521	-0.010626	62105.45	23.15
0.9249	0.024514	-0.010601	62108.45	23.12
0.9227	0.024032	-0.010580	62111.45	23.07
0.9249	0.024339	-0.010398	62114.45	23.12
0.9254	0.024114	-0.010294	62117.45	23.14
0.9265	0.023936	-0.010085	62120.45	23.16
0.9254	0.023853	-0.010102	62123.45	23.14
0.9254	0.024004	-0.010002	62126.45	23.14
0.9243	0.023934	-0.009876	62129.45	23.11
0.9254	0.023894	-0.009795	62132.45	23.14
0.9238	0.023786	-0.009759	62135.45	23.09
0.9243	0.023476	-0.010048	62138.45	23.11
0.9249	0.023469	-0.009762	62141.45	23.12
0.9249	0.023923	-0.009731	62144.45	23.12
0.9238	0.023861	-0.009378	62147.45	23.09
0.9222	0.023689	-0.009737	62150.45	23.05
0.9271	0.023947	-0.009722	62153.45	23.18
0.9243	0.023684	-0.009549	62156.45	23.11
0.9249	0.023703	-0.009903	62159.45	23.12
0.9254	0.023274	-0.009872	62162.45	23.14
0.9243	0.023066	-0.009783	62165.45	23.11
0.9243	0.022967	-0.009783	62168.45	23.11
0.9233	0.023020	-0.009806	62171.45	23.08
0.9260	0.022801	-0.010210	62174.45	23.15
0.9265	0.022924	-0.010328	62177.45	23.16
0.9243	0.022909	-0.010174	62180.45	23.11
0.9249	0.022811	-0.010627	62183.45	23.12
0.9243	0.023050	-0.010348	62186.45	23.11
0.9254	0.022985	-0.010369	62189.45	23.14
0.9249	0.023437	-0.010199	62192.45	23.12
0.9254	0.023421	-0.010272	62195.45	23.14
0.9243	0.023248	-0.010259	62198.45	23.11
0.9265	0.023502	-0.010274	62201.45	23.16
0.9249	0.023373	-0.010403	62204.45	23.12
0.9243	0.023461	-0.010509	62207.45	23.11
0.9249	0.023469	-0.010691	62210.45	23.12
0.9243	0.023338	-0.010650	62213.45	23.11
0.9265	0.023235	-0.010418	62216.45	23.16
0.9260	0.023546	-0.010329	62219.45	23.15
0.9232	0.023389	-0.010749	62222.45	23.08
0.9260	0.023592	-0.010803	62225.45	23.15
0.9254	0.023902	-0.010876	62228.45	23.14
0.9243	0.024052	-0.010958	62231.45	23.11
0.9232	0.024387	-0.011600	62234.45	23.08
0.9238	0.024355	-0.011579	62237.45	23.09
0.9254	0.024645	-0.011693	62240.45	23.14
0.9243	0.025045	-0.012369	62243.45	23.11
0.9260	0.025428	-0.012300	62246.45	23.15
0.9254	0.025734	-0.012363	62249.45	23.14
0.9254	0.025707	-0.012562	62252.45	23.14
0.9249	0.025670	-0.012430	62255.45	23.12
0.9260	0.025584	-0.012244	62258.45	23.15
0.9254	0.025726	-0.012516	62261.45	23.14
0.9249	0.025819	-0.012384	62264.45	23.12
0.9276	0.025772	-0.012096	62267.45	23.19
0.9276	0.025609	-0.012366	62270.45	23.19
0.9254	0.025620	-0.012390	62273.45	23.14
0.9254	0.025677	-0.012264	62276.45	23.14
0.9254	0.025882	-0.012401	62279.45	23.14
0.9260	0.025530	-0.012340	62282.45	23.15
0.9249	0.025208	-0.011667	62285.45	23.12
0.9249	0.024863	-0.011199	62288.45	23.12
0.9243	0.024731	-0.011239	62291.45	23.11
0.9254	0.024540	-0.011063	62294.45	23.14
0.9260	0.024444	-0.010774	62297.45	23.15
0.9254	0.024410	-0.010843	62300.45	23.14
0.9265	0.024308	-0.010607	62303.45	23.16
0.9249	0.024403	-0.010385	62306.45	23.12
0.9254	0.024300	-0.010241	62309.45	23.14
0.9249	0.024103	-0.010211	62312.45	23.12
0.9249	0.024021	-0.010335	62315.45	23.12
0.9238	0.024057	-0.009913	62318.45	23.09
0.9260	0.024002	-0.009838	62321.45	23.15
0.9254	0.023878	-0.010040	62324.45	23.14
0.9238	0.023735	-0.010162	62327.45	23.09
0.9271	0.023763	-0.009968	62330.45	23.18
0.9243	0.023897	-0.009778	62333.45	23.11
0.9254	0.023851	-0.009740	62336.45	23.14
0.9249	0.023855	-0.009885	62339.45	23.12
0.9265	0.023648	-0.009624	62342.45	23.16
0.9254	0.023714	-0.009864	62345.45	23.14
0.9265	0.023964	-0.009845	62348.45	23.16
0.9249	0.023511	-0.009735	62351.45	23.12
0.9265	0.023561	-0.009578	62354.45	23.16
0.9243	0.023598	-0.009870	62357.45	23.11
0.9254	0.023387	-0.009203	62360.45	23.14
0.9260	0.023398	-0.009692	62363.45	23.15
0.9249	0.023374	-0.009672	62366.45	23.12
0.9260	0.023358	-0.009818	62369.45	23.15
0.9271	0.023108	-0.010034	62372.45	23.18
0.9265	0.023506	-0.010101	62375.45	23.16
0.9260	0.023495	-0.010191	62378.45	23.15
0.9254	0.023399	-0.010346	62381.45	23.14
0.9271	0.023485	-0.010167	62384.45	23.18
0.9260	0.023424	-0.010375	62387.45	23.15
0.9254	0.023749	-0.010480	62390.45	23.14
0.9260	0.023489	-0.010562	62393.45	23.15
0.9265	0.023601	-0.010483	62396.45	23.16
0.9260	0.023402	-0.010697	62399.45	23.15
0.9287	0.023681	-0.010566	62402.45	23.22
0.9254	0.023801	-0.010422	62405.45	23.14
0.9260	0.023413	-0.010517	62408.45	23.15
0.9265	0.023578	-0.010686	62411.45	23.16
0.9265	0.023803	-0.010415	62414.45	23.16
0.9265	0.023826	-0.010585	62417.45	23.16
0.9265	0.023849	-0.011042	62420.45	23.16
0.9265	0.024001	-0.011209	62423.45	23.16
0.9260	0.024221	-0.011408	62426.45	23.15
0.9265	0.024726	-0.011549	62429.45	23.16
0.9265	0.024760	-0.011817	62432.45	23.16
0.9265	0.025270	-0.012171	62435.45	23.16
0.9249	0.025530	-0.012280	62438.45	23.12
0.9271	0.025690	-0.012309	62441.45	23.18
0.9271	0.025694	-0.012467	62444.45	23.18
0.9260	0.026023	-0.012370	62447.45	23.15
0.9254	0.025870	-0.012292	62450.45	23.14
0.9287	0.025842	-0.012133	62453.45	23.22
0.9265	0.025750	-0.012506	62456.45	23.16
0.9260	0.025848	-0.012275	62459.45	23.15
0.9271	0.025828	-0.012457	62462.45	23.18
0.9276	0.025816	-0.012374	62465.45	23.19
0.9271	0.025799	-0.012564	62468.45	23.18
0.9271	0.025654	-0.012044	62471.45	23.18
0.9271	0.025888	-0.012381	62474.45	23.18
0.9282	0.025236	-0.011727	62477.45	23.20
0.9287	0.024870	-0.011234	62480.45	23.22
0.9243	0.024884	-0.011307	62483.45	23.11
0.9260	0.024773	-0.011029	62486.45	23.15
0.9271	0.024600	-0.010817	62489.45	23.18
0.9265	0.024585	-0.010710	62492.45	23.16
0.9271	0.024518	-0.010756	62495.45	23.18
0.9260	0.024357	-0.010361	62498.45	23.15
0.9265	0.024478	-0.010380	62501.45	23.16
0.9271	0.024074	-0.010158	62504.45	23.18
0.9271	0.024210	-0.010173	62507.45	23.18
0.9260	0.024082	-0.010129	62510.45	23.15
0.9276	0.023874	-0.010002	62513.45	23.19
0.9260	0.023986	-0.010031	62516.45	23.15
0.9276	0.024157	-0.009953	62519.45	23.19
0.9271	0.024181	-0.009940	62522.45	23.18
0.9260	0.023655	-0.009961	62525.45	23.15
0.9271	0.024108	-0.009803	62528.45	23.18
0.9271	0.023672	-0.009947	62531.45	23.18
0.9265	0.023856	-0.009739	62534.45	23.16
0.9260	0.023831	-0.009733	62537.45	23.15
0.9276	0.023793	-0.009601	62540.45	23.19
0.9276	0.023848	-0.009954	62543.45	23.19
0.9265	0.023889	-0.009538	62546.45	23.16
0.9265	0.023705	-0.009644	62549.45	23.16
0.9276	0.023520	-0.009729	62552.45	23.19
0.9271	0.023273	-0.009636	62555.45	23.18
0.9282	0.023536	-0.009911	62558.45	23.20
0.9271	0.023478	-0.009925	62561.45	23.18
0.9271	0.023638	-0.009944	62564.45	23.18
0.9265	0.023171	-0.010115	62567.45	23.16
0.9271	0.023401	-0.010367	62570.45	23.18
0.9265	0.023574	-0.010318	62573.45	23.16
0.9276	0.023696	-0.010218	62576.45	23.19
0.9276	0.023763	-0.010433	62579.45	23.19
0.9276	0.023448	-0.010407	62582.45	23.19
0.9282	0.023495	-0.010333	62585.45	23.20
0.9265	0.023777	-0.010495	62588.45	23.16
0.9276	0.023847	-0.010800	62591.45	23.19
0.9293	0.023822	-0.010609	62594.45	23.23
0.9265	0.023506	-0.010547	62597.45	23.16
0.9260	0.023481	-0.010518	62600.45	23.15
0.9287	0.023678	-0.010576	62603.45	23.22
0.9271	0.023677	-0.010681	62606.45	23.18
0.9276	0.023817	-0.010782	62609.45	23.19
0.9265	0.024208	-0.010970	62612.45	23.16
0.9276	0.024411	-0.011154	62615.45	23.19
0.9265	0.024580	-0.011622	62618.45	23.16
0.9282	0.024746	-0.011565	62621.45	23.20
0.9293	0.025030	-0.012128	62624.45	23.23
0.9282	0.025397	-0.012074	62627.45	23.20
0.9293	0.025613	-0.012134	62630.45	23.23
0.9276	0.025754	-0.012056	62633.45	23.19
0.9271	0.025792	-0.012360	62636.45	23.18
0.9282	0.025549	-0.012387	62639.45	23.20
0.9271	0.025456	-0.012335	62642.45	23.18
0.9276	0.025789	-0.012110	62645.45	23.19
0.9271	0.025943	-0.012683	62648.45	23.18
0.9265	0.025897	-0.012159	62651.45	23.16
0.9298	0.025756	-0.012254	62654.45	23.24
0.9271	0.025857	-0.012326	62657.45	23.18
0.9265	0.025896	-0.012545	62660.45	23.16
0.9287	0.026067	-0.012465	62663.45	23.22
0.9276	0.025714	-0.012268	62666.45	23.19
0.9287	0.025470	-0.012497	62669.45	23.22
0.9276	0.026034	-0.012362	62672.45	23.19
0.9282	0.025735	-0.012200	62675.45	23.20
0.9276	0.025868	-0.012358	62678.45	23.19
0.9282	0.025961	-0.012510	62681.45	23.20
0.9282	0.025851	-0.012451	62684.45	23.20
0.9282	0.026146	-0.012478	62687.45	23.20
0.9265	0.025829	-0.012487	62690.45	23.16
0.9287	0.025887	-0.012442	62693.45	23.22
0.9276	0.025785	-0.012417	62696.45	23.19
0.9276	0.025857	-0.012546	62699.45	23.19
0.9271	0.025554	-0.012295	62702.45	23.18
0.9265	0.025720	-0.012476	62705.45	23.16
0.9298	0.025770	-0.012330	62708.45	23.24
0.9260	0.026123	-0.012293	62711.45	23.15
0.9282	0.025790	-0.012248	62714.45	23.20
0.9304	0.025791	-0.012031	62717.45	23.26
0.9276	0.025749	-0.012299	62720.45	23.19
0.9287	0.025808	-0.012229	62723.45	23.22
0.9298	0.025356	-0.012793	62726.45	23.24
0.9276	0.025437	-0.012778	62729.45	23.19
0.9287	0.025453	-0.012819	62732.45	23.22
0.9282	0.025527	-0.012521	62735.45	23.20
0.9287	0.025500	-0.012857	62738.45	23.22
0.9282	0.025673	-0.012493	62741.45	23.20
0.9271	0.025548	-0.012805	62744.45	23.18
0.9287	0.025540	-0.012567	62747.45	23.22
