0.9872	0.102226	-0.094443	39546.66	24.67
0.9861	0.102191	-0.094385	39549.06	24.64
0.9829	0.102132	-0.094225	39550.27	24.56
0.9829	0.102181	-0.094273	39552.67	24.56
0.9840	0.102235	-0.094390	39553.88	24.59
0.9823	0.102215	-0.094468	39555.08	24.55
0.9812	0.102193	-0.094388	39556.28	24.52
0.9785	0.102239	-0.094487	39558.69	24.45
0.9801	0.102427	-0.094346	39561.09	24.49
0.9758	0.102428	-0.094427	39562.30	24.38
0.9774	0.102663	-0.094611	39564.70	24.42
0.9730	0.102674	-0.094461	39567.11	24.32
0.9725	0.102612	-0.094403	39569.52	24.30
0.9714	0.102853	-0.094429	39571.92	24.27
0.9719	0.102814	-0.094585	39573.13	24.29
0.9703	0.102835	-0.094700	39575.53	24.25
0.9697	0.102755	-0.094646	39577.94	24.23
0.9670	0.102859	-0.094579	39580.34	24.17
0.9703	0.102893	-0.094621	39581.55	24.25
0.9665	0.102912	-0.094471	39582.75	24.15
0.9632	0.102963	-0.094619	39583.95	24.07
0.9654	0.103288	-0.094809	39586.36	24.13
0.9654	0.103393	-0.094761	39588.77	24.13
0.9643	0.103209	-0.094806	39589.97	24.10
0.9599	0.103514	-0.094826	39592.38	23.99
0.9593	0.103412	-0.094834	39594.78	23.98
0.9577	0.103474	-0.094822	39597.19	23.94
0.9561	0.103328	-0.094829	39598.39	23.89
0.9577	0.103567	-0.094851	39600.80	23.94
0.9561	0.103588	-0.094869	39603.20	23.89
0.9550	0.103613	-0.094790	39605.61	23.87
0.9533	0.103754	-0.095223	39608.02	23.83
0.9511	0.103825	-0.094984	39610.42	23.77
0.9539	0.103813	-0.095012	39611.63	23.84
0.9495	0.103888	-0.095065	39614.03	23.73
0.9511	0.103984	-0.095112	39616.44	23.77
0.9468	0.103874	-0.095086	39617.64	23.66
0.9490	0.103798	-0.095206	39618.84	23.72
0.9495	0.103980	-0.095170	39621.25	23.73
0.9468	0.104087	-0.095074	39622.45	23.66
0.9451	0.104013	-0.095090	39624.86	23.62
0.9468	0.104107	-0.094995	39626.06	23.66
0.9440	0.104148	-0.095133	39627.27	23.60
0.9457	0.104094	-0.095178	39628.47	23.64
0.9462	0.104028	-0.095240	39629.67	23.65
0.9440	0.104023	-0.095257	39632.08	23.60
0.9424	0.104268	-0.095399	39633.28	23.56
0.9435	0.104442	-0.095473	39634.48	23.58
0.9424	0.104538	-0.095533	39635.69	23.56
0.9440	0.104555	-0.095435	39636.89	23.60
0.9402	0.104646	-0.095447	39639.30	23.50
0.9386	0.104610	-0.095625	39641.70	23.46
0.9402	0.104556	-0.095491	39644.11	23.50
0.9386	0.104620	-0.095499	39646.52	23.46
0.9358	0.104572	-0.095503	39648.92	23.39
0.9375	0.104629	-0.095469	39650.13	23.43
0.9380	0.104699	-0.095465	39652.53	23.45
0.9342	0.104592	-0.095553	39654.94	23.35
0.9336	0.104836	-0.095565	39657.34	23.34
0.9325	0.104815	-0.095507	39658.55	23.31
0.9364	0.104794	-0.095468	39659.75	23.41
0.9320	0.104777	-0.095550	39660.95	23.30
0.9315	0.104832	-0.095517	39663.36	23.28
0.9331	0.104772	-0.095510	39665.77	23.33
0.9342	0.104738	-0.095438	39666.97	23.35
0.9309	0.104826	-0.095665	39668.17	23.27
0.9320	0.104914	-0.095505	39670.58	23.30
0.9315	0.104920	-0.095511	39671.78	23.28
0.9282	0.104912	-0.095581	39674.19	23.20
0.9271	0.104991	-0.095693	39676.59	23.18
0.9304	0.104927	-0.095659	39677.80	23.26
0.9293	0.104900	-0.095694	39679.00	23.23
0.9276	0.104822	-0.095611	39680.20	23.19
0.9271	0.104876	-0.095702	39682.61	23.18
0.9287	0.104987	-0.095649	39685.02	23.22
0.9271	0.105040	-0.095845	39687.42	23.18
0.9276	0.105023	-0.095822	39688.63	23.19
0.9260	0.104997	-0.095683	39691.03	23.15
0.9276	0.105361	-0.095463	39693.44	23.19
0.9276	0.105305	-0.095597	39695.84	23.19
0.9249	0.105249	-0.095560	39697.05	23.12
0.9254	0.105400	-0.095623	39698.25	23.14
0.9243	0.105611	-0.096012	39700.66	23.11
0.9205	0.105915	-0.095765	39703.06	23.01
0.9200	0.106098	-0.095833	39704.27	23.00
0.9227	0.105997	-0.095730	39706.67	23.07
0.9211	0.106131	-0.095811	39709.08	23.03
0.9238	0.105865	-0.095860	39710.28	23.09
0.9211	0.106054	-0.095892	39712.69	23.03
0.9205	0.106079	-0.095975	39715.09	23.01
0.9194	0.105993	-0.095832	39717.50	22.99
0.9183	0.106102	-0.095825	39718.70	22.96
0.9211	0.106105	-0.095810	39719.91	23.03
0.9205	0.106209	-0.095835	39721.11	23.01
0.9183	0.106331	-0.095928	39723.52	22.96
0.9205	0.105973	-0.095860	39725.92	23.01
0.9211	0.106136	-0.095839	39727.13	23.03
0.9172	0.106182	-0.095832	39729.53	22.93
0.9178	0.106328	-0.095795	39731.94	22.95
0.9145	0.106207	-0.095781	39734.34	22.86
0.9140	0.106261	-0.095871	39735.55	22.85
0.9145	0.106210	-0.095760	39736.75	22.86
0.9145	0.106529	-0.095589	39737.95	22.86
0.9134	0.106528	-0.095633	39739.16	22.84
0.9145	0.106620	-0.095776	39740.36	22.86
0.9129	0.106600	-0.095715	39742.77	22.82
0.9140	0.106678	-0.095491	39743.97	22.85
0.9118	0.106696	-0.095667	39746.38	22.80
0.9112	0.106624	-0.095685	39748.78	22.78
0.9123	0.106717	-0.095865	39751.19	22.81
0.9107	0.106782	-0.095917	39753.59	22.77
0.9107	0.106760	-0.095864	39754.80	22.77
0.9118	0.106710	-0.096242	39756.00	22.80
0.9107	0.106327	-0.096128	39757.20	22.77
0.9118	0.106338	-0.096131	39759.61	22.80
0.9107	0.106351	-0.096119	39762.02	22.77
0.9101	0.106503	-0.096167	39764.42	22.76
0.9101	0.106358	-0.096212	39765.63	22.76
0.9101	0.106460	-0.096148	39768.03	22.76
0.9101	0.106497	-0.096197	39770.44	22.76
0.9096	0.106447	-0.096303	39772.84	22.74
0.9079	0.106445	-0.096400	39774.05	22.70
0.9085	0.106395	-0.096360	39775.25	22.71
0.9079	0.106458	-0.096172	39777.66	22.70
0.9057	0.106484	-0.096306	39778.86	22.65
0.9074	0.106452	-0.096295	39781.27	22.69
0.9079	0.106416	-0.096306	39783.67	22.70
0.9085	0.106419	-0.096279	39784.88	22.71
0.9063	0.106310	-0.096458	39787.28	22.66
0.9063	0.106485	-0.096253	39789.69	22.66
0.9068	0.106687	-0.096069	39792.09	22.67
0.9063	0.106718	-0.096160	39793.30	22.66
0.9058	0.106593	-0.096160	39794.50	22.65
0.9063	0.106526	-0.096356	39795.70	22.66
0.9057	0.106594	-0.096270	39796.91	22.65
0.9052	0.106638	-0.096220	39798.11	22.63
0.9041	0.106583	-0.096458	39800.52	22.61
0.9019	0.106396	-0.096909	39802.92	22.55
0.9041	0.106398	-0.096742	39804.13	22.61
0.9030	0.106389	-0.096893	39806.53	22.58
0.9041	0.106611	-0.096825	39808.94	22.61
0.9025	0.106555	-0.096825	39811.34	22.57
0.9008	0.106664	-0.096750	39813.75	22.52
0.8997	0.106668	-0.096800	39814.95	22.50
0.9014	0.106589	-0.096848	39816.16	22.54
0.9014	0.106581	-0.096783	39817.36	22.54
0.9019	0.106637	-0.096867	39819.77	22.55
0.9014	0.106521	-0.096857	39822.17	22.54
0.8986	0.106608	-0.096854	39824.58	22.47
0.8992	0.106512	-0.097011	39825.78	22.48
0.8992	0.106615	-0.097004	39828.19	22.48
0.8964	0.106554	-0.097007	39830.59	22.42
0.8992	0.106464	-0.096985	39831.80	22.48
0.8965	0.106564	-0.097052	39833.00	22.42
0.8975	0.106569	-0.098017	39834.20	22.44
0.8986	0.107557	-0.098056	39836.61	22.47
0.8959	0.107613	-0.098052	39839.02	22.40
0.8954	0.107690	-0.098003	39841.42	22.39
0.8948	0.107577	-0.098052	39842.63	22.38
0.8954	0.107489	-0.098207	39845.03	22.39
0.8921	0.107605	-0.098145	39847.44	22.31
0.8910	0.107806	-0.098063	39849.84	22.28
0.8910	0.107642	-0.098207	39852.25	22.28
0.8910	0.107645	-0.098212	39853.45	22.28
0.8915	0.107572	-0.098258	39855.86	22.29
0.8888	0.107732	-0.098402	39858.27	22.23
0.8882	0.107762	-0.098464	39860.67	22.21
0.8877	0.107679	-0.098420	39863.08	22.20
0.8855	0.107770	-0.098436	39864.28	22.14
0.8861	0.107709	-0.098581	39866.69	22.16
0.8861	0.107779	-0.098582	39869.09	22.16
0.8839	0.107791	-0.098761	39870.30	22.10
0.8833	0.107844	-0.098732	39871.50	22.09
0.8822	0.107884	-0.098737	39872.70	22.06
0.8817	0.107934	-0.098947	39875.11	22.05
0.8817	0.108125	-0.098809	39877.52	22.05
0.8800	0.108259	-0.098877	39879.92	22.01
0.8779	0.108300	-0.098966	39881.13	21.95
0.8762	0.108480	-0.099093	39883.53	21.91
0.8751	0.108521	-0.099263	39885.94	21.89
0.8729	0.108684	-0.099548	39888.34	21.83
0.8707	0.108655	-0.099646	39889.55	21.78
0.8707	0.108585	-0.099930	39890.75	21.78
0.8702	0.108828	-0.100004	39891.95	21.76
0.8697	0.108948	-0.100167	39893.16	21.75
0.8680	0.109120	-0.100586	39895.56	21.71
0.8642	0.109277	-0.100994	39897.97	21.61
0.8625	0.109659	-0.101292	39900.38	21.57
0.8593	0.110299	-0.101977	39902.78	21.49
0.8576	0.110210	-0.102202	39905.19	21.45
0.8538	0.110452	-0.102427	39907.59	21.36
0.8527	0.110528	-0.102368	39908.80	21.33
0.8505	0.110458	-0.102674	39910.00	21.27
0.8478	0.110783	-0.103117	39912.41	21.21
0.8456	0.110624	-0.103210	39913.61	21.15
0.8445	0.110612	-0.103542	39916.02	21.13
0.8390	0.110912	-0.103871	39918.42	20.99
0.8385	0.111001	-0.104042	39919.63	20.98
0.8346	0.111276	-0.104268	39922.03	20.88
0.8330	0.111511	-0.104338	39924.44	20.84
0.8275	0.111589	-0.104664	39926.84	20.70
0.8243	0.111892	-0.105275	39929.25	20.62
0.8210	0.112129	-0.106099	39931.66	20.54
0.8188	0.112525	-0.106391	39932.86	20.49
0.8139	0.113354	-0.106998	39935.27	20.36
0.8133	0.114280	-0.107754	39937.67	20.35
0.8078	0.114717	-0.108293	39940.08	20.21
0.8057	0.115127	-0.108669	39941.28	20.16
0.7975	0.115610	-0.109501	39943.69	19.96
0.7947	0.116011	-0.110144	39946.09	19.89
0.7925	0.116399	-0.110549	39947.30	19.83
0.7893	0.116834	-0.111123	39948.50	19.75
0.7865	0.117189	-0.111717	39950.91	19.68
0.7854	0.117466	-0.112624	39952.11	19.66
0.7778	0.118527	-0.113615	39954.52	19.47
0.7734	0.119704	-0.114509	39956.92	19.36
0.7707	0.120105	-0.115508	39958.13	19.29
0.7696	0.120872	-0.115506	39960.53	19.26
0.7624	0.120949	-0.116236	39962.94	19.08
0.7581	0.122153	-0.117156	39965.34	18.98
0.7548	0.122538	-0.117526	39966.55	18.89
0.7493	0.122884	-0.117992	39967.75	18.76
0.7493	0.122910	-0.118063	39968.95	18.76
0.7499	0.122961	-0.117879	39970.16	18.77
0.7493	0.122857	-0.117713	39971.36	18.76
0.7395	0.122970	-0.117989	39973.77	18.51
0.7378	0.123614	-0.119102	39974.97	18.47
0.7313	0.125770	-0.121610	39977.38	18.31
0.7280	0.127328	-0.122113	39979.78	18.23
0.7236	0.127299	-0.121962	39982.19	18.12
0.7176	0.128314	-0.124023	39984.59	17.97
0.7099	0.134317	-0.130188	39987.00	17.78
0.7067	0.135912	-0.130891	39989.41	17.70
0.7056	0.135688	-0.130378	39991.81	17.67
0.6979	0.135055	-0.130850	39994.22	17.48
0.6963	0.136603	-0.135822	39995.42	17.44
0.6924	0.142074	-0.138913	39996.63	17.34
0.6897	0.143987	-0.139296	39999.03	17.27
0.6837	0.143644	-0.138564	40001.44	17.12
0.6788	0.144451	-0.139535	40003.84	17.00
0.6744	0.144545	-0.139327	40005.05	16.89
0.6717	0.144522	-0.139780	40006.25	16.82
0.6722	0.144665	-0.140001	40007.45	16.84
0.6695	0.144792	-0.139649	40009.86	16.77
0.6667	0.144822	-0.139984	40012.27	16.70
0.6596	0.145034	-0.140356	40014.67	16.52
0.6536	0.145268	-0.141100	40017.08	16.37
0.6509	0.145324	-0.141133	40018.28	16.30
0.6520	0.145668	-0.141019	40020.69	16.33
0.6454	0.145682	-0.141307	40023.09	16.17
0.6432	0.145945	-0.141457	40024.30	16.11
0.6388	0.146177	-0.141937	40025.50	16.00
0.6350	0.146215	-0.142610	40026.70	15.91
0.6367	0.146394	-0.142662	40029.11	15.95
0.6312	0.146710	-0.142413	40031.52	15.81
0.6246	0.146763	-0.143108	40033.92	15.65
0.6213	0.147026	-0.143369	40035.13	15.57
0.6186	0.147193	-0.144042	40037.53	15.50
0.6181	0.147370	-0.143850	40039.94	15.49
0.6137	0.147742	-0.143614	40042.34	15.38
0.6115	0.147930	-0.143980	40043.55	15.32
0.6071	0.148217	-0.144620	40044.75	15.21
0.6038	0.148321	-0.145271	40045.95	15.13
0.6027	0.148643	-0.145485	40048.36	15.10
0.6011	0.148891	-0.145284	40050.77	15.06
0.5973	0.149094	-0.145302	40051.97	14.97
0.5923	0.149439	-0.146149	40054.38	14.84
0.5891	0.150166	-0.147224	40056.78	14.76
0.5913	0.150568	-0.147296	40059.19	14.82
0.5836	0.150775	-0.147492	40061.59	14.62
0.5803	0.151024	-0.147806	40062.81	14.54
0.5770	0.151407	-0.148258	40064.00	14.46
0.5738	0.151883	-0.149080	40065.20	14.38
0.5738	0.152335	-0.149664	40066.41	14.38
0.5748	0.152803	-0.149750	40067.61	14.41
0.5759	0.152928	-0.149921	40070.02	14.43
0.5683	0.153294	-0.150246	40072.42	14.24
0.5688	0.153634	-0.150712	40073.63	14.26
0.5579	0.154739	-0.152723	40076.03	13.98
0.5617	0.156048	-0.153453	40078.44	14.08
0.5617	0.156215	-0.153437	40080.84	14.08
0.5557	0.156726	-0.154124	40083.25	13.93
0.5502	0.157313	-0.154638	40084.45	13.79
0.5497	0.158072	-0.155759	40086.86	13.78
0.5486	0.158425	-0.156136	40089.27	13.75
0.5475	0.158616	-0.156111	40091.67	13.72
0.5382	0.158884	-0.156659	40094.08	13.49
0.5355	0.159255	-0.157292	40095.28	13.42
0.5360	0.160267	-0.158210	40097.69	13.44
0.5349	0.160627	-0.158276	40100.09	13.41
0.5327	0.161282	-0.158015	40102.50	13.35
0.5284	0.160878	-0.158429	40103.70	13.24
0.5262	0.161091	-0.159106	40104.91	13.19
0.5251	0.161632	-0.160222	40106.11	13.16
0.5256	0.163065	-0.161003	40108.52	13.18
0.5251	0.163496	-0.161016	40110.92	13.16
0.5207	0.163826	-0.161244	40112.13	13.05
0.5152	0.164563	-0.162520	40114.53	12.92
0.5136	0.166659	-0.165007	40116.94	12.87
0.5141	0.167474	-0.165436	40119.34	12.89
0.5158	0.167544	-0.165520	40120.55	12.93
0.5125	0.167724	-0.165130	40121.75	12.85
0.5070	0.167927	-0.165043	40122.95	12.71
0.5065	0.167692	-0.165463	40124.16	12.70
0.5010	0.167972	-0.166494	40125.36	12.56
0.5054	0.169362	-0.167219	40127.77	12.67
0.5032	0.169411	-0.167044	40130.17	12.61
0.5021	0.169461	-0.166956	40131.38	12.59
0.4950	0.169838	-0.167565	40133.78	12.41
0.4895	0.170665	-0.168927	40136.19	12.27
0.4939	0.171443	-0.169341	40138.59	12.38
0.4923	0.171483	-0.169173	40139.80	12.34
0.4912	0.171687	-0.169010	40141.00	12.31
0.4873	0.171841	-0.169437	40142.20	12.22
0.4824	0.171930	-0.170201	40144.61	12.09
0.4813	0.173012	-0.171438	40147.02	12.07
0.4808	0.173528	-0.171494	40149.42	12.05
0.4813	0.173780	-0.171434	40150.63	12.07
0.4758	0.174177	-0.171685	40153.03	11.93
0.4693	0.174921	-0.172731	40155.44	11.77
0.4616	0.175597	-0.174025	40157.84	11.57
0.4660	0.175787	-0.175723	40160.25	11.68
0.4655	0.177242	-0.175786	40161.45	11.67
0.4600	0.177694	-0.175939	40163.86	11.53
0.4518	0.177705	-0.176360	40166.27	11.33
0.4485	0.178519	-0.178123	40168.67	11.25
0.4501	0.179021	-0.178098	40171.08	11.29
0.4512	0.178924	-0.178228	40172.28	11.31
0.4408	0.179477	-0.178566	40174.69	11.05
0.4348	0.179855	-0.178695	40177.09	10.90
0.4332	0.179193	-0.179018	40178.30	10.86
0.4343	0.179377	-0.179188	40179.50	10.89
0.4370	0.179472	-0.179234	40180.70	10.96
0.4332	0.179584	-0.178919	40183.11	10.86
0.4255	0.179903	-0.178909	40185.52	10.67
0.4190	0.179339	-0.179043	40187.92	10.51
0.4217	0.179572	-0.179323	40190.33	10.58
0.4217	0.179765	-0.179230	40192.73	10.58
0.4168	0.179989	-0.179044	40193.94	10.45
0.4086	0.180000	-0.179451	40196.34	10.25
0.4031	0.179885	-0.179544	40197.55	10.11
0.4069	0.179530	-0.179606	40198.75	10.21
0.4064	0.179759	-0.179552	40199.95	10.19
0.4053	0.179695	-0.179492	40201.16	10.16
0.4036	0.180005	-0.179184	40203.56	10.12
0.3993	0.180074	-0.178978	40204.77	10.01
0.3960	0.180153	-0.179248	40205.97	9.93
0.3905	0.179755	-0.179948	40208.38	9.79
0.3916	0.180132	-0.179986	40210.78	9.82
0.3905	0.180672	-0.180122	40213.19	9.79
0.3818	0.181265	-0.180280	40215.59	9.58
0.3779	0.181375	-0.180520	40216.80	9.48
0.3763	0.181368	-0.180799	40218.00	9.44
0.3785	0.181238	-0.181128	40219.20	9.49
0.3785	0.181868	-0.181034	40221.61	9.49
0.3758	0.185626	-0.184289	40224.02	9.42
0.3643	0.185085	-0.183610	40226.42	9.14
0.3626	0.184473	-0.183456	40227.63	9.10
0.3637	0.184314	-0.183456	40230.03	9.12
0.3637	0.184400	-0.183165	40232.44	9.12
0.3561	0.184721	-0.182718	40234.84	8.93
0.3539	0.184660	-0.182794	40236.05	8.88
0.3495	0.184471	-0.182889	40237.25	8.77
0.3511	0.183917	-0.182893	40238.45	8.81
0.3490	0.184127	-0.182633	40240.86	8.75
0.3490	0.184314	-0.182344	40243.27	8.75
0.3369	0.184478	-0.181754	40245.67	8.45
0.3358	0.183904	-0.181826	40248.08	8.42
0.3364	0.183994	-0.182092	40249.28	8.44
0.3369	0.183986	-0.181829	40251.69	8.45
0.3304	0.184062	-0.181435	40254.09	8.29
0.3260	0.184030	-0.181270	40255.30	8.18
0.3205	0.183411	-0.181337	40257.70	8.04
0.3205	0.183652	-0.181473	40260.11	8.04
0.3232	0.183751	-0.181374	40261.31	8.11
0.3178	0.184022	-0.181293	40263.72	7.97
0.3079	0.183685	-0.181128	40266.13	7.72
0.3085	0.183399	-0.181039	40268.53	7.74
0.3074	0.183580	-0.180766	40270.94	7.71
0.3063	0.183712	-0.180356	40273.34	7.68
0.3003	0.183913	-0.180448	40274.55	7.53
0.2970	0.183762	-0.180511	40275.75	7.45
0.2975	0.183401	-0.180725	40276.95	7.46
0.2959	0.183672	-0.180499	40279.36	7.42
0.2954	0.183796	-0.180374	40281.77	7.41
0.2932	0.183991	-0.180038	40282.97	7.35
0.2839	0.184000	-0.180037	40285.38	7.12
0.2828	0.183709	-0.180094	40287.78	7.09
0.2817	0.183801	-0.179784	40290.19	7.07
0.2828	0.183809	-0.179530	40292.59	7.09
0.2762	0.183870	-0.179349	40293.80	6.93
0.2718	0.183730	-0.179321	40295.00	6.82
0.2702	0.183781	-0.179706	40296.20	6.78
0.2691	0.183673	-0.179514	40298.61	6.75
0.2707	0.183057	-0.177939	40301.02	6.79
0.2658	0.182175	-0.176539	40303.42	6.67
0.2609	0.182143	-0.176565	40304.63	6.55
0.2582	0.182089	-0.176742	40307.03	6.48
0.2587	0.180838	-0.174960	40309.44	6.49
0.2582	0.179614	-0.173818	40311.84	6.48
0.2565	0.179303	-0.173267	40313.05	6.44
0.2511	0.179318	-0.173377	40314.25	6.30
0.2483	0.179170	-0.173291	40315.45	6.23
0.2467	0.179272	-0.173603	40317.86	6.19
0.2478	0.178887	-0.173381	40320.27	6.22
0.2467	0.178616	-0.172891	40322.67	6.19
0.2363	0.178524	-0.172741	40325.08	5.93
0.2341	0.178692	-0.173123	40326.28	5.87
0.2346	0.178676	-0.172635	40328.69	5.89
0.2335	0.178430	-0.172114	40331.09	5.86
0.2330	0.178264	-0.172098	40332.30	5.85
0.2319	0.178433	-0.171807	40333.50	5.82
0.2232	0.178284	-0.171999	40334.70	5.60
0.2242	0.178070	-0.172222	40337.11	5.63
0.2232	0.178346	-0.172212	40339.52	5.60
0.2210	0.178532	-0.172017	40341.92	5.54
0.2193	0.178588	-0.172138	40343.13	5.50
0.2128	0.179133	-0.173068	40345.53	5.34
0.2150	0.179052	-0.172911	40347.94	5.39
0.2128	0.179180	-0.172652	40350.34	5.34
0.2133	0.179238	-0.172230	40351.55	5.35
0.2128	0.179290	-0.172318	40352.75	5.34
0.2095	0.179161	-0.172279	40353.95	5.26
0.2046	0.178974	-0.172457	40355.16	5.13
0.2013	0.179146	-0.172957	40356.36	5.05
0.2035	0.179225	-0.172836	40358.77	5.10
0.2040	0.179160	-0.172737	40359.97	5.12
0.2013	0.179404	-0.172347	40362.38	5.05
0.1964	0.179519	-0.172390	40364.78	4.93
0.1920	0.179523	-0.172855	40367.19	4.82
0.1953	0.179519	-0.172767	40369.59	4.90
0.1947	0.179602	-0.172482	40370.80	4.89
0.1936	0.179836	-0.172392	40372.00	4.86
0.1914	0.179783	-0.172025	40373.20	4.80
0.1865	0.179949	-0.173083	40375.61	4.68
0.1728	0.182517	-0.179795	40378.02	4.34
0.1635	0.191926	-0.186023	40380.42	4.10
0.1663	0.191704	-0.186262	40382.83	4.17
0.1657	0.191648	-0.186201	40384.03	4.16
0.1548	0.191995	-0.186471	40386.44	3.88
0.1455	0.191588	-0.186911	40388.84	3.65
0.1406	0.191260	-0.187817	40391.25	3.53
0.1438	0.191548	-0.187911	40392.45	3.61
0.1406	0.191832	-0.187397	40394.86	3.53
0.1291	0.192059	-0.187650	40397.27	3.24
0.1181	0.191769	-0.188555	40399.67	2.96
0.1160	0.191630	-0.188779	40402.08	2.91
0.1160	0.191820	-0.188666	40404.48	2.91
0.1045	0.192272	-0.188793	40406.89	2.62
0.1001	0.192121	-0.188914	40408.09	2.51
0.0952	0.192224	-0.189244	40409.30	2.39
0.0941	0.192041	-0.189505	40410.50	2.36
0.0946	0.192208	-0.189339	40411.70	2.37
0.0952	0.192406	-0.189212	40412.91	2.39
0.0952	0.192396	-0.189247	40414.11	2.39
0.0842	0.192804	-0.189092	40416.52	2.11
0.0711	0.192727	-0.189380	40418.92	1.78
0.0695	0.192350	-0.189691	40420.13	1.74
0.0700	0.192447	-0.189689	40422.53	1.76
0.0689	0.192691	-0.189317	40424.94	1.73
0.0591	0.193075	-0.189456	40427.34	1.48
0.0498	0.193142	-0.189678	40428.55	1.25
0.0438	0.193035	-0.190327	40429.75	1.10
0.0454	0.192831	-0.190145	40430.95	1.14
0.0459	0.193056	-0.190078	40433.36	1.15
0.0454	0.193200	-0.189852	40435.77	1.14
0.0383	0.193578	-0.189655	40436.97	0.96
0.0241	0.193654	-0.189777	40439.38	0.60
0.0224	0.192744	-0.191373	40441.78	0.56
0.0241	0.193388	-0.190083	40444.19	0.60
0.0219	0.193791	-0.189591	40446.59	0.55
0.0148	0.194037	-0.189281	40447.80	0.37
0.0098	0.194179	-0.189208	40449.00	0.25
0.0011	0.194129	-0.189644	40450.20	0.03
-0.0115	0.193795	-0.190327	40452.61	-0.29
-0.0093	0.193459	-0.190843	40455.02	-0.23
-0.0126	0.193841	-0.190578	40457.42	-0.32
-0.0213	0.194143	-0.190719	40458.63	-0.54
-0.0361	0.194170	-0.191120	40461.03	-0.91
-0.0421	0.193719	-0.191722	40463.44	-1.06
-0.0416	0.193926	-0.191623	40465.84	-1.05
-0.0459	0.194481	-0.191334	40468.25	-1.16
-0.0525	0.194509	-0.191370	40469.45	-1.32
-0.0700	0.194725	-0.191868	40471.86	-1.77
-0.0678	0.194545	-0.192609	40474.27	-1.71
-0.0706	0.194656	-0.192306	40476.67	-1.78
-0.0809	0.195272	-0.192012	40479.08	-2.04
-0.0864	0.195176	-0.192071	40480.28	-2.18
-0.0995	0.195108	-0.193119	40482.69	-2.52
-0.0974	0.194969	-0.192911	40485.09	-2.46
-0.0974	0.195225	-0.192873	40486.30	-2.46
-0.0985	0.195357	-0.192658	40487.50	-2.49
-0.1017	0.195791	-0.192467	40488.70	-2.57
-0.1072	0.195753	-0.192469	40489.91	-2.71
-0.1198	0.195526	-0.192597	40491.11	-3.03
-0.1258	0.195186	-0.193140	40493.52	-3.18
-0.1214	0.195434	-0.193090	40495.92	-3.07
-0.1247	0.195859	-0.192611	40498.33	-3.16
-0.1373	0.196010	-0.192693	40500.73	-3.48
-0.1521	0.195701	-0.193229	40503.14	-3.85
-0.1531	0.194442	-0.194413	40504.34	-3.88
-0.1493	0.194703	-0.193250	40505.55	-3.78
-0.1526	0.195975	-0.193047	40506.75	-3.87
-0.1499	0.196120	-0.193033	40507.95	-3.80
-0.1614	0.196577	-0.192662	40510.36	-4.09
-0.1728	0.196634	-0.192734	40512.77	-4.38
-0.1756	0.196212	-0.193056	40515.17	-4.45
-0.1723	0.196531	-0.192899	40517.58	-4.37
-0.1745	0.196698	-0.192767	40518.78	-4.42
-0.1838	0.197178	-0.192459	40521.19	-4.66
-0.1996	0.197089	-0.192643	40523.59	-5.06
-0.1975	0.196870	-0.192926	40524.80	-5.01
-0.1958	0.196826	-0.192868	40526.00	-4.97
-0.1958	0.197083	-0.192789	40527.20	-4.97
-0.1947	0.197327	-0.192318	40529.61	-4.94
-0.2078	0.197492	-0.192179	40532.02	-5.27
-0.2177	0.197167	-0.192576	40534.42	-5.53
-0.2160	0.197135	-0.192435	40535.63	-5.48
-0.2160	0.197203	-0.192158	40538.03	-5.48
-0.2204	0.197456	-0.191731	40540.44	-5.60
-0.2303	0.197539	-0.191612	40542.84	-5.85
-0.2325	0.197186	-0.191870	40545.25	-5.90
-0.2363	0.196638	-0.191710	40546.45	-6.00
-0.2352	0.197429	-0.191547	40547.66	-5.97
-0.2325	0.197441	-0.191347	40548.86	-5.90
-0.2385	0.197661	-0.191105	40551.27	-6.06
-0.2494	0.197636	-0.191108	40553.67	-6.34
-0.2505	0.197312	-0.191124	40556.08	-6.37
-0.2483	0.197498	-0.191060	40558.48	-6.31
-0.2516	0.197776	-0.190636	40560.89	-6.39
-0.2614	0.197805	-0.190820	40563.30	-6.65
-0.2707	0.197772	-0.191115	40564.50	-6.88
-0.2691	0.197394	-0.191756	40565.70	-6.84
-0.2691	0.196261	-0.192301	40566.91	-6.84
-0.2675	0.197514	-0.191234	40568.11	-6.80
-0.2647	0.197789	-0.190981	40570.52	-6.73
-0.2729	0.198204	-0.190811	40572.92	-6.94
-0.2817	0.198121	-0.190972	40574.13	-7.16
-0.2828	0.197782	-0.191171	40576.53	-7.19
-0.2811	0.197502	-0.191172	40578.94	-7.15
-0.2811	0.198277	-0.190816	40581.34	-7.15
-0.2839	0.198656	-0.190561	40582.55	-7.22
-0.2882	0.198726	-0.190776	40583.75	-7.33
-0.2943	0.198517	-0.191165	40584.95	-7.49
-0.2943	0.198408	-0.191581	40587.36	-7.49
-0.2921	0.198625	-0.190869	40589.77	-7.43
-0.2937	0.198954	-0.190628	40592.17	-7.47
-0.3047	0.199027	-0.190570	40594.58	-7.75
-0.3052	0.197588	-0.190763	40596.98	-7.77
-0.3041	0.198880	-0.190669	40598.19	-7.74
-0.3019	0.199171	-0.190463	40600.59	-7.68
-0.3074	0.199441	-0.190352	40603.00	-7.82
-0.3129	0.199484	-0.190385	40604.20	-7.96
-0.3167	0.198831	-0.190689	40606.61	-8.06
-0.3161	0.198994	-0.190676	40609.02	-8.05
-0.3145	0.199320	-0.190419	40611.42	-8.01
-0.3161	0.199415	-0.190182	40612.63	-8.05
-0.3238	0.199594	-0.190339	40615.03	-8.25
-0.3249	0.199227	-0.190443	40617.44	-8.27
-0.3238	0.199293	-0.190199	40619.84	-8.25
-0.3227	0.199418	-0.190203	40621.05	-8.22
-0.3216	0.199595	-0.190069	40622.25	-8.19
-0.3282	0.199696	-0.190096	40623.45	-8.36
-0.3309	0.199603	-0.190268	40624.66	-8.43
-0.3347	0.199321	-0.190579	40625.86	-8.53
-0.3320	0.198113	-0.190383	40628.27	-8.46
-0.3293	0.199629	-0.190290	40630.67	-8.39
-0.3325	0.200098	-0.190027	40633.08	-8.47
-0.3424	0.199979	-0.190200	40635.48	-8.72
-0.3418	0.199437	-0.190410	40637.89	-8.71
-0.3380	0.199571	-0.190122	40639.09	-8.61
-0.3380	0.199922	-0.189964	40640.30	-8.61
-0.3375	0.199929	-0.190001	40641.50	-8.60
-0.3386	0.199913	-0.189891	40642.70	-8.62
-0.3479	0.199851	-0.190182	40645.11	-8.86
-0.3468	0.199543	-0.191375	40647.52	-8.84
-0.3457	0.199897	-0.190031	40649.92	-8.81
-0.3446	0.199971	-0.190017	40651.13	-8.78
-0.3506	0.200204	-0.189898	40653.53	-8.93
-0.3572	0.200129	-0.190194	40655.94	-9.10
-0.3544	0.199939	-0.190087	40658.34	-9.03
-0.3528	0.200159	-0.190139	40659.55	-8.99
-0.3517	0.200252	-0.190071	40661.95	-8.96
-0.3583	0.200397	-0.190021	40664.36	-9.13
-0.3621	0.200152	-0.190192	40666.77	-9.23
-0.3604	0.200149	-0.190140	40667.97	-9.19
-0.3566	0.200085	-0.189957	40670.38	-9.09
-0.3583	0.200353	-0.189623	40672.78	-9.13
-0.3572	0.200339	-0.189565	40675.19	-9.10
-0.3566	0.200594	-0.189402	40677.59	-9.09
-0.3555	0.200621	-0.189369	40678.80	-9.06
-0.3550	0.200860	-0.189266	40680.00	-9.05
-0.3550	0.200956	-0.189180	40681.20	-9.05
-0.3533	0.201102	-0.188909	40682.41	-9.00
-0.3528	0.201202	-0.188898	40683.61	-8.99
-0.3528	0.201345	-0.188863	40686.02	-8.99
-0.3479	0.201628	-0.188647	40688.42	-8.86
-0.3473	0.201779	-0.188586	40689.63	-8.85
-0.3484	0.201901	-0.188569	40692.03	-8.88
-0.3435	0.202020	-0.188429	40694.44	-8.75
-0.3413	0.202212	-0.188261	40696.84	-8.70
-0.3424	0.202243	-0.188244	40698.05	-8.72
-0.3408	0.202245	-0.188295	40699.25	-8.68
-0.3386	0.202243	-0.188314	40700.45	-8.62
-0.3364	0.202465	-0.188080	40702.86	-8.57
-0.3336	0.202547	-0.187974	40705.27	-8.50
-0.3320	0.202714	-0.187946	40707.67	-8.46
-0.3287	0.202623	-0.188029	40710.08	-8.37
-0.3271	0.202652	-0.187872	40711.28	-8.33
-0.3254	0.202877	-0.187724	40713.69	-8.29
-0.3222	0.202839	-0.187876	40716.09	-8.20
-0.3189	0.202899	-0.187878	40717.30	-8.12
-0.3189	0.202735	-0.188012	40718.50	-8.12
-0.3172	0.202822	-0.187848	40719.70	-8.08
-0.3156	0.202945	-0.187848	40720.91	-8.03
-0.3156	0.203042	-0.187710	40722.11	-8.03
-0.3123	0.203227	-0.187710	40724.52	-7.95
-0.3101	0.203203	-0.187672	40726.92	-7.89
-0.3107	0.203314	-0.187565	40728.13	-7.91
-0.3047	0.203305	-0.187457	40730.53	-7.75
-0.3036	0.203394	-0.187428	40732.94	-7.73
-0.2997	0.203564	-0.187440	40735.34	-7.63
-0.2986	0.203323	-0.187658	40737.75	-7.60
-0.2964	0.203264	-0.187749	40738.95	-7.54
-0.2932	0.203395	-0.187607	40741.36	-7.46
-0.2926	0.203442	-0.187643	40743.77	-7.44
-0.2899	0.203482	-0.187598	40744.97	-7.37
-0.2888	0.203503	-0.187728	40747.38	-7.35
-0.2850	0.203548	-0.187696	40749.78	-7.25
-0.2811	0.203558	-0.187627	40752.19	-7.15
-0.2779	0.203548	-0.187705	40754.59	-7.07
-0.2768	0.203553	-0.187427	40755.80	-7.04
-0.2746	0.203715	-0.187542	40757.00	-6.98
-0.2740	0.203544	-0.187665	40758.20	-6.97
-0.2707	0.203657	-0.187706	40760.61	-6.88
-0.2675	0.203671	-0.187667	40763.02	-6.80
-0.2647	0.203608	-0.187770	40765.42	-6.73
-0.2631	0.203742	-0.187889	40766.63	-6.69
-0.2625	0.203658	-0.187679	40769.03	-6.67
-0.2587	0.203615	-0.187760	40771.44	-6.58
-0.2560	0.203670	-0.187798	40773.84	-6.51
-0.2538	0.203650	-0.187837	40776.25	-6.45
-0.2521	0.203854	-0.187736	40777.45	-6.41
-0.2483	0.203775	-0.187888	40779.86	-6.31
-0.2456	0.203792	-0.187696	40782.27	-6.24
-0.2428	0.203636	-0.187709	40784.67	-6.17
-0.2396	0.203671	-0.187828	40785.88	-6.09
-0.2368	0.203849	-0.187804	40788.28	-6.02
-0.2346	0.203875	-0.187795	40790.69	-5.96
-0.2303	0.203994	-0.187640	40793.09	-5.85
-0.2314	0.204063	-0.187654	40794.30	-5.88
-0.2292	0.204290	-0.187480	40795.50	-5.82
-0.2264	0.204158	-0.187603	40797.91	-5.75
-0.2259	0.204071	-0.187629	40799.11	-5.74
-0.2243	0.204002	-0.187759	40801.52	-5.69
-0.2188	0.204197	-0.187746	40803.92	-5.55
-0.2166	0.203961	-0.187862	40806.33	-5.50
-0.2150	0.203819	-0.187709	40807.53	-5.46
-0.2128	0.203767	-0.187971	40809.94	-5.40
-0.2078	0.203941	-0.187929	40812.34	-5.27
-0.2073	0.203951	-0.187888	40814.75	-5.26
-0.2046	0.203769	-0.188034	40817.16	-5.19
-0.2013	0.203867	-0.187961	40819.56	-5.11
-0.1991	0.203904	-0.188011	40820.77	-5.05
-0.1964	0.203941	-0.188082	40823.17	-4.98
-0.1925	0.203770	-0.188069	40825.58	-4.88
-0.1909	0.203748	-0.188069	40826.78	-4.84
-0.1871	0.203870	-0.187913	40829.19	-4.74
-0.1860	0.204215	-0.187871	40831.59	-4.72
-0.1838	0.204059	-0.187799	40832.80	-4.66
-0.1821	0.204086	-0.187840	40834.00	-4.62
-0.1800	0.204078	-0.187920	40835.20	-4.56
-0.1789	0.203947	-0.188101	40836.41	-4.53
-0.1772	0.203977	-0.187967	40837.61	-4.49
-0.1756	0.203787	-0.188147	40840.02	-4.45
-0.1745	0.203805	-0.187993	40841.22	-4.42
-0.1712	0.203835	-0.188124	40842.42	-4.34
-0.1701	0.203968	-0.187984	40843.63	-4.31
-0.1679	0.203944	-0.188176	40846.03	-4.26
-0.1663	0.203746	-0.188118	40848.44	-4.21
-0.1630	0.203830	-0.187894	40850.84	-4.13
-0.1586	0.204016	-0.187912	40853.25	-4.02
-0.1575	0.203904	-0.187936	40854.45	-3.99
-0.1564	0.203925	-0.189283	40855.66	-3.96
-0.1553	0.203959	-0.188030	40858.06	-3.93
-0.1521	0.203795	-0.187957	40859.27	-3.85
-0.1515	0.203947	-0.188042	40860.47	-3.84
-0.1488	0.203863	-0.188227	40861.67	-3.77
-0.1455	0.203696	-0.188206	40864.08	-3.68
-0.1449	0.203681	-0.188313	40865.28	-3.67
-0.1384	0.203730	-0.188270	40867.69	-3.50
-0.1351	0.203786	-0.188228	40870.09	-3.42
-0.1318	0.203699	-0.188301	40872.50	-3.34
-0.1274	0.203762	-0.188137	40874.91	-3.23
-0.1253	0.203830	-0.188178	40876.11	-3.17
-0.1187	0.203943	-0.188095	40878.52	-3.00
-0.1171	0.203892	-0.188000	40880.92	-2.96
-0.1149	0.203870	-0.187979	40882.13	-2.91
-0.1121	0.203981	-0.187823	40883.33	-2.84
-0.1088	0.203900	-0.187695	40885.73	-2.75
-0.1067	0.203990	-0.187723	40886.94	-2.70
-0.1006	0.203943	-0.187340	40889.34	-2.54
-0.0963	0.204050	-0.187505	40891.75	-2.43
-0.0952	0.204042	-0.187383	40892.95	-2.41
-0.0908	0.204044	-0.187381	40894.16	-2.29
-0.0902	0.203974	-0.187339	40895.36	-2.28
-0.0859	0.203983	-0.187330	40897.77	-2.17
-0.0848	0.203767	-0.187356	40898.97	-2.14
-0.0788	0.203929	-0.187344	40901.38	-1.99
-0.0738	0.203856	-0.187188	40903.78	-1.86
-0.0684	0.203754	-0.187126	40906.19	-1.73
-0.0673	0.203846	-0.187108	40908.59	-1.70
-0.0645	0.203653	-0.187087	40909.80	-1.63
-0.0635	0.203667	-0.186930	40911.00	-1.60
-0.0591	0.203688	-0.186873	40912.20	-1.49
-0.0569	0.203776	-0.187432	40914.61	-1.44
-0.0514	0.202619	-0.188061	40917.02	-1.30
-0.0470	0.202532	-0.187858	40919.42	-1.19
-0.0449	0.202507	-0.187864	40920.63	-1.13
-0.0394	0.202316	-0.188203	40923.03	-0.99
-0.0339	0.202215	-0.188093	40925.44	-0.85
-0.0301	0.202304	-0.188101	40927.84	-0.76
-0.0263	0.202215	-0.187004	40930.25	-0.66
-0.0197	0.203623	-0.186255	40931.45	-0.50
-0.0148	0.203610	-0.186246	40933.86	-0.37
-0.0109	0.203354	-0.186225	40936.27	-0.28
-0.0038	0.203523	-0.186119	40938.67	-0.10
0.0033	0.203528	-0.185948	40941.08	0.08
0.0082	0.203547	-0.186694	40942.28	0.21
0.0148	0.203596	-0.185750	40944.69	0.37
0.0224	0.203735	-0.185629	40947.09	0.56
0.0274	0.203762	-0.185494	40948.30	0.69
0.0257	0.203807	-0.185490	40949.50	0.64
0.0306	0.203824	-0.185258	40950.70	0.77
0.0372	0.203700	-0.185383	40953.11	0.93
0.0427	0.203661	-0.184936	40955.52	1.07
0.0503	0.203988	-0.184919	40957.92	1.26
0.0536	0.203857	-0.184954	40959.13	1.34
0.0574	0.203755	-0.184949	40961.53	1.44
0.0640	0.203797	-0.184910	40963.94	1.61
0.0733	0.203727	-0.185058	40966.34	1.84
0.0749	0.203707	-0.185007	40967.55	1.88
0.0788	0.203640	-0.185185	40968.75	1.98
0.0820	0.203491	-0.185131	40969.95	2.06
0.0875	0.203486	-0.185168	40972.36	2.20
0.0924	0.203615	-0.184957	40974.77	2.32
0.0952	0.203737	-0.184687	40975.97	2.39
0.1023	0.202186	-0.186094	40978.38	2.57
0.1067	0.202190	-0.185903	40980.78	2.68
0.1138	0.201936	-0.186266	40983.19	2.85
0.1220	0.201700	-0.186101	40985.59	3.06
0.1214	0.201783	-0.185955	40986.80	3.05
0.1258	0.201696	-0.185997	40988.00	3.16
0.1285	0.201745	-0.185874	40989.20	3.22
0.1373	0.201683	-0.186037	40991.61	3.44
0.1444	0.201777	-0.185976	40994.02	3.62
0.1510	0.201690	-0.185943	40996.42	3.79
0.1521	0.201572	-0.185813	40997.63	3.82
0.1575	0.202290	-0.184813	41000.03	3.95
0.1685	0.203002	-0.185116	41002.44	4.23
0.1728	0.203091	-0.184953	41004.84	4.34
0.1794	0.203151	-0.184899	41006.05	4.50
0.1827	0.203267	-0.184763	41007.25	4.58
0.1843	0.203092	-0.184618	41008.45	4.62
0.1892	0.202965	-0.184572	41010.86	4.75
0.1974	0.203132	-0.184320	41013.27	4.95
0.2046	0.202577	-0.183383	41015.67	5.13
0.2084	0.201768	-0.182898	41016.88	5.23
0.2122	0.200680	-0.181900	41019.28	5.32
0.2193	0.199640	-0.180895	41021.69	5.50
0.2248	0.198283	-0.179032	41024.09	5.64
0.2314	0.197500	-0.177986	41025.30	5.80
0.2325	0.196218	-0.176816	41026.50	5.83
0.2357	0.195069	-0.175808	41027.70	5.91
0.2401	0.194217	-0.174957	41028.91	6.02
0.2412	0.193211	-0.174180	41030.11	6.05
0.2450	0.191622	-0.172633	41032.52	6.15
0.2516	0.190505	-0.170883	41034.92	6.31
0.2571	0.188954	-0.169521	41037.33	6.45
0.2609	0.188140	-0.169074	41038.53	6.55
0.2653	0.186981	-0.168248	41040.94	6.66
0.2691	0.186184	-0.167617	41043.34	6.75
0.2724	0.185712	-0.168117	41044.55	6.83
0.2735	0.184894	-0.166484	41045.75	6.86
0.2784	0.184460	-0.165952	41046.95	6.98
0.2850	0.182563	-0.164108	41049.36	7.15
0.2926	0.180513	-0.161868	41051.77	7.34
0.2926	0.179501	-0.160903	41052.97	7.34
0.3014	0.176894	-0.158821	41055.38	7.56
0.3036	0.175649	-0.156908	41057.78	7.62
0.3107	0.173735	-0.155518	41060.19	7.79
0.3183	0.172396	-0.154089	41062.59	7.99
0.3227	0.171841	-0.153244	41063.80	8.10
0.3238	0.171193	-0.152824	41065.00	8.12
0.3271	0.170434	-0.153295	41066.20	8.20
0.3336	0.169473	-0.151091	41068.61	8.37
0.3375	0.168459	-0.150050	41071.02	8.47
0.3408	0.168050	-0.149293	41072.22	8.55
0.3457	0.167391	-0.148946	41073.42	8.67
0.3484	0.167042	-0.148356	41074.63	8.74
0.3555	0.166039	-0.147208	41077.03	8.92
0.3593	0.164942	-0.146057	41079.44	9.01
0.3676	0.163804	-0.145078	41081.84	9.22
0.3708	0.163192	-0.144506	41083.05	9.30
0.3719	0.162862	-0.144162	41084.25	9.33
0.3763	0.162485	-0.143826	41085.45	9.44
0.3779	0.161815	-0.143154	41086.66	9.48
0.3812	0.161538	-0.142618	41087.86	9.56
0.3861	0.160883	-0.142155	41090.27	9.68
0.3905	0.160420	-0.141238	41092.67	9.79
0.3949	0.159616	-0.141969	41095.08	9.90
0.4015	0.157860	-0.141444	41097.48	10.07
0.4064	0.157304	-0.140977	41099.89	10.19
0.4069	0.156996	-0.140694	41101.09	10.21
0.4129	0.156327	-0.140395	41103.50	10.36
0.4206	0.155570	-0.139621	41105.91	10.55
0.4212	0.155225	-0.139371	41107.11	10.56
0.4261	0.154970	-0.138982	41108.31	10.68
0.4299	0.154303	-0.138270	41110.72	10.78
0.4332	0.154042	-0.138193	41111.92	10.86
0.4370	0.153833	-0.137741	41113.13	10.96
0.4414	0.153276	-0.136911	41115.53	11.07
0.4452	0.153130	-0.136653	41116.73	11.16
0.4469	0.152947	-0.135895	41117.94	11.21
0.4540	0.152876	-0.135623	41120.34	11.38
0.4605	0.152824	-0.133456	41122.75	11.55
0.4622	0.152250	-0.133011	41123.95	11.59
0.4660	0.151913	-0.132755	41125.16	11.68
0.4687	0.151469	-0.132950	41126.36	11.75
0.4742	0.152038	-0.133398	41128.77	11.89
0.4758	0.153357	-0.134580	41129.97	11.93
0.4824	0.154142	-0.134254	41132.38	12.09
0.4868	0.153515	-0.133482	41134.78	12.20
0.4912	0.152849	-0.132766	41137.19	12.31
0.4988	0.152195	-0.131669	41139.59	12.51
0.5005	0.151588	-0.131103	41140.80	12.55
0.5026	0.151323	-0.130779	41142.00	12.60
0.5048	0.150950	-0.130418	41143.20	12.66
0.5087	0.150062	-0.129422	41145.61	12.75
0.5152	0.149594	-0.129037	41148.02	12.92
0.5180	0.148771	-0.128093	41150.42	12.98
0.5223	0.148330	-0.127665	41151.63	13.09
0.5273	0.147312	-0.126922	41154.03	13.22
0.5294	0.146785	-0.125909	41156.44	13.27
0.5344	0.145162	-0.124997	41158.84	13.39
0.5393	0.144099	-0.125609	41161.25	13.52
0.5404	0.143563	-0.125405	41162.45	13.54
0.5420	0.143199	-0.124913	41164.86	13.59
0.5470	0.142958	-0.124565	41167.27	13.71
0.5513	0.142260	-0.124075	41169.67	13.82
0.5573	0.142028	-0.123559	41172.08	13.97
0.5562	0.141744	-0.123411	41173.28	13.94
0.5645	0.141365	-0.122745	41175.69	14.15
0.5705	0.140923	-0.122212	41178.09	14.30
0.5721	0.140704	-0.121851	41179.30	14.34
0.5716	0.140680	-0.121710	41180.50	14.32
0.5738	0.140712	-0.121485	41181.70	14.38
0.5776	0.140373	-0.120921	41182.91	14.47
0.5787	0.140166	-0.120506	41184.11	14.50
0.5841	0.140536	-0.119605	41186.52	14.64
0.5880	0.140002	-0.117574	41188.92	14.73
0.5891	0.139730	-0.118115	41190.13	14.76
0.5934	0.139128	-0.116012	41192.53	14.87
0.5956	0.138307	-0.115418	41194.94	14.93
0.6027	0.137598	-0.114526	41197.34	15.10
0.6055	0.137394	-0.113378	41198.55	15.17
0.6088	0.137267	-0.113292	41199.75	15.25
0.6077	0.137209	-0.112942	41200.95	15.23
0.6120	0.136616	-0.112605	41203.36	15.33
0.6142	0.136175	-0.112227	41205.77	15.39
0.6175	0.135666	-0.111778	41208.17	15.47
0.6202	0.135659	-0.111656	41209.38	15.54
0.6252	0.135492	-0.111246	41211.78	15.66
0.6284	0.135143	-0.110881	41214.19	15.74
0.6268	0.134796	-0.110413	41216.59	15.70
0.6295	0.134612	-0.110502	41217.80	15.77
0.6323	0.134610	-0.110443	41219.00	15.84
0.6377	0.133005	-0.111050	41221.41	15.98
0.6377	0.132787	-0.111228	41222.61	15.98
0.6427	0.132599	-0.110936	41225.02	16.10
0.6449	0.132480	-0.110587	41227.42	16.15
0.6454	0.132445	-0.110518	41228.63	16.17
0.6498	0.132146	-0.110198	41231.03	16.28
0.6520	0.131954	-0.110149	41232.23	16.33
0.6547	0.131943	-0.109688	41234.64	16.40
0.6574	0.132293	-0.110297	41237.05	16.47
0.6618	0.132885	-0.110381	41238.25	16.58
0.6629	0.133539	-0.110390	41240.66	16.60
0.6706	0.133325	-0.108994	41243.06	16.80
0.6722	0.134939	-0.109009	41245.47	16.84
0.6766	0.134654	-0.110068	41246.67	16.95
0.6771	0.134004	-0.109657	41249.08	16.96
0.6826	0.135038	-0.107507	41251.48	17.10
0.6848	0.134564	-0.107199	41253.89	17.15
0.6913	0.134169	-0.106651	41256.30	17.31
0.6941	0.133163	-0.105067	41258.70	17.38
0.6995	0.132399	-0.104443	41261.11	17.52
0.7028	0.132523	-0.103981	41263.52	17.60
0.7083	0.132163	-0.104153	41265.92	17.74
0.7099	0.132057	-0.104259	41267.13	17.78
0.7154	0.132223	-0.104320	41269.53	17.91
0.7198	0.132783	-0.104458	41271.94	18.02
0.7214	0.132866	-0.104563	41274.34	18.06
0.7258	0.132896	-0.104649	41275.55	18.17
0.7285	0.133100	-0.105790	41277.95	18.24
0.7362	0.131784	-0.105921	41280.36	18.43
0.7389	0.131944	-0.106745	41282.77	18.50
0.7395	0.131982	-0.106870	41283.97	18.51
0.7428	0.132418	-0.107600	41286.38	18.59
0.7510	0.133023	-0.108258	41288.78	18.80
0.7537	0.133256	-0.108660	41289.98	18.87
0.7592	0.133636	-0.108688	41291.19	19.00
0.7592	0.133946	-0.108522	41292.39	19.00
0.7663	0.134113	-0.108450	41294.80	19.18
0.7723	0.134775	-0.107047	41297.20	19.33
0.7756	0.134673	-0.107462	41298.41	19.41
0.7794	0.135936	-0.107705	41299.61	19.51
0.7871	0.135678	-0.107354	41302.02	19.70
0.7947	0.136051	-0.107460	41304.42	19.89
0.7964	0.135938	-0.107793	41305.63	19.93
0.8068	0.136280	-0.108682	41308.03	20.19
0.8150	0.135869	-0.107259	41310.44	20.39
0.8264	0.135501	-0.106892	41312.84	20.68
0.8390	0.134853	-0.106814	41315.25	20.99
0.8439	0.134557	-0.106873	41316.45	21.11
0.8543	0.134977	-0.106687	41318.86	21.37
0.8664	0.134058	-0.106149	41321.27	21.67
0.8768	0.133613	-0.105897	41323.67	21.93
0.8844	0.133299	-0.105681	41326.08	22.12
0.8893	0.132868	-0.105689	41327.28	22.24
0.9019	0.132183	-0.105269	41329.69	22.55
0.9107	0.131593	-0.105099	41332.09	22.77
0.9140	0.131403	-0.105023	41333.30	22.85
0.9227	0.130868	-0.104704	41334.50	23.07
0.9249	0.130789	-0.104602	41335.70	23.12
0.9369	0.129982	-0.104224	41338.11	23.42
0.9479	0.129980	-0.104335	41340.52	23.69
0.9583	0.129369	-0.104403	41342.92	23.95
0.9626	0.129054	-0.104071	41344.13	24.06
0.9708	0.128623	-0.103899	41346.53	24.26
0.9801	0.128212	-0.103799	41348.94	24.49
0.9894	0.127653	-0.103717	41351.34	24.72
0.9949	0.127702	-0.103792	41352.55	24.86
0.9971	0.127445	-0.103749	41353.75	24.91
1.0026	0.127321	-0.103885	41354.95	25.05
1.0058	0.127108	-0.103905	41356.16	25.13
1.0129	0.126963	-0.103879	41357.36	25.30
1.0190	0.126719	-0.103809	41359.77	25.45
1.0310	0.126219	-0.103781	41362.17	25.75
1.0376	0.125945	-0.103658	41364.58	25.91
1.0414	0.125700	-0.103459	41365.78	26.01
1.0485	0.125199	-0.103313	41368.19	26.18
1.0594	0.124900	-0.103159	41370.59	26.45
1.0594	0.124845	-0.103006	41371.80	26.45
1.0676	0.124829	-0.102983	41373.00	26.66
1.0693	0.124584	-0.103244	41374.20	26.70
1.0758	0.123963	-0.103076	41376.61	26.86
1.0857	0.123730	-0.102907	41379.02	27.10
1.0901	0.123581	-0.102821	41381.42	27.21
1.0966	0.123226	-0.102937	41382.63	27.37
1.1021	0.122827	-0.102943	41385.03	27.51
1.1109	0.122694	-0.102708	41387.44	27.73
1.1136	0.122373	-0.102828	41389.84	27.79
1.1196	0.122155	-0.102817	41392.25	27.94
1.1273	0.121853	-0.102650	41393.45	28.13
1.1316	0.121720	-0.102771	41395.86	28.24
1.1366	0.121628	-0.102749	41398.27	28.36
1.1459	0.121491	-0.104009	41400.67	28.59
1.1519	0.120027	-0.104074	41403.08	28.74
1.1535	0.119871	-0.104070	41404.28	28.78
1.1601	0.119456	-0.104184	41406.69	28.94
1.1666	0.119310	-0.103820	41409.09	29.10
1.1688	0.119139	-0.103934	41410.30	29.16
1.1727	0.119073	-0.102491	41411.50	29.25
1.1781	0.118913	-0.103699	41412.70	29.39
1.1852	0.118777	-0.103157	41415.11	29.56
1.1929	0.118707	-0.102325	41417.52	29.75
1.1989	0.118460	-0.101524	41419.92	29.90
1.2038	0.119013	-0.101651	41421.13	30.02
1.2126	0.118133	-0.101810	41423.53	30.24
1.2213	0.117779	-0.101193	41425.94	30.45
1.2328	0.117599	-0.100812	41428.34	30.73
1.2350	0.117443	-0.100578	41429.55	30.79
1.2421	0.117243	-0.099083	41430.75	30.96
1.2427	0.118367	-0.098925	41431.95	30.98
1.2520	0.118023	-0.098321	41434.36	31.21
1.2624	0.117764	-0.097951	41436.77	31.46
1.2651	0.117568	-0.097741	41437.97	31.53
1.2733	0.117315	-0.097256	41440.38	31.73
1.2815	0.116987	-0.097120	41442.78	31.93
1.2913	0.116934	-0.097013	41445.19	32.17
1.2979	0.116928	-0.096778	41447.59	32.34
1.3028	0.116724	-0.096776	41448.80	32.46
1.3061	0.116557	-0.096804	41450.00	32.54
1.3099	0.116525	-0.096807	41451.20	32.63
1.3171	0.116336	-0.096645	41452.41	32.81
1.3187	0.116314	-0.096562	41453.61	32.85
1.3247	0.116022	-0.096417	41456.02	33.00
1.3340	0.115891	-0.097640	41458.42	33.22
1.3373	0.114507	-0.096843	41459.63	33.30
1.3460	0.114260	-0.097577	41462.03	33.52
1.3521	0.113972	-0.097484	41464.44	33.67
1.3581	0.113588	-0.097270	41466.84	33.82
1.3635	0.113315	-0.097320	41468.05	33.95
1.3668	0.113040	-0.097146	41469.25	34.03
1.3701	0.113067	-0.096997	41470.45	34.11
1.3800	0.112700	-0.096467	41472.86	34.35
1.3860	0.112442	-0.096014	41475.27	34.50
1.3969	0.112032	-0.095683	41477.67	34.77
1.4057	0.111854	-0.094498	41480.08	34.98
1.4122	0.112977	-0.093595	41481.28	35.14
1.4177	0.111598	-0.093296	41483.69	35.28
1.4281	0.112186	-0.092948	41486.09	35.53
1.4325	0.112135	-0.092679	41487.30	35.64
1.4396	0.111959	-0.092379	41488.50	35.82
1.4450	0.111810	-0.092406	41489.70	35.95
1.4461	0.111682	-0.091994	41490.91	35.98
1.4522	0.111474	-0.091865	41492.11	36.12
1.4593	0.111468	-0.091717	41494.52	36.30
1.4724	0.111244	-0.091324	41496.92	36.62
1.4790	0.110843	-0.091160	41499.33	36.78
1.4882	0.110659	-0.091108	41501.73	37.01
1.4926	0.110523	-0.091040	41502.94	37.11
1.4997	0.110334	-0.090808	41505.34	37.29
1.5025	0.110359	-0.090592	41506.55	37.36
1.5101	0.110398	-0.090408	41507.75	37.54
1.5123	0.110148	-0.090687	41508.95	37.60
1.5194	0.109935	-0.091753	41511.36	37.77
1.5293	0.108157	-0.091560	41513.77	38.01
1.5326	0.108290	-0.091490	41514.97	38.09
1.5446	0.107932	-0.090278	41517.38	38.39
1.5479	0.107654	-0.091465	41519.78	38.47
1.5577	0.107628	-0.091405	41522.19	38.71
1.5692	0.107032	-0.091452	41524.59	38.99
1.5725	0.106910	-0.091180	41525.80	39.07
1.5763	0.107144	-0.091262	41527.00	39.16
1.5807	0.106986	-0.091049	41528.20	39.27
1.5894	0.106447	-0.090932	41530.61	39.48
1.5987	0.106432	-0.090723	41533.02	39.71
1.6075	0.107071	-0.089199	41535.42	39.92
1.6146	0.107488	-0.088981	41536.63	40.10
1.6212	0.107311	-0.088862	41539.03	40.26
1.6315	0.107284	-0.088724	41541.44	40.51
1.6398	0.107071	-0.089028	41543.84	40.71
1.6458	0.107197	-0.088209	41545.05	40.86
1.6529	0.107066	-0.087972	41547.45	41.03
1.6649	0.106875	-0.087844	41549.86	41.33
1.6720	0.106810	-0.087720	41552.27	41.50
1.6775	0.106573	-0.087603	41554.67	41.63
1.6884	0.106222	-0.087624	41557.08	41.90
1.6961	0.106240	-0.087585	41559.48	42.09
1.7048	0.105774	-0.087543	41561.89	42.30
1.7136	0.105689	-0.087487	41564.30	42.51
1.7218	0.105720	-0.087276	41566.70	42.71
1.7289	0.105470	-0.087303	41569.11	42.89
1.7355	0.105381	-0.087282	41571.52	43.05
1.7442	0.105376	-0.087343	41573.92	43.26
1.7464	0.105235	-0.087269	41575.13	43.31
1.7546	0.105026	-0.087033	41577.53	43.51
1.7579	0.105067	-0.088491	41579.94	43.59
1.7672	0.103448	-0.088551	41582.34	43.82
1.7710	0.103245	-0.088361	41583.55	43.91
1.7759	0.103394	-0.088560	41584.75	44.03
1.7776	0.103296	-0.088595	41585.95	44.07
1.7858	0.103000	-0.088584	41588.36	44.27
1.7951	0.103081	-0.088713	41590.77	44.50
1.7978	0.102831	-0.088645	41591.97	44.56
1.8055	0.104285	-0.087191	41594.38	44.75
1.8148	0.104229	-0.086963	41596.78	44.98
1.8230	0.104405	-0.086849	41599.19	45.18
1.8328	0.106467	-0.088797	41601.59	45.42
1.8399	0.106362	-0.088415	41604.00	45.59
1.8421	0.106497	-0.088405	41605.20	45.64
1.8525	0.106526	-0.088135	41607.61	45.89
1.8635	0.106466	-0.088377	41610.02	46.16
1.8695	0.106287	-0.088227	41612.42	46.31
1.8728	0.106137	-0.088215	41613.63	46.39
1.8810	0.106377	-0.088044	41616.03	46.58
1.8914	0.106182	-0.088005	41618.44	46.84
1.8990	0.105960	-0.088172	41620.84	47.02
1.9056	0.106136	-0.088108	41623.25	47.18
1.9094	0.105829	-0.088080	41624.45	47.28
1.9165	0.105726	-0.087959	41625.66	47.45
1.9165	0.106020	-0.087924	41626.86	47.45
1.9258	0.105763	-0.088034	41629.27	47.67
1.9357	0.105660	-0.088104	41631.67	47.91
1.9406	0.105425	-0.088224	41634.08	48.03
1.9450	0.105517	-0.088251	41635.28	48.14
1.9542	0.105473	-0.088005	41637.69	48.36
1.9548	0.105576	-0.087791	41638.89	48.38
1.9614	0.105498	-0.089326	41641.30	48.54
1.9717	0.104034	-0.089162	41642.50	48.79
1.9767	0.103623	-0.089641	41644.91	48.91
1.9800	0.103468	-0.089479	41646.11	48.99
1.9838	0.103374	-0.089663	41648.52	49.08
1.9931	0.103401	-0.089454	41650.92	49.31
1.9942	0.103496	-0.087805	41652.13	49.33
2.0057	0.103617	-0.088009	41654.53	49.61
2.0111	0.104646	-0.087744	41656.94	49.74
2.0188	0.104699	-0.087729	41659.34	49.93
2.0232	0.104689	-0.087614	41660.55	50.04
2.0286	0.104793	-0.087499	41661.75	50.17
2.0341	0.104765	-0.087279	41662.95	50.30
2.0439	0.104725	-0.087474	41665.36	50.54
2.0527	0.104588	-0.087263	41667.77	50.75
2.0554	0.104555	-0.086934	41668.97	50.82
2.0658	0.104778	-0.087235	41671.38	51.07
2.0713	0.104500	-0.087074	41673.78	51.20
2.0839	0.103120	-0.087779	41676.19	51.51
2.0899	0.103077	-0.087156	41678.59	51.65
2.0986	0.104044	-0.088267	41679.80	51.86
2.0981	0.104354	-0.086713	41681.00	51.85
2.1025	0.104239	-0.086661	41682.20	51.96
2.1129	0.104274	-0.086690	41684.61	52.21
2.1216	0.104142	-0.086554	41687.02	52.42
2.1293	0.103875	-0.086496	41689.42	52.60
2.1326	0.103542	-0.086413	41690.63	52.68
2.1397	0.103673	-0.086522	41693.03	52.86
2.1468	0.103549	-0.086423	41695.44	53.03
2.1533	0.103344	-0.086263	41697.84	53.19
2.1583	0.103270	-0.086608	41699.05	53.31
2.1621	0.101914	-0.087680	41700.25	53.40
2.1665	0.101859	-0.087788	41701.45	53.50
2.1692	0.101681	-0.087876	41702.66	53.57
2.1741	0.101480	-0.088059	41703.86	53.69
2.1801	0.101396	-0.088085	41706.27	53.83
2.1851	0.101487	-0.087957	41708.67	53.95
2.1944	0.102787	-0.087972	41711.08	54.18
2.1987	0.101781	-0.087078	41712.28	54.28
2.2080	0.102402	-0.087021	41714.69	54.51
2.2173	0.102599	-0.086920	41717.09	54.73
2.2179	0.102588	-0.086725	41718.30	54.75
2.2277	0.102849	-0.086716	41719.50	54.98
2.2299	0.102754	-0.086584	41720.70	55.04
2.2370	0.102731	-0.086566	41723.11	55.21
2.2458	0.102229	-0.085790	41725.52	55.42
2.2545	0.102042	-0.085599	41727.92	55.63
2.2583	0.101947	-0.085583	41729.13	55.72
2.2676	0.101813	-0.085304	41731.53	55.95
2.2748	0.101744	-0.086598	41733.94	56.12
2.2841	0.101461	-0.086744	41736.34	56.34
2.2862	0.099166	-0.086014	41737.55	56.40
2.2917	0.098269	-0.085771	41738.75	56.53
2.2939	0.098129	-0.085441	41739.95	56.58
2.3065	0.097876	-0.085445	41742.36	56.89
2.3109	0.097807	-0.085358	41744.77	56.99
2.3163	0.097595	-0.085308	41745.97	57.12
2.3245	0.097384	-0.085196	41748.38	57.32
2.3355	0.097268	-0.085213	41750.78	57.59
2.3420	0.096926	-0.085115	41753.19	57.74
2.3486	0.096818	-0.084911	41755.59	57.90
2.3546	0.096617	-0.085033	41758.00	58.05
2.3573	0.096534	-0.084756	41759.20	58.11
2.3672	0.095678	-0.085307	41761.61	58.35
2.3738	0.095446	-0.085420	41764.02	58.51
2.3770	0.095171	-0.085431	41766.42	58.59
2.3820	0.095086	-0.085385	41767.63	58.71
2.3874	0.094816	-0.085436	41770.03	58.84
2.3945	0.094814	-0.085161	41772.44	59.01
2.4038	0.094597	-0.085166	41774.84	59.23
2.4137	0.094610	-0.084959	41777.25	59.47
2.4208	0.094363	-0.084070	41779.66	59.64
2.4257	0.094798	-0.083809	41780.86	59.76
2.4356	0.094713	-0.083500	41783.27	60.00
2.4421	0.094609	-0.083364	41785.67	60.16
2.4498	0.094259	-0.082967	41788.08	60.34
2.4531	0.094133	-0.082759	41789.28	60.42
2.4607	0.093987	-0.082383	41791.69	60.61
2.4706	0.093580	-0.081992	41794.09	60.84
2.4755	0.093553	-0.081730	41795.30	60.96
2.4831	0.093330	-0.081541	41796.50	61.15
2.4875	0.093305	-0.081499	41797.70	61.25
2.4914	0.093012	-0.081316	41798.91	61.34
2.4941	0.092992	-0.081103	41800.11	61.41
2.5039	0.092569	-0.080895	41802.52	61.65
2.5116	0.092191	-0.080609	41804.92	61.83
2.5138	0.092151	-0.080443	41806.13	61.88
2.5214	0.091739	-0.080332	41808.53	62.07
2.5269	0.091677	-0.079984	41810.94	62.20
2.5378	0.091161	-0.080007	41813.34	62.46
2.5384	0.090950	-0.079856	41814.55	62.48
2.5428	0.090762	-0.079670	41815.75	62.58
2.5521	0.090338	-0.079550	41818.16	62.81
2.5548	0.090461	-0.080180	41819.36	62.87
2.5614	0.089479	-0.080187	41821.77	63.03
2.5641	0.089384	-0.080144	41822.97	63.10
2.5718	0.089092	-0.080290	41825.38	63.28
2.5789	0.089018	-0.080156	41827.78	63.45
2.5865	0.088679	-0.080153	41830.19	63.63
2.5958	0.088585	-0.079821	41832.59	63.86
2.5980	0.088544	-0.079724	41833.80	63.91
2.6013	0.088475	-0.079843	41835.00	63.99
2.6089	0.088529	-0.079600	41836.20	64.17
2.6128	0.088503	-0.079297	41838.61	64.27
2.6226	0.088230	-0.079046	41841.02	64.50
2.6336	0.088154	-0.078933	41843.42	64.77
2.6385	0.087967	-0.078649	41844.63	64.89
2.6445	0.088073	-0.078560	41847.03	65.03
2.6538	0.087932	-0.078292	41849.44	65.25
2.6609	0.088165	-0.077686	41851.84	65.42
2.6735	0.087972	-0.077315	41854.25	65.73
2.6779	0.088288	-0.077136	41855.45	65.83
2.6872	0.088071	-0.076955	41857.86	66.06
2.6943	0.087853	-0.076913	41860.27	66.23
2.6970	0.087779	-0.076839	41861.47	66.29
2.7025	0.087818	-0.076811	41862.67	66.42
2.7107	0.087416	-0.076564	41865.08	66.62
2.7161	0.087059	-0.076443	41867.48	66.75
2.7293	0.087027	-0.076303	41869.89	67.07
2.7298	0.086960	-0.076193	41871.09	67.08
2.7331	0.087035	-0.076276	41872.30	67.16
2.7347	0.086805	-0.076161	41873.50	67.20
2.7397	0.086953	-0.076252	41874.70	67.32
2.7473	0.086945	-0.076332	41877.11	67.50
2.7566	0.086629	-0.076341	41879.52	67.73
2.7583	0.086174	-0.076483	41881.92	67.77
2.7621	0.085530	-0.076995	41883.13	67.86
2.7708	0.085137	-0.077092	41885.53	68.07
2.7758	0.085183	-0.077100	41887.94	68.19
2.7812	0.085021	-0.077096	41890.34	68.32
2.7878	0.084998	-0.077176	41891.55	68.48
2.7894	0.084890	-0.076772	41892.75	68.52
2.7960	0.084841	-0.076969	41895.16	68.67
2.8026	0.084702	-0.076716	41896.36	68.83
2.8075	0.084898	-0.076856	41898.77	68.95
2.8135	0.084727	-0.076701	41899.97	69.09
2.8212	0.084642	-0.076617	41902.38	69.28
2.8283	0.084812	-0.076249	41904.78	69.45
2.8409	0.085057	-0.076117	41907.19	69.75
2.8463	0.084950	-0.075456	41909.59	69.88
2.8540	0.084471	-0.075595	41910.80	70.07
2.8567	0.084589	-0.075199	41912.00	70.13
2.8594	0.084728	-0.075159	41913.20	70.20
2.8649	0.084854	-0.074570	41915.61	70.33
2.8769	0.084279	-0.074525	41918.02	70.62
2.8830	0.084549	-0.074535	41920.42	70.76
2.8879	0.084393	-0.075026	41921.63	70.88
2.8966	0.084193	-0.074369	41924.03	71.09
2.9059	0.084125	-0.074309	41926.44	71.32
2.9130	0.083980	-0.074288	41928.84	71.49
2.9185	0.083298	-0.074193	41930.05	71.62
2.9202	0.083892	-0.074199	41931.25	71.66
2.9245	0.083893	-0.074239	41932.45	71.76
2.9344	0.083747	-0.074122	41934.86	72.00
2.9360	0.083555	-0.074161	41937.27	72.04
2.9470	0.082870	-0.074659	41939.67	72.30
2.9497	0.082748	-0.074623	41940.88	72.37
2.9557	0.082511	-0.074725	41943.28	72.51
2.9623	0.082216	-0.074784	41945.69	72.67
2.9677	0.082352	-0.074545	41948.09	72.80
2.9705	0.082324	-0.074570	41949.30	72.87
2.9743	0.082266	-0.074536	41950.50	72.96
2.9787	0.082170	-0.074614	41951.70	73.06
2.9874	0.081960	-0.074256	41954.11	73.27
2.9956	0.082595	-0.073715	41956.52	73.47
3.0038	0.084582	-0.078253	41958.92	73.67
3.0126	0.084634	-0.078172	41961.33	73.88
3.0159	0.084603	-0.078236	41962.53	73.96
3.0246	0.084601	-0.077934	41964.94	74.17
3.0339	0.084530	-0.078129	41967.34	74.39
3.0394	0.084520	-0.078169	41968.55	74.52
3.0432	0.084512	-0.077883	41969.75	74.61
3.0476	0.084438	-0.078116	41970.95	74.72
3.0514	0.084335	-0.078287	41972.16	74.81
3.0553	0.084389	-0.078042	41973.36	74.90
3.0662	0.084449	-0.077850	41975.77	75.17
3.0667	0.084423	-0.078174	41976.97	75.18
3.0782	0.084195	-0.077944	41979.38	75.46
3.0848	0.084335	-0.077979	41981.78	75.61
3.0924	0.084270	-0.077934	41984.19	75.80
3.1006	0.083997	-0.078109	41986.59	75.99
3.1034	0.084012	-0.078018	41987.80	76.06
3.1056	0.084070	-0.078056	41989.00	76.11
3.1105	0.083748	-0.078000	41990.20	76.23
3.1198	0.084023	-0.077951	41992.61	76.45
3.1258	0.083631	-0.078079	41995.02	76.60
3.1329	0.083662	-0.078083	41997.42	76.77
3.1368	0.083610	-0.078011	41998.63	76.86
3.1455	0.083539	-0.078230	42001.03	77.07
3.1504	0.083295	-0.078194	42003.44	77.19
3.1559	0.083346	-0.078352	42005.84	77.32
3.1608	0.083247	-0.078340	42007.05	77.44
3.1657	0.083148	-0.078189	42008.25	77.56
3.1690	0.083296	-0.078410	42009.45	77.64
3.1772	0.083198	-0.078345	42011.86	77.83
3.1827	0.083042	-0.078186	42014.27	77.96
3.1860	0.083109	-0.078297	42015.47	78.04
3.1958	0.083372	-0.078085	42017.88	78.28
3.1996	0.083574	-0.078197	42019.08	78.37
3.2051	0.083274	-0.077861	42021.48	78.50
3.2144	0.083021	-0.077892	42023.89	78.73
3.2226	0.083044	-0.077852	42025.09	78.92
3.2237	0.083044	-0.077729	42026.30	78.95
3.2314	0.083283	-0.077620	42027.50	79.13
3.2325	0.083211	-0.077647	42028.70	79.16
3.2445	0.083091	-0.077653	42031.11	79.45
3.2511	0.083085	-0.077272	42033.52	79.61
3.2593	0.083215	-0.077446	42035.92	79.80
3.2647	0.083136	-0.077328	42037.13	79.94
3.2762	0.083121	-0.077228	42039.53	80.21
3.2811	0.082696	-0.077203	42041.94	80.33
3.2888	0.082999	-0.077131	42044.34	80.51
3.2997	0.082884	-0.076872	42046.75	80.78
3.3030	0.083098	-0.076929	42047.95	80.86
3.3047	0.082945	-0.076884	42049.16	80.90
3.3090	0.082932	-0.076846	42050.36	81.00
3.3189	0.082754	-0.077089	42052.77	81.24
3.3238	0.082597	-0.076977	42053.97	81.36
3.3244	0.082575	-0.076867	42055.17	81.37
3.3309	0.082498	-0.076795	42057.58	81.53
3.3380	0.082540	-0.077009	42058.78	81.70
3.3413	0.082333	-0.077019	42061.19	81.78
3.3457	0.082251	-0.076890	42063.59	81.88
3.3528	0.082176	-0.078067	42066.00	82.05
3.3577	0.082955	-0.077646	42067.20	82.17
3.3626	0.082607	-0.077783	42069.61	82.29
3.3687	0.082637	-0.077946	42072.02	82.43
3.3758	0.082288	-0.077992	42074.42	82.61
3.3780	0.082167	-0.078045	42075.63	82.66
3.3856	0.081918	-0.077942	42078.03	82.84
3.3922	0.081836	-0.078047	42080.44	83.00
3.3944	0.081724	-0.077886	42082.84	83.05
3.3998	0.081543	-0.078256	42085.25	83.18
3.4053	0.081130	-0.078058	42086.45	83.32
3.4080	0.081305	-0.078028	42088.86	83.38
3.4157	0.080911	-0.078274	42091.27	83.57
3.4184	0.080924	-0.077880	42093.67	83.63
3.4223	0.080912	-0.078100	42096.08	83.72
3.4272	0.080931	-0.078142	42097.28	83.84
3.4299	0.080732	-0.077906	42099.69	83.91
3.4337	0.080769	-0.077938	42102.09	84.00
3.4359	0.080599	-0.078009	42103.30	84.05
3.4403	0.080687	-0.078041	42104.50	84.16
3.4409	0.080517	-0.078085	42105.70	84.17
3.4436	0.080533	-0.077982	42108.11	84.24
3.4474	0.080498	-0.077951	42110.52	84.33
3.4512	0.080253	-0.078007	42112.92	84.42
3.4556	0.080291	-0.077807	42114.13	84.53
3.4567	0.080242	-0.077695	42116.53	84.55
3.4622	0.080091	-0.077998	42118.94	84.68
3.4622	0.080145	-0.077959	42121.34	84.68
3.4633	0.080214	-0.077791	42122.55	84.71
3.4644	0.080105	-0.077800	42123.75	84.74
3.4611	0.080005	-0.076837	42124.95	84.66
3.4403	0.080047	-0.078173	42127.36	84.16
3.4244	0.078606	-0.079109	42129.77	83.78
3.4239	0.078936	-0.079975	42130.97	83.76
3.4162	0.077377	-0.079921	42133.38	83.58
3.4058	0.077563	-0.080349	42135.78	83.33
3.3944	0.076860	-0.080917	42138.19	83.05
3.3845	0.075676	-0.081091	42140.59	82.82
3.3807	0.076077	-0.081241	42141.80	82.72
3.3730	0.076006	-0.081155	42143.00	82.54
3.3714	0.075868	-0.081517	42144.20	82.50
3.3588	0.075538	-0.081784	42146.61	82.20
3.3490	0.074592	-0.082031	42149.02	81.96
3.3358	0.074636	-0.082492	42151.42	81.65
3.3254	0.074248	-0.082400	42153.83	81.40
3.3194	0.074438	-0.082094	42155.03	81.25
3.3129	0.074863	-0.081767	42157.44	81.09
3.3047	0.074766	-0.081941	42158.64	80.90
3.2970	0.074606	-0.081918	42159.84	80.71
3.2932	0.074530	-0.081983	42161.05	80.62
3.2861	0.074423	-0.082149	42162.25	80.45
3.2806	0.074352	-0.082122	42163.45	80.32
3.2675	0.073936	-0.082308	42165.86	80.00
3.2560	0.073895	-0.082438	42168.27	79.73
3.2407	0.073700	-0.082528	42170.67	79.36
3.2325	0.073361	-0.082785	42173.08	79.16
3.2259	0.073428	-0.083057	42174.28	79.00
3.2155	0.072598	-0.083678	42176.69	78.75
3.2046	0.072519	-0.083391	42179.09	78.49
3.1975	0.073099	-0.081669	42181.50	78.32
3.1871	0.073105	-0.083024	42182.70	78.07
3.1652	0.073218	-0.082392	42185.11	77.54
3.1581	0.073436	-0.082127	42187.52	77.37
3.1471	0.073452	-0.082748	42189.92	77.11
3.1428	0.073163	-0.082207	42191.13	77.01
3.1313	0.073180	-0.082405	42193.53	76.73
3.1225	0.073499	-0.081977	42195.94	76.52
3.1160	0.073226	-0.081902	42198.34	76.36
3.1121	0.073483	-0.081876	42199.55	76.27
3.1072	0.073289	-0.081816	42200.75	76.15
3.0941	0.073484	-0.081594	42203.16	75.84
3.0886	0.073708	-0.081801	42204.36	75.70
3.0766	0.073685	-0.081765	42206.77	75.42
3.0733	0.073502	-0.081671	42207.97	75.34
3.0629	0.073501	-0.081714	42210.38	75.09
3.0520	0.073224	-0.082268	42212.78	74.82
3.0416	0.073060	-0.082029	42215.19	74.57
3.0317	0.072765	-0.082174	42217.59	74.34
3.0241	0.072936	-0.081884	42218.80	74.15
3.0181	0.073155	-0.081889	42220.00	74.01
3.0110	0.073097	-0.082048	42221.20	73.84
3.0000	0.073050	-0.082180	42223.61	73.58
2.9874	0.072924	-0.082064	42226.02	73.27
2.9803	0.073089	-0.081780	42228.42	73.10
2.9743	0.073112	-0.081688	42229.63	72.96
2.9634	0.073230	-0.081536	42232.03	72.70
2.9541	0.073323	-0.081376	42234.44	72.47
2.9448	0.073293	-0.081656	42236.84	72.25
2.9333	0.073211	-0.081824	42239.25	71.97
2.9295	0.073004	-0.081675	42240.45	71.88
2.9218	0.072707	-0.081853	42242.86	71.70
2.9196	0.072949	-0.081514	42244.06	71.64
2.9087	0.073254	-0.081631	42245.27	71.38
2.9010	0.073433	-0.081210	42247.67	71.20
2.8917	0.073537	-0.081080	42250.08	70.97
2.8808	0.073729	-0.081344	42252.48	70.71
2.8737	0.073424	-0.081261	42254.89	70.54
2.8649	0.073469	-0.081228	42256.09	70.33
2.8600	0.073474	-0.081235	42257.30	70.21
2.8556	0.073537	-0.081355	42258.50	70.11
2.8480	0.073425	-0.081315	42259.70	69.92
2.8398	0.073260	-0.081458	42262.11	69.73
2.8305	0.073249	-0.081302	42264.52	69.50
2.8206	0.073329	-0.081418	42266.92	69.27
2.8151	0.073269	-0.081415	42268.13	69.13
2.8053	0.073096	-0.081471	42270.53	68.90
2.7987	0.073213	-0.081308	42272.94	68.74
2.7878	0.073240	-0.081379	42275.34	68.48
2.7823	0.073224	-0.081383	42276.55	68.34
2.7769	0.073178	-0.081692	42277.75	68.21
2.7725	0.072993	-0.081325	42278.95	68.11
2.7648	0.072881	-0.081249	42281.36	67.92
2.7544	0.073197	-0.081195	42283.77	67.67
2.7501	0.073323	-0.081200	42284.97	67.57
2.7462	0.073301	-0.080942	42286.17	67.48
2.7435	0.073634	-0.080929	42287.38	67.41
2.7391	0.073833	-0.080715	42289.78	67.31
2.7304	0.074018	-0.080488	42292.19	67.10
2.7211	0.073968	-0.080655	42294.59	66.87
2.7151	0.073896	-0.080543	42295.80	66.73
2.7052	0.073943	-0.080614	42298.20	66.49
2.6986	0.073627	-0.080546	42300.61	66.33
2.6904	0.073553	-0.080789	42303.02	66.14
2.6855	0.073796	-0.080939	42305.42	66.02
2.6806	0.073394	-0.080792	42306.63	65.90
2.6724	0.073817	-0.080729	42309.03	65.70
2.6680	0.073834	-0.080452	42311.44	65.60
2.6554	0.074009	-0.080347	42313.84	65.29
2.6516	0.073870	-0.080349	42316.25	65.20
2.6467	0.074185	-0.079954	42317.45	65.08
2.6407	0.074030	-0.080300	42319.86	64.94
2.6330	0.073950	-0.080035	42322.27	64.75
2.6264	0.074054	-0.079860	42323.47	64.60
2.6226	0.074293	-0.080110	42324.67	64.50
2.6155	0.074196	-0.079975	42327.08	64.33
2.6171	0.074072	-0.080112	42328.28	64.37
2.6068	0.074842	-0.079853	42330.69	64.12
2.5991	0.074099	-0.079986	42333.09	63.94
2.5953	0.074172	-0.079851	42334.30	63.85
2.5942	0.074252	-0.079764	42335.50	63.82
2.5876	0.074120	-0.080211	42336.70	63.66
2.5887	0.074087	-0.080116	42337.91	63.69
2.5832	0.073998	-0.079967	42339.11	63.56
2.5750	0.074096	-0.080028	42341.52	63.36
2.5696	0.074495	-0.079871	42343.92	63.23
2.5668	0.074391	-0.079480	42345.13	63.16
2.5581	0.074533	-0.079366	42347.53	62.95
2.5526	0.074484	-0.079725	42349.94	62.82
2.5450	0.074084	-0.079853	42352.34	62.63
2.5428	0.074266	-0.079045	42353.55	62.58
2.5378	0.074384	-0.079664	42354.75	62.46
2.5367	0.074304	-0.079407	42355.95	62.44
2.5291	0.074625	-0.079345	42358.36	62.25
2.5209	0.074656	-0.079582	42360.77	62.05
2.5182	0.074470	-0.079503	42361.97	61.99
2.5127	0.075054	-0.079416	42364.38	61.86
2.5078	0.074777	-0.079196	42366.78	61.74
2.5001	0.074927	-0.079091	42369.19	61.55
2.4941	0.074831	-0.079044	42371.59	61.41
2.4886	0.075037	-0.078761	42372.80	61.28
2.4864	0.075142	-0.078878	42374.00	61.22
2.4848	0.075133	-0.078491	42375.20	61.19
2.4749	0.074768	-0.079378	42377.61	60.95
2.4689	0.074555	-0.079147	42380.02	60.80
2.4607	0.074898	-0.078962	42382.42	60.61
2.4553	0.075721	-0.078954	42383.63	60.47
2.4514	0.075033	-0.079061	42386.03	60.38
2.4416	0.075133	-0.078857	42388.44	60.14
2.4367	0.075112	-0.077301	42390.84	60.03
2.4328	0.074780	-0.079267	42393.25	59.93
2.4279	0.074706	-0.079499	42394.45	59.81
2.4246	0.074442	-0.079332	42395.66	59.74
2.4213	0.074603	-0.079318	42396.86	59.66
2.4153	0.074898	-0.079250	42399.27	59.51
2.4077	0.075126	-0.077762	42401.67	59.33
1.4549	0.093127	-0.082035	42870.80	36.19
1.4516	0.093369	-0.082107	42873.20	36.11
1.4511	0.093141	-0.082001	42875.61	36.10
1.4500	0.093178	-0.081954	42878.02	36.07
1.4511	0.093397	-0.081972	42879.22	36.10
1.4511	0.093313	-0.081876	42880.42	36.10
1.4489	0.093336	-0.081846	42882.83	36.04
1.4489	0.093385	-0.081750	42885.23	36.04
1.4472	0.093465	-0.080609	42886.44	36.00
1.4401	0.094834	-0.080650	42888.84	35.83
1.4374	0.094440	-0.080800	42890.05	35.76
1.4396	0.093570	-0.081911	42891.25	35.81
1.4423	0.094095	-0.081462	42893.66	35.88
1.4412	0.094582	-0.080746	42896.06	35.86
1.4423	0.094717	-0.080330	42898.47	35.88
1.4418	0.094896	-0.080683	42900.88	35.87
1.4428	0.093581	-0.081699	42903.28	35.90
1.4423	0.093517	-0.081537	42904.48	35.88
1.4434	0.093596	-0.081712	42905.69	35.91
1.4412	0.093461	-0.081742	42906.89	35.86
1.4450	0.093487	-0.081688	42909.30	35.95
1.4450	0.093533	-0.081932	42910.50	35.95
1.4445	0.093300	-0.081992	42911.70	35.94
1.4461	0.093087	-0.082099	42914.11	35.98
1.4472	0.093070	-0.081845	42915.31	36.00
1.4461	0.093291	-0.081896	42916.52	35.98
1.4456	0.093304	-0.081964	42917.72	35.96
1.4467	0.093241	-0.081863	42920.13	35.99
1.4472	0.093331	-0.081959	42921.33	36.00
1.4483	0.093355	-0.081916	42923.73	36.03
1.4489	0.093231	-0.082014	42924.94	36.04
1.4478	0.093188	-0.081848	42926.14	36.02
1.4511	0.093210	-0.081861	42928.55	36.10
1.4500	0.093174	-0.081885	42929.75	36.07
1.4527	0.093279	-0.081931	42932.16	36.14
1.4527	0.093175	-0.081898	42934.56	36.14
1.4543	0.093350	-0.081902	42935.77	36.18
1.4521	0.093295	-0.081847	42936.97	36.12
1.4554	0.093157	-0.081919	42939.38	36.20
1.4532	0.093047	-0.082065	42940.58	36.15
1.4565	0.093057	-0.082029	42942.98	36.23
1.4565	0.093228	-0.082028	42944.19	36.23
1.4560	0.093187	-0.081969	42945.39	36.22
1.4565	0.093137	-0.081988	42947.80	36.23
1.4587	0.093152	-0.082079	42949.00	36.28
1.4571	0.093062	-0.082106	42951.41	36.24
1.4576	0.093188	-0.081990	42952.61	36.26
1.4593	0.093072	-0.082170	42955.02	36.30
1.4598	0.093076	-0.082175	42956.22	36.31
1.4609	0.093039	-0.082161	42958.63	36.34
1.4625	0.093097	-0.082001	42959.83	36.38
1.4631	0.093249	-0.082089	42962.23	36.39
1.4642	0.093250	-0.082020	42963.44	36.42
1.4642	0.093231	-0.082069	42965.84	36.42
1.4636	0.093252	-0.082182	42967.05	36.40
1.4653	0.093135	-0.082066	42968.25	36.45
1.4664	0.093300	-0.082100	42969.45	36.47
1.4653	0.093329	-0.082040	42971.86	36.45
1.4669	0.093174	-0.082262	42974.27	36.49
1.4658	0.093139	-0.082096	42975.47	36.46
1.4669	0.093464	-0.081762	42977.88	36.49
1.4686	0.093614	-0.081751	42979.08	36.53
1.4702	0.093439	-0.081645	42980.28	36.57
1.4686	0.093628	-0.081509	42981.48	36.53
1.4707	0.093764	-0.081607	42982.69	36.58
1.4697	0.093570	-0.081605	42983.89	36.55
1.4707	0.093574	-0.081849	42986.30	36.58
1.4724	0.093229	-0.082024	42987.50	36.62
1.4718	0.093235	-0.082047	42988.70	36.61
1.4740	0.093128	-0.082116	42991.11	36.66
1.4746	0.093343	-0.081823	42992.31	36.67
1.4724	0.093598	-0.081902	42993.52	36.62
1.4729	0.093160	-0.082059	42994.72	36.63
1.4751	0.093121	-0.082169	42995.92	36.69
1.4768	0.093273	-0.082085	42997.13	36.73
1.4768	0.093220	-0.082040	42998.33	36.73
1.4746	0.093229	-0.082061	42999.53	36.67
1.4768	0.093542	-0.082022	43001.94	36.73
1.4751	0.093310	-0.081998	43004.34	36.69
1.4800	0.093269	-0.081974	43005.55	36.81
1.4800	0.093144	-0.081936	43006.75	36.81
1.4795	0.093277	-0.081896	43009.16	36.79
1.4811	0.093149	-0.082290	43010.36	36.83
1.4833	0.092922	-0.082421	43011.56	36.89
1.4839	0.092881	-0.082345	43012.77	36.90
1.4899	0.093121	-0.082242	43013.97	37.05
1.4948	0.093261	-0.082099	43016.38	37.17
1.4959	0.093305	-0.082198	43017.58	37.20
1.5036	0.093157	-0.082223	43019.98	37.38
1.5057	0.093586	-0.081903	43021.19	37.44
1.5085	0.093491	-0.082221	43022.39	37.50
1.5123	0.093345	-0.082230	43023.59	37.60
