0.8243	0.243604	-0.243438	58419.16	20.62
0.8270	0.243477	-0.243419	58422.02	20.69
0.8243	0.243484	-0.243367	58425.02	20.62
0.8237	0.243494	-0.243237	58428.02	20.61
0.8253	0.243509	-0.243120	58431.02	20.65
0.8237	0.243497	-0.242986	58434.02	20.61
0.8275	0.243362	-0.242838	58437.02	20.70
0.8264	0.243306	-0.242754	58440.02	20.68
0.8253	0.243226	-0.242752	58443.02	20.65
0.8270	0.243261	-0.242555	58446.02	20.69
0.8248	0.243247	-0.242520	58449.02	20.64
0.8253	0.243316	-0.242419	58452.02	20.65
0.8243	0.243308	-0.242172	58455.02	20.62
0.8253	0.243256	-0.242241	58458.02	20.65
0.8259	0.243148	-0.242132	58461.02	20.66
0.8259	0.243105	-0.242091	58464.02	20.66
0.8281	0.243056	-0.242001	58467.02	20.72
0.8248	0.243036	-0.242010	58470.02	20.64
0.8248	0.243019	-0.241913	58473.02	20.64
0.8270	0.243003	-0.241927	58476.02	20.69
0.8270	0.242813	-0.241913	58479.02	20.69
0.8259	0.242837	-0.241728	58482.02	20.66
0.8232	0.242874	-0.241743	58485.02	20.60
0.8259	0.242807	-0.241572	58488.02	20.66
0.8243	0.242880	-0.241626	58491.02	20.62
0.8243	0.242793	-0.241531	58494.02	20.62
0.8226	0.242791	-0.241383	58497.02	20.58
0.8232	0.242720	-0.241300	58500.02	20.60
0.8237	0.242682	-0.241272	58503.02	20.61
0.8286	0.242705	-0.241100	58506.02	20.73
0.8264	0.242612	-0.241193	58509.02	20.68
0.8237	0.242524	-0.241130	58512.02	20.61
0.8232	0.242553	-0.241064	58515.02	20.60
0.8259	0.242537	-0.240897	58518.02	20.66
0.8259	0.242483	-0.240831	58521.02	20.66
0.8275	0.242442	-0.240803	58524.02	20.70
0.8259	0.242309	-0.240787	58527.02	20.66
0.8259	0.242268	-0.240755	58530.02	20.66
0.8264	0.242207	-0.240611	58533.02	20.68
0.8259	0.242294	-0.240490	58536.02	20.66
0.8253	0.242177	-0.240476	58539.02	20.65
0.8248	0.242168	-0.240486	58542.02	20.64
0.8270	0.242254	-0.240381	58545.02	20.69
0.8264	0.242284	-0.240288	58548.02	20.68
0.8253	0.242244	-0.240278	58551.02	20.65
0.8248	0.242248	-0.240281	58554.02	20.64
0.8259	0.242259	-0.240224	58557.02	20.66
0.8259	0.242230	-0.240143	58560.02	20.66
0.8275	0.242141	-0.240199	58563.02	20.70
0.8259	0.242112	-0.240171	58566.02	20.66
0.8270	0.242113	-0.240084	58569.02	20.69
0.8264	0.242111	-0.240161	58572.02	20.68
0.8237	0.241987	-0.240050	58575.02	20.61
0.8232	0.242059	-0.240069	58578.02	20.60
0.8281	0.242079	-0.239973	58581.02	20.72
0.8253	0.242006	-0.239959	58584.02	20.65
0.8286	0.241965	-0.239955	58587.02	20.73
0.8270	0.241925	-0.239906	58590.02	20.69
0.8270	0.241921	-0.239774	58593.02	20.69
0.8259	0.241960	-0.239793	58596.02	20.66
0.8270	0.241881	-0.239859	58599.02	20.69
0.8259	0.241707	-0.240029	58602.02	20.66
0.8259	0.241474	-0.240004	58605.02	20.66
0.8253	0.241505	-0.239983	58608.02	20.65
0.8259	0.241557	-0.239904	58611.02	20.66
0.8253	0.241612	-0.239778	58614.02	20.65
0.8259	0.241702	-0.239718	58617.02	20.66
0.8253	0.241764	-0.239599	58620.02	20.65
0.8275	0.241727	-0.239656	58623.02	20.70
0.8270	0.241766	-0.239590	58626.02	20.69
0.8253	0.241729	-0.239582	58629.02	20.65
0.8253	0.241661	-0.239522	58632.02	20.65
0.8253	0.241677	-0.239451	58635.02	20.65
0.8275	0.241706	-0.239436	58638.02	20.70
0.8259	0.241743	-0.239296	58641.02	20.66
0.8259	0.241752	-0.239259	58644.02	20.66
0.8259	0.241758	-0.239259	58647.02	20.66
0.8253	0.241601	-0.239232	58650.02	20.65
0.8259	0.241655	-0.239246	58653.02	20.66
0.8259	0.241638	-0.239194	58656.02	20.66
0.8275	0.241646	-0.239079	58659.02	20.70
0.8275	0.241626	-0.239004	58662.02	20.70
0.8259	0.241628	-0.238907	58665.02	20.66
0.8270	0.241686	-0.238867	58668.02	20.69
0.8270	0.241667	-0.238879	58671.02	20.69
0.8259	0.241696	-0.238795	58674.02	20.66
0.8270	0.241627	-0.238821	58677.02	20.69
0.8264	0.241496	-0.238676	58680.02	20.68
0.8259	0.241480	-0.238680	58683.02	20.66
0.8253	0.241510	-0.238643	58686.02	20.65
0.8275	0.241446	-0.238607	58689.02	20.70
0.8270	0.241454	-0.238613	58692.02	20.69
0.8281	0.241505	-0.238557	58695.02	20.72
0.8270	0.241475	-0.238583	58698.02	20.69
0.8264	0.241433	-0.238547	58701.02	20.68
0.8270	0.241394	-0.238487	58704.02	20.69
0.8270	0.241371	-0.238442	58707.02	20.69
0.8270	0.241384	-0.238393	58710.02	20.69
0.8253	0.241339	-0.238374	58713.02	20.65
0.8264	0.241293	-0.238392	58716.02	20.68
0.8270	0.241242	-0.238358	58719.02	20.69
0.8270	0.241258	-0.238307	58722.02	20.69
0.8275	0.241243	-0.238269	58725.02	20.70
0.8275	0.241228	-0.238291	58728.02	20.70
0.8281	0.241215	-0.238179	58731.02	20.72
0.8270	0.241233	-0.238234	58734.02	20.69
0.8275	0.241221	-0.238130	58737.02	20.70
0.8264	0.241236	-0.238112	58740.02	20.68
0.8270	0.241184	-0.238124	58743.02	20.69
0.8253	0.241139	-0.238105	58746.02	20.65
0.8259	0.241096	-0.238148	58749.02	20.66
0.8259	0.241142	-0.238108	58752.02	20.66
0.8275	0.241091	-0.237975	58755.02	20.70
0.8275	0.241038	-0.237919	58758.02	20.70
0.8270	0.241030	-0.237900	58761.02	20.69
0.8264	0.241012	-0.237868	58764.02	20.68
0.8259	0.241041	-0.237822	58767.02	20.66
0.8270	0.241014	-0.237745	58770.02	20.69
0.8253	0.240976	-0.237672	58773.02	20.65
0.8264	0.241004	-0.237649	58776.02	20.68
0.8264	0.241011	-0.237644	58779.02	20.68
0.8264	0.240949	-0.237537	58782.02	20.68
0.8286	0.240954	-0.237536	58785.02	20.73
0.8259	0.241003	-0.237539	58788.02	20.66
0.8264	0.240862	-0.237512	58791.02	20.68
0.8281	0.240916	-0.237491	58794.02	20.72
0.8275	0.240858	-0.237478	58797.02	20.70
0.8264	0.240887	-0.237407	58800.02	20.68
0.8264	0.240927	-0.237418	58803.02	20.68
0.8281	0.240894	-0.237326	58806.02	20.72
0.8270	0.240945	-0.237360	58809.02	20.69
0.8275	0.240948	-0.237305	58812.02	20.70
0.8259	0.240965	-0.237256	58815.02	20.66
0.8275	0.240951	-0.237291	58818.02	20.70
0.8259	0.240897	-0.237206	58821.02	20.66
0.8270	0.240761	-0.237225	58824.02	20.69
0.8297	0.240746	-0.237244	58827.02	20.76
0.8275	0.240756	-0.237192	58830.02	20.70
0.8264	0.240737	-0.237174	58833.02	20.68
0.8292	0.240688	-0.237185	58836.02	20.74
0.8281	0.240630	-0.237147	58839.02	20.72
0.8264	0.240639	-0.237171	58842.02	20.68
0.8275	0.240554	-0.237093	58845.02	20.70
0.8264	0.240663	-0.237076	58848.02	20.68
0.8270	0.240647	-0.236963	58851.02	20.69
0.8286	0.240575	-0.237017	58854.02	20.73
0.8264	0.240590	-0.236916	58857.02	20.68
0.8286	0.240711	-0.236851	58860.02	20.73
0.8281	0.240693	-0.236877	58863.02	20.72
0.8270	0.240646	-0.236855	58866.02	20.69
0.8264	0.240488	-0.236841	58869.02	20.68
0.8270	0.240660	-0.236811	58872.02	20.69
0.8259	0.240632	-0.236763	58875.02	20.66
0.8275	0.240582	-0.236882	58878.02	20.70
0.8292	0.240500	-0.236867	58881.02	20.74
0.8281	0.240503	-0.236787	58884.02	20.72
0.8286	0.240617	-0.236755	58887.02	20.73
0.8292	0.240583	-0.236662	58890.02	20.74
0.8275	0.240640	-0.236681	58893.02	20.70
0.8275	0.240674	-0.236661	58896.02	20.70
0.8275	0.240527	-0.236633	58899.02	20.70
0.8270	0.240542	-0.236643	58902.02	20.69
0.8281	0.240495	-0.236661	58905.02	20.72
0.8264	0.240546	-0.236614	58908.02	20.68
0.8297	0.240542	-0.236565	58911.02	20.76
0.8264	0.240522	-0.236598	58914.02	20.68
0.8275	0.240543	-0.236520	58917.02	20.70
0.8270	0.240642	-0.236624	58920.02	20.69
0.8297	0.240643	-0.236616	58923.02	20.76
0.8286	0.240599	-0.236618	58926.02	20.73
0.8286	0.240533	-0.236600	58929.02	20.73
0.8281	0.240597	-0.236631	58932.02	20.72
0.8281	0.240659	-0.236592	58935.02	20.72
0.8275	0.240651	-0.236625	58938.02	20.70
0.8303	0.240584	-0.236597	58941.02	20.77
0.8270	0.240525	-0.236625	58944.02	20.69
0.8297	0.240580	-0.236617	58947.02	20.76
0.8292	0.240584	-0.236595	58950.02	20.74
0.8297	0.240644	-0.236585	58953.02	20.76
0.8286	0.240636	-0.236629	58956.02	20.73
0.8308	0.240660	-0.236537	58959.02	20.79
0.8281	0.240608	-0.236575	58962.02	20.72
0.8297	0.240585	-0.236565	58965.02	20.76
0.8314	0.240642	-0.236551	58968.02	20.80
0.8286	0.240647	-0.236565	58971.02	20.73
0.8259	0.240663	-0.236546	58974.02	20.66
0.8281	0.240602	-0.236492	58977.02	20.72
0.8319	0.240649	-0.236480	58980.02	20.81
0.8292	0.240670	-0.236495	58983.02	20.74
0.8270	0.240652	-0.236563	58986.02	20.69
0.8270	0.240568	-0.236555	58989.02	20.69
0.8281	0.240585	-0.236589	58992.02	20.72
0.8292	0.240634	-0.236561	58995.02	20.74
0.8292	0.240573	-0.236612	58998.02	20.74
0.8286	0.240592	-0.236554	59001.02	20.73
0.8275	0.240586	-0.236552	59004.02	20.70
0.8281	0.240607	-0.236629	59007.02	20.72
0.8292	0.240626	-0.236656	59010.02	20.74
0.8286	0.240634	-0.236658	59013.02	20.73
0.8292	0.240616	-0.236663	59016.02	20.74
0.8303	0.240568	-0.236665	59019.02	20.77
0.8275	0.240617	-0.236697	59022.02	20.70
0.8292	0.240648	-0.236593	59025.02	20.74
0.8270	0.240683	-0.236597	59028.02	20.69
0.8275	0.240701	-0.236541	59031.02	20.70
0.8281	0.240695	-0.236563	59034.02	20.72
0.8264	0.240831	-0.236510	59037.02	20.68
0.8270	0.240862	-0.236479	59040.02	20.69
0.8292	0.240891	-0.236490	59043.02	20.74
0.8297	0.240859	-0.236463	59046.02	20.76
0.8297	0.240876	-0.236482	59049.02	20.76
0.8281	0.240908	-0.236496	59052.02	20.72
0.8292	0.240826	-0.236448	59055.02	20.74
0.8297	0.240849	-0.236577	59058.02	20.76
0.8308	0.240914	-0.236547	59061.02	20.79
0.8286	0.240851	-0.236539	59064.02	20.73
0.8297	0.240881	-0.236487	59067.02	20.76
0.8275	0.240856	-0.236459	59070.02	20.70
0.8286	0.240832	-0.236444	59073.02	20.73
0.8303	0.240814	-0.236376	59076.02	20.77
0.8297	0.240890	-0.236391	59079.02	20.76
0.8297	0.240798	-0.236449	59082.02	20.76
0.8303	0.240842	-0.236502	59085.02	20.77
0.8297	0.240789	-0.236499	59088.02	20.76
0.8308	0.240792	-0.236550	59091.02	20.79
0.8292	0.240826	-0.236493	59094.02	20.74
0.8292	0.240961	-0.236381	59097.02	20.74
0.8275	0.240957	-0.236466	59100.02	20.70
0.8270	0.240938	-0.236428	59103.02	20.69
0.8297	0.240917	-0.236482	59106.02	20.76
0.8297	0.240891	-0.236507	59109.02	20.76
0.8286	0.240946	-0.236481	59112.02	20.73
0.8308	0.240951	-0.236514	59115.02	20.79
0.8297	0.240928	-0.236501	59118.02	20.76
0.8297	0.240977	-0.236472	59121.02	20.76
0.8292	0.241036	-0.236486	59124.02	20.74
0.8303	0.240971	-0.236530	59127.02	20.77
0.8319	0.241001	-0.236529	59130.02	20.81
0.8297	0.241013	-0.236517	59133.02	20.76
0.8281	0.241019	-0.236470	59136.02	20.72
0.8319	0.241052	-0.236503	59139.02	20.81
0.8314	0.241101	-0.236484	59142.02	20.80
0.8314	0.241034	-0.236480	59145.02	20.80
0.8275	0.241038	-0.236372	59148.02	20.70
0.8325	0.241077	-0.236362	59151.02	20.83
0.8259	0.241111	-0.236324	59154.02	20.66
0.8292	0.241147	-0.236311	59157.02	20.74
0.8303	0.241185	-0.236336	59160.02	20.77
0.8314	0.241192	-0.236293	59163.02	20.80
0.8303	0.241279	-0.236241	59166.02	20.77
0.8297	0.241273	-0.236317	59169.02	20.76
0.8308	0.241214	-0.236345	59172.02	20.79
0.8297	0.241217	-0.236276	59175.02	20.76
0.8292	0.241273	-0.236241	59178.02	20.74
0.8308	0.241241	-0.236217	59181.02	20.79
0.8297	0.241326	-0.236350	59184.02	20.76
0.8314	0.241343	-0.236277	59187.02	20.80
0.8308	0.241355	-0.236299	59190.02	20.79
0.8308	0.241399	-0.236296	59193.02	20.79
0.8308	0.241395	-0.236314	59196.02	20.79
0.8286	0.241365	-0.236314	59199.02	20.73
0.8314	0.241409	-0.236351	59202.02	20.80
0.8308	0.241450	-0.236353	59205.02	20.79
0.8308	0.241354	-0.236343	59208.02	20.79
0.8308	0.241307	-0.236351	59211.02	20.79
0.8314	0.241331	-0.236376	59214.02	20.80
0.8308	0.241339	-0.236406	59217.02	20.79
0.8297	0.241410	-0.236398	59220.02	20.76
0.8325	0.241402	-0.236442	59223.02	20.83
0.8314	0.241363	-0.236391	59226.02	20.80
0.8314	0.241404	-0.236397	59229.02	20.80
0.8292	0.241421	-0.236359	59232.02	20.74
0.8325	0.241408	-0.236380	59235.02	20.83
0.8292	0.241377	-0.236353	59238.02	20.74
0.8325	0.241476	-0.236308	59241.02	20.83
0.8303	0.241459	-0.236344	59244.02	20.77
0.8319	0.241483	-0.236385	59247.02	20.81
0.8275	0.241464	-0.236393	59250.02	20.70
0.8308	0.241411	-0.236463	59253.02	20.79
0.8292	0.241429	-0.236319	59256.02	20.74
0.8319	0.241495	-0.236330	59259.02	20.81
0.8319	0.241423	-0.236397	59262.02	20.81
0.8314	0.241398	-0.236397	59265.02	20.80
0.8308	0.241459	-0.236388	59268.02	20.79
0.8308	0.241381	-0.236353	59271.02	20.79
0.8303	0.241445	-0.236430	59274.02	20.77
0.8308	0.241365	-0.236385	59277.02	20.79
0.8292	0.241471	-0.236414	59280.02	20.74
0.8297	0.241471	-0.236447	59283.02	20.76
0.8336	0.241356	-0.236426	59286.02	20.85
0.8325	0.241384	-0.236374	59289.02	20.83
0.8325	0.241383	-0.236416	59292.02	20.83
0.8308	0.241353	-0.236415	59295.02	20.79
0.8325	0.241340	-0.236345	59298.02	20.83
0.8308	0.241412	-0.236341	59301.02	20.79
0.8303	0.241460	-0.236332	59304.02	20.77
0.8314	0.241446	-0.236282	59307.02	20.80
0.8308	0.241427	-0.236289	59310.02	20.79
0.8330	0.241412	-0.236272	59313.02	20.84
0.8330	0.241472	-0.236276	59316.02	20.84
0.8319	0.241507	-0.236186	59319.02	20.81
0.8292	0.241426	-0.236256	59322.02	20.74
0.8325	0.241482	-0.236186	59325.02	20.83
0.8319	0.241523	-0.236129	59328.02	20.81
0.8325	0.241576	-0.236109	59331.02	20.83
0.8319	0.241489	-0.236227	59334.02	20.81
0.8325	0.241459	-0.236147	59337.02	20.83
0.8325	0.241467	-0.236189	59340.02	20.83
0.8319	0.241497	-0.236238	59343.02	20.81
0.8325	0.241449	-0.236142	59346.02	20.83
0.8303	0.241451	-0.236196	59349.02	20.77
0.8314	0.241482	-0.236175	59352.02	20.80
0.8330	0.241425	-0.236147	59355.02	20.84
0.8319	0.241412	-0.236223	59358.02	20.81
0.8314	0.241386	-0.236175	59361.02	20.80
0.8308	0.241435	-0.236196	59364.02	20.79
0.8308	0.241426	-0.236160	59367.02	20.79
0.8308	0.241421	-0.236204	59370.02	20.79
0.8325	0.241423	-0.236198	59373.02	20.83
0.8325	0.241418	-0.236101	59376.02	20.83
0.8325	0.241428	-0.236266	59379.02	20.83
0.8325	0.241494	-0.236173	59382.02	20.83
0.8314	0.241519	-0.236263	59385.02	20.80
0.8330	0.241494	-0.236234	59388.02	20.84
0.8319	0.241489	-0.236255	59391.02	20.81
0.8336	0.241517	-0.236273	59394.02	20.85
0.8335	0.241446	-0.236269	59397.02	20.85
0.8314	0.241475	-0.236326	59400.02	20.80
0.8319	0.241442	-0.236302	59403.02	20.81
0.8325	0.241475	-0.236293	59406.02	20.83
0.8346	0.241433	-0.236291	59409.02	20.88
0.8325	0.241449	-0.236289	59412.02	20.83
0.8325	0.241467	-0.236276	59415.02	20.83
0.8319	0.241489	-0.236256	59418.02	20.81
0.8325	0.241557	-0.236262	59421.02	20.83
0.8341	0.241550	-0.236270	59424.02	20.87
0.8314	0.241584	-0.236281	59427.02	20.80
0.8330	0.241605	-0.236232	59430.02	20.84
0.8314	0.241609	-0.236237	59433.02	20.80
0.8341	0.241622	-0.236182	59436.02	20.87
0.8308	0.241600	-0.236229	59439.02	20.79
0.8303	0.241665	-0.236172	59442.02	20.77
0.8303	0.241681	-0.236203	59445.02	20.77
0.8297	0.241703	-0.236176	59448.02	20.76
0.8303	0.241675	-0.236302	59451.02	20.77
0.8341	0.241738	-0.236345	59454.02	20.87
0.8319	0.241675	-0.236286	59457.02	20.81
0.8319	0.241667	-0.236236	59460.02	20.81
0.8341	0.241645	-0.236282	59463.02	20.87
0.8319	0.241678	-0.236293	59466.02	20.81
0.8346	0.241650	-0.236316	59469.02	20.88
0.8336	0.241694	-0.236293	59472.02	20.85
0.8330	0.241722	-0.236362	59475.02	20.84
0.8363	0.241753	-0.236416	59478.02	20.92
0.8352	0.241754	-0.236335	59481.02	20.89
0.8363	0.241759	-0.236348	59484.02	20.92
0.8319	0.241726	-0.236336	59487.02	20.81
0.8346	0.241772	-0.236362	59490.02	20.88
0.8357	0.241753	-0.236330	59493.02	20.91
0.8352	0.241794	-0.236426	59496.02	20.89
0.8325	0.241794	-0.236460	59499.02	20.83
0.8357	0.241740	-0.236446	59502.02	20.91
0.8346	0.241757	-0.236359	59505.02	20.88
0.8352	0.241763	-0.236397	59508.02	20.89
0.8330	0.241800	-0.236412	59511.02	20.84
0.8335	0.241793	-0.236343	59514.02	20.85
0.8346	0.241820	-0.236352	59517.02	20.88
0.8346	0.241846	-0.236356	59520.02	20.88
0.8335	0.241785	-0.236375	59523.02	20.85
0.8346	0.241730	-0.236325	59526.02	20.88
0.8346	0.241803	-0.236306	59529.02	20.88
0.8341	0.241898	-0.236418	59532.02	20.87
0.8357	0.241801	-0.236354	59535.02	20.91
0.8346	0.241845	-0.236332	59538.02	20.88
0.8330	0.241911	-0.236346	59541.02	20.84
0.8336	0.241894	-0.236331	59544.02	20.85
0.8319	0.241996	-0.236377	59547.02	20.81
0.8352	0.241911	-0.236370	59550.02	20.89
0.8357	0.241886	-0.236408	59553.02	20.91
0.8319	0.241861	-0.236320	59556.02	20.81
0.8319	0.241883	-0.236386	59559.02	20.81
0.8379	0.241915	-0.236431	59562.02	20.96
0.8346	0.241959	-0.236411	59565.02	20.88
0.8368	0.241884	-0.236405	59568.02	20.94
0.8357	0.241861	-0.236441	59571.02	20.91
0.8368	0.242165	-0.236593	59574.02	20.94
0.8346	0.242118	-0.236642	59577.02	20.88
0.8341	0.242156	-0.236651	59580.02	20.87
0.8352	0.242185	-0.236668	59583.02	20.89
0.8363	0.242178	-0.236712	59586.02	20.92
0.8357	0.242168	-0.236743	59589.02	20.91
0.8357	0.242236	-0.236943	59592.02	20.91
0.8336	0.242339	-0.236983	59595.02	20.85
0.8352	0.242320	-0.236893	59598.02	20.89
0.8368	0.242363	-0.236945	59601.02	20.94
0.8352	0.242399	-0.236907	59604.02	20.89
0.8352	0.242385	-0.237029	59607.02	20.89
0.8363	0.242420	-0.236946	59610.02	20.92
0.8357	0.242414	-0.236931	59613.02	20.91
0.8357	0.242457	-0.236962	59616.02	20.91
0.8374	0.242488	-0.237028	59619.02	20.95
0.8363	0.242555	-0.236923	59622.02	20.92
0.8357	0.242502	-0.236925	59625.02	20.91
0.8352	0.242586	-0.236921	59628.02	20.89
0.8357	0.242483	-0.236953	59631.02	20.91
0.8363	0.242569	-0.236903	59634.02	20.92
0.8374	0.242595	-0.236970	59637.02	20.95
0.8357	0.242537	-0.236927	59640.02	20.91
0.8374	0.242516	-0.236955	59643.02	20.95
0.8368	0.242524	-0.236955	59646.02	20.94
0.8325	0.242597	-0.236963	59649.02	20.83
0.8363	0.242588	-0.236954	59652.02	20.92
0.8346	0.242571	-0.237064	59655.02	20.88
0.8357	0.242620	-0.237028	59658.02	20.91
0.8341	0.242552	-0.237064	59661.02	20.87
0.8357	0.242619	-0.237002	59664.02	20.91
0.8357	0.242577	-0.237048	59667.02	20.91
0.8341	0.242601	-0.237099	59670.02	20.87
0.8374	0.242609	-0.237116	59673.02	20.95
0.8385	0.242674	-0.237119	59676.02	20.98
0.8363	0.242677	-0.237135	59679.02	20.92
0.8379	0.242744	-0.237135	59682.02	20.96
0.8374	0.242719	-0.237120	59685.02	20.95
0.8363	0.242776	-0.237180	59688.02	20.92
0.8357	0.242729	-0.237224	59691.02	20.91
0.8379	0.242791	-0.237185	59694.02	20.96
0.8379	0.242725	-0.237172	59697.02	20.96
0.8341	0.242793	-0.237224	59700.02	20.87
0.8368	0.242832	-0.237218	59703.02	20.94
0.8374	0.242915	-0.237139	59706.02	20.95
0.8357	0.242860	-0.237123	59709.02	20.91
0.8363	0.242843	-0.237183	59712.02	20.92
0.8379	0.242869	-0.237228	59715.02	20.96
0.8346	0.242853	-0.237179	59718.02	20.88
0.8346	0.242899	-0.237206	59721.02	20.88
0.8330	0.242939	-0.237153	59724.02	20.84
0.8357	0.242925	-0.237211	59727.02	20.91
0.8374	0.242891	-0.237158	59730.02	20.95
0.8341	0.242953	-0.237240	59733.02	20.87
0.8363	0.243101	-0.237351	59736.02	20.92
0.8374	0.243078	-0.237444	59739.02	20.95
0.8379	0.243118	-0.237413	59742.02	20.96
0.8396	0.243152	-0.237376	59745.02	21.00
0.8363	0.243160	-0.237400	59748.02	20.92
0.8368	0.243100	-0.237443	59751.02	20.94
0.8346	0.243127	-0.237508	59754.02	20.88
0.8357	0.243134	-0.237502	59757.02	20.91
0.8357	0.243121	-0.237467	59760.02	20.91
0.8368	0.243118	-0.237402	59763.02	20.94
0.8341	0.243153	-0.237459	59766.02	20.87
0.8390	0.243114	-0.237418	59769.02	20.99
0.8379	0.243154	-0.237454	59772.02	20.96
0.8346	0.243125	-0.237448	59775.02	20.88
0.8374	0.243160	-0.237447	59778.02	20.95
0.8390	0.243176	-0.237464	59781.02	20.99
0.8379	0.243167	-0.237473	59784.02	20.96
0.8401	0.243150	-0.237484	59787.02	21.02
0.8368	0.243191	-0.237501	59790.02	20.94
0.8396	0.243169	-0.237535	59793.02	21.00
0.8379	0.243269	-0.237563	59796.02	20.96
0.8401	0.243279	-0.237555	59799.02	21.02
0.8379	0.243318	-0.237599	59802.02	20.96
0.8341	0.243363	-0.237536	59805.02	20.87
0.8396	0.243394	-0.237598	59808.02	21.00
0.8379	0.243379	-0.237648	59811.02	20.96
0.8374	0.243396	-0.237607	59814.02	20.95
0.8379	0.243373	-0.237728	59817.02	20.96
0.8352	0.243392	-0.237661	59820.02	20.89
0.8346	0.243436	-0.237700	59823.02	20.88
0.8390	0.243439	-0.237759	59826.02	20.99
0.8407	0.243471	-0.237673	59829.02	21.03
0.8385	0.243507	-0.237694	59832.02	20.98
0.8396	0.243472	-0.237712	59835.02	21.00
0.8385	0.243498	-0.237686	59838.02	20.98
0.8379	0.243459	-0.237730	59841.02	20.96
0.8385	0.243493	-0.237717	59844.02	20.98
0.8357	0.243480	-0.237741	59847.02	20.91
0.8401	0.243410	-0.237745	59850.02	21.02
0.8357	0.243551	-0.237687	59853.02	20.91
0.8379	0.243526	-0.237733	59856.02	20.96
0.8357	0.243548	-0.237679	59859.02	20.91
0.8374	0.243549	-0.237747	59862.02	20.95
0.8385	0.243541	-0.237695	59865.02	20.98
0.8401	0.243525	-0.237747	59868.02	21.02
0.8357	0.243563	-0.237837	59871.02	20.91
0.8401	0.243614	-0.237776	59874.02	21.02
0.8401	0.243572	-0.237758	59877.02	21.02
0.8396	0.243617	-0.237836	59880.02	21.00
0.8412	0.243585	-0.237810	59883.02	21.04
0.8357	0.243552	-0.237810	59886.02	20.91
0.8368	0.243577	-0.237798	59889.02	20.94
0.8379	0.243630	-0.237807	59892.02	20.96
0.8385	0.243575	-0.237880	59895.02	20.98
0.8412	0.243632	-0.237825	59898.02	21.04
0.8418	0.243630	-0.237749	59901.02	21.06
0.8385	0.243635	-0.237781	59904.02	20.98
0.8412	0.243712	-0.237745	59907.02	21.04
0.8374	0.243609	-0.237773	59910.02	20.95
0.8396	0.243652	-0.237765	59913.02	21.00
0.8390	0.243653	-0.237770	59916.02	20.99
0.8401	0.243742	-0.237774	59919.02	21.02
0.8396	0.243726	-0.237691	59922.02	21.00
0.8423	0.243757	-0.237718	59925.02	21.07
0.8412	0.243730	-0.237752	59928.02	21.04
0.8363	0.243774	-0.237762	59931.02	20.92
0.8401	0.243704	-0.237797	59934.02	21.02
0.8379	0.243685	-0.237807	59937.02	20.96
0.8401	0.243720	-0.237811	59940.02	21.02
0.8407	0.243670	-0.237768	59943.02	21.03
0.8407	0.243710	-0.237792	59946.02	21.03
0.8379	0.243678	-0.237800	59949.02	20.96
0.8418	0.243694	-0.237795	59952.02	21.06
0.8379	0.243655	-0.237738	59955.02	20.96
0.8401	0.243647	-0.237744	59958.02	21.02
0.8407	0.243682	-0.237757	59961.02	21.03
0.8412	0.243700	-0.237756	59964.02	21.04
0.8412	0.243715	-0.237753	59967.02	21.04
0.8390	0.243642	-0.237759	59970.02	20.99
0.8407	0.243728	-0.237773	59973.02	21.03
0.8379	0.243715	-0.237770	59976.02	20.96
0.8418	0.243715	-0.237730	59979.02	21.06
0.8379	0.243758	-0.237717	59982.02	20.96
0.8390	0.243762	-0.237806	59985.02	20.99
0.8379	0.243754	-0.237720	59988.02	20.96
0.8412	0.243733	-0.237788	59991.02	21.04
0.8407	0.243721	-0.237779	59994.02	21.03
0.8385	0.243703	-0.237742	59997.02	20.98
0.8401	0.243796	-0.237704	60000.02	21.02
0.8401	0.243756	-0.237774	60003.02	21.02
0.8418	0.243748	-0.237675	60006.02	21.06
0.8407	0.243750	-0.237766	60009.02	21.03
0.8418	0.243771	-0.237703	60012.02	21.06
0.8412	0.243685	-0.237810	60015.02	21.04
0.8428	0.243727	-0.237752	60018.02	21.08
0.8396	0.243765	-0.237710	60021.02	21.00
0.8412	0.243729	-0.237769	60024.02	21.04
0.8407	0.243717	-0.237766	60027.02	21.03
0.8390	0.243821	-0.237752	60030.02	20.99
0.8428	0.243771	-0.237733	60033.02	21.08
0.8390	0.243818	-0.237739	60036.02	20.99
0.8434	0.243789	-0.237768	60039.02	21.10
0.8423	0.243814	-0.237715	60042.02	21.07
0.8428	0.243764	-0.237786	60045.02	21.08
0.8418	0.243758	-0.237731	60048.02	21.06
0.8390	0.243768	-0.237788	60051.02	20.99
0.8374	0.243800	-0.237740	60054.02	20.95
0.8423	0.243755	-0.237740	60057.02	21.07
0.8428	0.243729	-0.237689	60060.02	21.08
0.8412	0.243775	-0.237710	60063.02	21.04
0.8428	0.243815	-0.237757	60066.02	21.08
0.8401	0.243797	-0.237681	60069.02	21.02
0.8434	0.243839	-0.237753	60072.02	21.10
0.8390	0.243866	-0.237738	60075.02	20.99
0.8423	0.243865	-0.237695	60078.02	21.07
0.8423	0.243886	-0.237744	60081.02	21.07
0.8407	0.243910	-0.237786	60084.02	21.03
0.8412	0.243884	-0.237764	60087.02	21.04
0.8439	0.243879	-0.237737	60090.02	21.11
0.8396	0.243861	-0.237757	60093.02	21.00
0.8428	0.243862	-0.237766	60096.02	21.08
0.8423	0.243857	-0.237751	60099.02	21.07
0.8418	0.243947	-0.237711	60102.02	21.06
0.8428	0.243878	-0.237842	60105.02	21.08
0.8428	0.243816	-0.237805	60108.02	21.08
0.8401	0.243818	-0.237757	60111.02	21.02
0.8439	0.243849	-0.237813	60114.02	21.11
0.8396	0.243858	-0.237847	60117.02	21.00
0.8418	0.243907	-0.237833	60120.02	21.06
0.8445	0.243871	-0.237864	60123.02	21.13
0.8412	0.243939	-0.237806	60126.02	21.04
0.8439	0.243956	-0.237834	60129.02	21.11
0.8429	0.243931	-0.237785	60132.02	21.08
0.8418	0.243923	-0.237842	60135.02	21.06
0.8423	0.243941	-0.237793	60138.02	21.07
0.8412	0.243929	-0.237779	60141.02	21.04
0.8434	0.243943	-0.237749	60144.02	21.10
0.8423	0.243765	-0.237705	60147.02	21.07
0.8385	0.243782	-0.237656	60150.02	20.98
0.8423	0.243795	-0.237666	60153.02	21.07
0.8418	0.243832	-0.237698	60156.02	21.06
0.8439	0.243727	-0.237633	60159.02	21.11
0.8450	0.243793	-0.237695	60162.02	21.14
0.8439	0.243749	-0.237548	60165.02	21.11
0.8428	0.243794	-0.237618	60168.02	21.08
0.8418	0.243802	-0.237610	60171.02	21.06
0.8418	0.243752	-0.237600	60174.02	21.06
0.8401	0.243817	-0.237540	60177.02	21.02
0.8434	0.243788	-0.237580	60180.02	21.10
0.8423	0.243738	-0.237537	60183.02	21.07
0.8428	0.243758	-0.237611	60186.02	21.08
0.8434	0.243800	-0.237570	60189.02	21.10
0.8423	0.243780	-0.237597	60192.02	21.07
0.8439	0.243744	-0.237607	60195.02	21.11
0.8418	0.243748	-0.237603	60198.02	21.06
0.8439	0.243720	-0.237603	60201.02	21.11
0.8434	0.243719	-0.237618	60204.02	21.10
0.8434	0.243707	-0.237495	60207.02	21.10
0.8428	0.243693	-0.237586	60210.02	21.08
0.8418	0.243781	-0.237617	60213.02	21.06
0.8439	0.243669	-0.237607	60216.02	21.11
0.8434	0.243661	-0.237620	60219.02	21.10
0.8439	0.243707	-0.237567	60222.02	21.11
0.8445	0.243630	-0.237643	60225.02	21.13
0.8445	0.243697	-0.237546	60228.02	21.13
0.8423	0.243688	-0.237604	60231.02	21.07
0.8434	0.243735	-0.237583	60234.02	21.10
0.8423	0.243779	-0.237590	60237.02	21.07
0.8445	0.243656	-0.237570	60240.02	21.13
0.8439	0.243760	-0.237607	60243.02	21.11
0.8445	0.243795	-0.237593	60246.02	21.13
0.8434	0.243689	-0.237595	60249.02	21.10
0.8450	0.243733	-0.237571	60252.02	21.14
0.8439	0.243741	-0.237555	60255.02	21.11
0.8439	0.243698	-0.237617	60258.02	21.11
0.8434	0.243690	-0.237595	60261.02	21.10
0.8434	0.243680	-0.237559	60264.02	21.10
0.8418	0.243807	-0.237538	60267.02	21.06
0.8450	0.243750	-0.237591	60270.02	21.14
0.8445	0.243804	-0.237523	60273.02	21.13
0.8429	0.243734	-0.237581	60276.02	21.08
0.8428	0.243765	-0.237585	60279.02	21.08
0.8434	0.243723	-0.237600	60282.02	21.10
0.8434	0.243797	-0.237567	60285.02	21.10
0.8456	0.243636	-0.237567	60288.02	21.15
0.8439	0.243756	-0.237552	60291.02	21.11
0.8450	0.243720	-0.237591	60294.02	21.14
0.8439	0.243719	-0.237523	60297.02	21.11
0.8428	0.243724	-0.237617	60300.02	21.08
0.8439	0.243734	-0.237553	60303.02	21.11
0.8434	0.243715	-0.237612	60306.02	21.10
0.8434	0.243814	-0.237582	60309.02	21.10
0.8439	0.243744	-0.237671	60312.02	21.11
0.8450	0.243801	-0.237639	60315.02	21.14
0.8445	0.243779	-0.237639	60318.02	21.13
0.8429	0.243777	-0.237613	60321.02	21.08
0.8434	0.243771	-0.237634	60324.02	21.10
0.8445	0.243776	-0.237586	60327.02	21.13
0.8456	0.243798	-0.237626	60330.02	21.15
0.8434	0.243783	-0.237612	60333.02	21.10
0.8461	0.243821	-0.237603	60336.02	21.17
0.8456	0.243757	-0.237653	60339.02	21.15
0.8445	0.243792	-0.237584	60342.02	21.13
0.8467	0.243829	-0.237616	60345.02	21.18
0.8434	0.243768	-0.237646	60348.02	21.10
0.8445	0.243843	-0.237652	60351.02	21.13
0.8445	0.243824	-0.237607	60354.02	21.13
0.8450	0.243809	-0.237646	60357.02	21.14
0.8467	0.243860	-0.237672	60360.02	21.18
0.8445	0.243837	-0.237629	60363.02	21.13
0.8456	0.243778	-0.237685	60366.02	21.15
0.8450	0.243835	-0.237646	60369.02	21.14
0.8461	0.243858	-0.237610	60372.02	21.17
0.8445	0.243906	-0.237623	60375.02	21.13
0.8445	0.243843	-0.237608	60378.02	21.13
0.8461	0.243856	-0.237621	60381.02	21.17
0.8467	0.243820	-0.237703	60384.02	21.18
0.8439	0.243902	-0.237630	60387.02	21.11
0.8456	0.243850	-0.237639	60390.02	21.15
0.8450	0.243832	-0.237607	60393.02	21.14
0.8445	0.243810	-0.237623	60396.02	21.13
0.8461	0.243815	-0.237647	60399.02	21.17
0.8467	0.243828	-0.237627	60402.02	21.18
0.8461	0.243857	-0.237639	60405.02	21.17
0.8445	0.243880	-0.237589	60408.02	21.13
0.8478	0.243862	-0.237622	60411.02	21.21
0.8461	0.243837	-0.237602	60414.02	21.17
0.8450	0.243823	-0.237586	60417.02	21.14
0.8450	0.243860	-0.237559	60420.02	21.14
0.8450	0.243855	-0.237600	60423.02	21.14
0.8467	0.243830	-0.237590	60426.02	21.18
0.8456	0.243876	-0.237589	60429.02	21.15
0.8450	0.243809	-0.237588	60432.02	21.14
0.8472	0.243861	-0.237622	60435.02	21.19
0.8472	0.243788	-0.237590	60438.02	21.19
0.8461	0.243805	-0.237604	60441.02	21.17
0.8461	0.243818	-0.237588	60444.02	21.17
0.8472	0.243845	-0.237619	60447.02	21.19
0.8445	0.243833	-0.237579	60450.02	21.13
0.8461	0.243790	-0.237631	60453.02	21.17
0.8472	0.243809	-0.237556	60456.02	21.19
0.8461	0.243790	-0.237589	60459.02	21.17
0.8456	0.243749	-0.237553	60462.02	21.15
0.8472	0.243802	-0.237543	60465.02	21.19
0.8450	0.243777	-0.237551	60468.02	21.14
0.8467	0.243794	-0.237519	60471.02	21.18
0.8456	0.243798	-0.237602	60474.02	21.15
0.8445	0.243782	-0.237577	60477.02	21.13
0.8467	0.243822	-0.237552	60480.02	21.18
0.8483	0.243820	-0.237552	60483.02	21.22
0.8483	0.243845	-0.237609	60486.02	21.22
0.8489	0.243805	-0.237570	60489.02	21.23
0.8467	0.243864	-0.237613	60492.02	21.18
0.8445	0.243873	-0.237614	60495.02	21.13
0.8483	0.243880	-0.237594	60498.02	21.22
0.8439	0.243861	-0.237641	60501.02	21.11
0.8472	0.243878	-0.237598	60504.02	21.19
0.8461	0.243870	-0.237659	60507.02	21.17
0.8450	0.243851	-0.237624	60510.02	21.14
0.8461	0.243915	-0.237773	60513.02	21.17
0.8461	0.243999	-0.237726	60516.02	21.17
0.8478	0.244019	-0.237724	60519.02	21.21
0.8489	0.243996	-0.237711	60522.02	21.23
0.8456	0.244045	-0.237759	60525.02	21.15
0.8472	0.243956	-0.237708	60528.02	21.19
0.8478	0.244027	-0.237809	60531.02	21.21
0.8461	0.243940	-0.237774	60534.02	21.17
0.8494	0.243990	-0.237794	60537.02	21.25
0.8489	0.243990	-0.237714	60540.02	21.23
0.8483	0.243981	-0.237740	60543.02	21.22
0.8478	0.244023	-0.237730	60546.02	21.21
0.8472	0.243937	-0.237770	60549.02	21.19
0.8472	0.243959	-0.237779	60552.02	21.19
0.8489	0.243961	-0.237746	60555.02	21.23
0.8456	0.243966	-0.237744	60558.02	21.15
0.8450	0.243951	-0.237741	60561.02	21.14
0.8450	0.243987	-0.237727	60564.02	21.14
0.8483	0.243998	-0.237717	60567.02	21.22
0.8456	0.244029	-0.237747	60570.02	21.15
0.8445	0.243955	-0.237778	60573.02	21.13
0.8483	0.244019	-0.237729	60576.02	21.22
0.8511	0.244022	-0.237711	60579.02	21.29
0.8494	0.243997	-0.237711	60582.02	21.25
0.8500	0.244025	-0.237686	60585.02	21.26
0.8494	0.244022	-0.237759	60588.02	21.25
0.8500	0.243970	-0.237762	60591.02	21.26
0.8450	0.243985	-0.237768	60594.02	21.14
0.8483	0.244036	-0.237768	60597.02	21.22
0.8483	0.243999	-0.237710	60600.02	21.22
0.8494	0.244037	-0.237679	60603.02	21.25
0.8456	0.244054	-0.237733	60606.02	21.15
0.8461	0.244095	-0.237758	60609.02	21.17
0.8489	0.244103	-0.237752	60612.02	21.23
0.8521	0.244040	-0.237771	60615.02	21.32
0.8500	0.244029	-0.237739	60618.02	21.26
0.8483	0.244133	-0.237722	60621.02	21.22
0.8456	0.244065	-0.237771	60624.02	21.15
0.8456	0.244066	-0.237734	60627.02	21.15
0.8489	0.244036	-0.237811	60630.02	21.23
0.8483	0.244047	-0.237768	60633.02	21.22
0.8500	0.244059	-0.237737	60636.02	21.26
0.8489	0.244048	-0.237793	60639.02	21.23
0.8494	0.244075	-0.237793	60642.02	21.25
0.8461	0.244063	-0.237801	60645.02	21.17
0.8500	0.244078	-0.237788	60648.02	21.26
0.8494	0.244091	-0.237771	60651.02	21.25
0.8516	0.244007	-0.237782	60654.02	21.30
0.8483	0.244034	-0.237824	60657.02	21.22
0.8483	0.244021	-0.237748	60660.02	21.22
0.8505	0.244018	-0.237782	60663.02	21.27
0.8483	0.244072	-0.237788	60666.02	21.22
0.8483	0.244067	-0.237730	60669.02	21.22
0.8483	0.244098	-0.237806	60672.02	21.22
0.8516	0.244085	-0.237739	60675.02	21.30
0.8494	0.244050	-0.237747	60678.02	21.25
0.8478	0.244044	-0.237801	60681.02	21.21
0.8505	0.244047	-0.237787	60684.02	21.27
0.8489	0.244067	-0.237803	60687.02	21.23
0.8500	0.244072	-0.237794	60690.02	21.26
0.8505	0.244061	-0.237787	60693.02	21.27
0.8505	0.244083	-0.237748	60696.02	21.27
0.8500	0.244085	-0.237764	60699.02	21.26
0.8511	0.244078	-0.237837	60702.02	21.29
0.8494	0.244054	-0.237808	60705.02	21.25
0.8494	0.244089	-0.237830	60708.02	21.25
0.8478	0.244082	-0.237798	60711.02	21.21
0.8505	0.244060	-0.237855	60714.02	21.27
0.8516	0.244060	-0.237806	60717.02	21.30
0.8483	0.244062	-0.237784	60720.02	21.22
0.8505	0.244085	-0.237817	60723.02	21.27
0.8483	0.244107	-0.237852	60726.02	21.22
0.8494	0.244092	-0.237836	60729.02	21.25
0.8500	0.244135	-0.237825	60732.02	21.26
0.8505	0.244132	-0.237835	60735.02	21.27
0.8505	0.244100	-0.237833	60738.02	21.27
0.8505	0.244144	-0.237800	60741.02	21.27
0.8478	0.244132	-0.237832	60744.02	21.21
0.8511	0.244152	-0.237810	60747.02	21.29
0.8483	0.244145	-0.237894	60750.02	21.22
0.8505	0.244130	-0.237865	60753.02	21.27
0.8505	0.244133	-0.237908	60756.02	21.27
0.8543	0.244156	-0.237887	60759.02	21.37
0.8516	0.244148	-0.237849	60762.02	21.30
0.8489	0.244193	-0.237843	60765.02	21.23
0.8511	0.244173	-0.237795	60768.02	21.29
0.8500	0.244175	-0.237841	60771.02	21.26
0.8505	0.244134	-0.237793	60774.02	21.27
0.8521	0.244199	-0.237813	60777.02	21.32
0.8489	0.244134	-0.237770	60780.02	21.23
0.8511	0.244163	-0.237834	60783.02	21.29
0.8500	0.244215	-0.237825	60786.02	21.26
0.8516	0.244149	-0.237864	60789.02	21.30
0.8511	0.244168	-0.237842	60792.02	21.29
0.8516	0.244170	-0.237868	60795.02	21.30
0.8511	0.244158	-0.237827	60798.02	21.29
0.8505	0.244160	-0.237842	60801.02	21.27
0.8505	0.244158	-0.237875	60804.02	21.27
0.8516	0.244103	-0.237823	60807.02	21.30
0.8516	0.244154	-0.237874	60810.02	21.30
0.8516	0.244162	-0.237817	60813.02	21.30
0.8521	0.244194	-0.237909	60816.02	21.32
0.8521	0.244166	-0.237854	60819.02	21.32
0.8505	0.244177	-0.237910	60822.02	21.27
0.8527	0.244154	-0.237881	60825.02	21.33
0.8511	0.244193	-0.237850	60828.02	21.29
0.8532	0.244210	-0.237846	60831.02	21.34
0.8532	0.244243	-0.237877	60834.02	21.34
0.8521	0.244235	-0.237859	60837.02	21.32
0.8521	0.244172	-0.237821	60840.02	21.32
0.8538	0.244181	-0.237825	60843.02	21.36
0.8527	0.244235	-0.237866	60846.02	21.33
0.8511	0.244223	-0.237842	60849.02	21.29
0.8511	0.244220	-0.237841	60852.02	21.29
0.8527	0.244267	-0.237849	60855.02	21.33
0.8516	0.244177	-0.237850	60858.02	21.30
0.8511	0.244186	-0.237839	60861.02	21.29
0.8527	0.244195	-0.237821	60864.02	21.33
0.8516	0.244212	-0.237870	60867.02	21.30
0.8505	0.244201	-0.237849	60870.02	21.27
0.8511	0.244201	-0.237823	60873.02	21.29
0.8521	0.244227	-0.237905	60876.02	21.32
0.8511	0.244294	-0.237931	60879.02	21.29
0.8521	0.244282	-0.237938	60882.02	21.32
0.8543	0.244340	-0.237935	60885.02	21.37
0.8516	0.244340	-0.237965	60888.02	21.30
0.8532	0.244245	-0.237901	60891.02	21.34
0.8538	0.244342	-0.238023	60894.02	21.36
0.8505	0.244299	-0.238001	60897.02	21.27
0.8532	0.244278	-0.237963	60900.02	21.34
0.8516	0.244315	-0.237973	60903.02	21.30
0.8527	0.244301	-0.237987	60906.02	21.33
0.8521	0.244275	-0.238000	60909.02	21.32
0.8521	0.244290	-0.237937	60912.02	21.32
0.8532	0.244371	-0.237914	60915.02	21.34
0.8511	0.244342	-0.238019	60918.02	21.29
0.8532	0.244430	-0.238030	60921.02	21.34
0.8516	0.244400	-0.237976	60924.02	21.30
0.8505	0.244377	-0.237976	60927.02	21.27
0.8532	0.244326	-0.237976	60930.02	21.34
0.8543	0.244414	-0.237995	60933.02	21.37
0.8521	0.244397	-0.238062	60936.02	21.32
0.8527	0.244344	-0.237983	60939.02	21.33
0.8532	0.244369	-0.238058	60942.02	21.34
0.8532	0.244357	-0.238051	60945.02	21.34
0.8532	0.244360	-0.238041	60948.02	21.34
0.8527	0.244414	-0.237997	60951.02	21.33
0.8538	0.244318	-0.238028	60954.02	21.36
0.8549	0.244385	-0.238036	60957.02	21.38
0.8538	0.244367	-0.238090	60960.02	21.36
0.8532	0.244381	-0.238024	60963.02	21.34
0.8532	0.244356	-0.238079	60966.02	21.34
0.8532	0.244378	-0.238059	60969.02	21.34
0.8532	0.244362	-0.238051	60972.02	21.34
0.8532	0.244348	-0.238057	60975.02	21.34
0.8532	0.244381	-0.238013	60978.02	21.34
0.8549	0.244350	-0.238078	60981.02	21.38
0.8527	0.244404	-0.238060	60984.02	21.33
0.8549	0.244359	-0.238065	60987.02	21.38
0.8538	0.244386	-0.238047	60990.02	21.36
0.8549	0.244387	-0.238035	60993.02	21.38
0.8516	0.244370	-0.238046	60996.02	21.30
0.8538	0.244378	-0.237999	60999.02	21.36
0.8538	0.244400	-0.238000	61002.02	21.36
0.8532	0.244404	-0.238049	61005.02	21.34
0.8554	0.244370	-0.238090	61008.02	21.40
0.8527	0.244427	-0.238023	61011.02	21.33
0.8554	0.244392	-0.238035	61014.02	21.40
0.8516	0.244440	-0.238017	61017.02	21.30
0.8543	0.244406	-0.238020	61020.02	21.37
0.8521	0.244374	-0.238025	61023.02	21.32
0.8532	0.244343	-0.238054	61026.02	21.34
0.8560	0.244378	-0.238031	61029.02	21.41
0.8527	0.244396	-0.238036	61032.02	21.33
0.8549	0.244373	-0.238070	61035.02	21.38
0.8565	0.244379	-0.238059	61038.02	21.42
0.8571	0.244437	-0.238071	61041.02	21.44
0.8538	0.244391	-0.238111	61044.02	21.36
0.8554	0.244432	-0.238101	61047.02	21.40
0.8560	0.244412	-0.238099	61050.02	21.41
0.8554	0.244424	-0.238085	61053.02	21.40
0.8565	0.244427	-0.238028	61056.02	21.42
0.8543	0.244385	-0.238053	61059.02	21.37
0.8571	0.244407	-0.238055	61062.02	21.44
0.8538	0.244408	-0.238016	61065.02	21.36
0.8538	0.244443	-0.238068	61068.02	21.36
0.8571	0.244378	-0.237976	61071.02	21.44
0.8527	0.244406	-0.238033	61074.02	21.33
0.8549	0.244434	-0.238009	61077.02	21.38
0.8532	0.244406	-0.238031	61080.02	21.34
0.8554	0.244472	-0.238067	61083.02	21.40
0.8554	0.244425	-0.238029	61086.02	21.40
0.8565	0.244446	-0.238101	61089.02	21.42
0.8521	0.244495	-0.238064	61092.02	21.32
0.8554	0.244491	-0.238086	61095.02	21.40
0.8549	0.244437	-0.238037	61098.02	21.38
0.8554	0.244417	-0.238092	61101.02	21.40
0.8576	0.244415	-0.238087	61104.02	21.45
0.8543	0.244402	-0.238214	61107.02	21.37
0.8549	0.244467	-0.238168	61110.02	21.38
0.8554	0.244460	-0.238169	61113.11	21.40
0.8543	0.244469	-0.238096	61116.02	21.37
