0.8707	0.024086	0.003921	40403.25	21.78
0.8691	0.024028	0.003657	40406.25	21.74
0.8686	0.024377	0.003849	40409.25	21.72
0.8697	0.024168	0.004497	40412.25	21.75
0.8686	0.024609	0.004341	40415.25	21.72
0.8697	0.024737	0.004283	40418.25	21.75
0.8702	0.025030	0.004669	40421.25	21.76
0.8696	0.025734	0.005773	40424.25	21.75
0.8686	0.025393	0.004721	40427.25	21.72
0.8702	0.024840	0.004626	40430.25	21.76
0.8675	0.025403	0.004819	40433.25	21.70
0.8702	0.025381	0.005547	40436.25	21.76
0.8702	0.025404	0.005361	40439.25	21.76
0.8702	0.025699	0.004980	40442.25	21.76
0.8686	0.025829	0.005678	40445.25	21.72
0.8724	0.025726	0.005553	40448.25	21.82
0.8691	0.025689	0.005199	40451.25	21.74
0.8707	0.026137	0.005579	40454.25	21.78
0.8702	0.026312	0.005763	40457.25	21.76
0.8691	0.026200	0.005958	40460.25	21.74
0.8702	0.026695	0.005876	40463.25	21.76
0.8691	0.026282	0.006200	40466.25	21.74
0.8691	0.026418	0.005979	40469.25	21.74
0.8718	0.026428	0.006268	40472.25	21.80
0.8702	0.026483	0.006169	40475.25	21.76
0.8702	0.026615	0.006321	40478.25	21.76
0.8735	0.026781	0.006588	40481.25	21.85
0.8696	0.026324	0.006025	40484.25	21.75
0.8718	0.026644	0.005886	40487.25	21.80
0.8724	0.026640	0.006027	40490.25	21.82
0.8702	0.026751	0.006282	40493.25	21.76
0.8702	0.027035	0.006971	40496.25	21.76
0.8697	0.027646	0.007380	40499.25	21.75
0.8697	0.027407	0.006489	40502.25	21.75
0.8691	0.027017	0.006499	40505.25	21.74
0.8724	0.027455	0.006905	40508.25	21.82
0.8718	0.027268	0.006868	40511.25	21.80
0.8691	0.027580	0.006811	40514.25	21.74
0.8735	0.027000	0.007148	40517.25	21.85
0.8707	0.027240	0.007001	40520.25	21.78
0.8707	0.027683	0.007224	40523.25	21.78
0.8680	0.027443	0.006853	40526.25	21.71
0.8697	0.027523	0.007279	40529.25	21.75
0.8691	0.027374	0.007284	40532.25	21.74
0.8697	0.027778	0.007341	40535.25	21.75
0.8697	0.027868	0.007566	40538.25	21.75
0.8691	0.027951	0.007604	40541.25	21.74
0.8707	0.028117	0.007632	40544.25	21.78
0.8691	0.027541	0.007707	40547.25	21.74
0.8675	0.028012	0.007524	40550.25	21.70
0.8697	0.027782	0.007163	40553.25	21.75
0.8702	0.028113	0.007645	40556.25	21.76
0.8707	0.028049	0.007574	40559.25	21.78
0.8697	0.027933	0.007472	40562.25	21.75
0.8697	0.028316	0.008045	40565.25	21.75
0.8707	0.027895	0.007842	40568.25	21.78
0.8696	0.027773	0.007571	40571.25	21.75
0.8707	0.028179	0.007605	40574.25	21.78
0.8696	0.027622	0.007835	40577.25	21.75
0.8707	0.027984	0.007690	40580.25	21.78
0.8729	0.028165	0.007553	40583.25	21.83
0.8713	0.028065	0.007505	40586.25	21.79
0.8718	0.027933	0.007915	40589.25	21.80
0.8713	0.028083	0.007472	40592.25	21.79
0.8751	0.027707	0.007843	40595.25	21.89
0.8718	0.028302	0.007745	40598.25	21.80
0.8713	0.028067	0.007718	40601.25	21.79
0.8735	0.028228	0.007460	40604.25	21.85
0.8724	0.028419	0.007355	40607.25	21.82
0.8713	0.028254	0.007540	40610.25	21.79
0.8724	0.027941	0.007432	40613.25	21.82
0.8707	0.027747	0.007447	40616.25	21.78
0.8707	0.027809	0.007558	40619.25	21.78
0.8702	0.028083	0.007557	40622.25	21.76
0.8724	0.028471	0.007544	40625.25	21.82
0.8718	0.028415	0.007803	40628.25	21.80
0.8718	0.027873	0.007651	40631.25	21.80
0.8729	0.028073	0.007798	40634.25	21.83
0.8718	0.028388	0.007487	40637.25	21.80
0.8724	0.028910	0.007865	40640.25	21.82
0.8702	0.028852	0.008157	40643.25	21.76
0.8735	0.028409	0.007781	40646.25	21.85
0.8740	0.028369	0.007863	40649.25	21.86
0.8718	0.028654	0.007785	40652.25	21.80
0.8718	0.028379	0.008032	40655.25	21.80
0.8729	0.028270	0.007545	40658.25	21.83
0.8724	0.028582	0.007889	40661.25	21.82
0.8735	0.028661	0.007733	40664.25	21.85
0.8751	0.028689	0.008186	40667.25	21.89
0.8729	0.028689	0.007650	40670.25	21.83
0.8735	0.028952	0.008511	40673.25	21.85
0.8718	0.029379	0.007866	40676.25	21.80
0.8686	0.029034	0.008722	40679.25	21.72
0.8691	0.029047	0.008278	40682.25	21.74
0.8675	0.029019	0.008462	40685.25	21.70
0.8658	0.028996	0.008278	40688.25	21.66
0.8664	0.029139	0.008162	40691.25	21.67
0.8653	0.029082	0.008392	40694.25	21.64
0.8653	0.029416	0.008339	40697.25	21.64
0.8675	0.028810	0.008256	40700.25	21.70
0.8636	0.028896	0.008236	40703.25	21.60
0.8636	0.029105	0.008317	40706.25	21.60
0.8642	0.028813	0.007944	40709.25	21.61
0.8664	0.028703	0.007980	40712.25	21.67
0.8636	0.028829	0.007954	40715.25	21.60
0.8631	0.028783	0.008362	40718.25	21.59
0.8631	0.028732	0.007895	40721.25	21.59
0.8631	0.028807	0.007910	40724.25	21.59
0.8625	0.029290	0.008050	40727.25	21.57
0.8636	0.028736	0.008245	40730.25	21.60
0.8631	0.028831	0.008310	40733.25	21.59
0.8625	0.028596	0.008116	40736.25	21.57
0.8636	0.028726	0.008099	40739.25	21.60
0.8620	0.028826	0.008309	40742.25	21.56
0.8631	0.028673	0.008222	40745.25	21.59
0.8620	0.028647	0.007797	40748.25	21.56
0.8625	0.028813	0.008091	40751.25	21.57
0.8625	0.028162	0.007910	40754.25	21.57
0.8625	0.028878	0.008045	40757.25	21.57
0.8642	0.028432	0.008350	40760.25	21.61
0.8620	0.028368	0.007503	40763.25	21.56
0.8631	0.028396	0.007710	40766.25	21.59
0.8642	0.028155	0.007615	40769.25	21.61
0.8636	0.028259	0.007433	40772.25	21.60
0.8631	0.029253	0.008242	40775.25	21.59
0.8620	0.028258	0.007869	40778.25	21.56
0.8636	0.028641	0.008069	40781.25	21.60
0.8631	0.028391	0.007826	40784.25	21.59
0.8636	0.028463	0.007529	40787.25	21.60
0.8631	0.028488	0.007902	40790.25	21.59
0.8636	0.027920	0.008082	40793.25	21.60
0.8647	0.028140	0.007669	40796.25	21.63
0.8658	0.028401	0.007973	40799.25	21.66
0.8631	0.028042	0.007688	40802.25	21.59
0.8653	0.028271	0.007474	40805.25	21.64
0.8647	0.028114	0.007983	40808.25	21.63
0.8653	0.028321	0.007351	40811.25	21.64
0.8642	0.028139	0.007681	40814.25	21.61
0.8642	0.028244	0.007569	40817.25	21.61
0.8669	0.028519	0.007964	40820.25	21.68
0.8664	0.028479	0.007931	40823.25	21.67
0.8669	0.028282	0.007796	40826.25	21.68
0.8669	0.028629	0.008056	40829.25	21.68
0.8653	0.028232	0.007989	40832.25	21.64
0.8658	0.028167	0.007573	40835.25	21.66
0.8658	0.027988	0.007805	40838.25	21.66
0.8653	0.028021	0.007828	40841.25	21.64
0.8658	0.028071	0.007824	40844.25	21.66
0.8664	0.028251	0.007493	40847.25	21.67
0.8675	0.028000	0.007580	40850.25	21.70
0.8658	0.027982	0.007628	40853.25	21.66
0.8658	0.027873	0.007224	40856.25	21.66
0.8647	0.027422	0.007111	40859.25	21.63
0.8664	0.027464	0.006994	40862.25	21.67
0.8658	0.027390	0.007410	40865.25	21.66
0.8647	0.027166	0.006734	40868.25	21.63
0.8664	0.027198	0.007024	40871.25	21.67
0.8675	0.027069	0.006555	40874.25	21.70
0.8664	0.027137	0.007080	40877.25	21.67
0.8680	0.027497	0.006528	40880.25	21.71
0.8664	0.027558	0.007019	40883.25	21.67
0.8669	0.027260	0.006475	40886.25	21.68
0.8658	0.027247	0.006556	40889.25	21.66
0.8675	0.027169	0.006511	40892.25	21.70
0.8669	0.026972	0.006657	40895.25	21.68
0.8669	0.027281	0.007558	40898.25	21.68
0.8658	0.026902	0.006554	40901.25	21.66
0.8664	0.027061	0.006312	40904.25	21.67
0.8680	0.026703	0.006238	40907.25	21.71
0.8664	0.026919	0.006344	40910.25	21.67
0.8658	0.027053	0.006468	40913.25	21.66
0.8669	0.027093	0.006583	40916.25	21.68
0.8680	0.026854	0.006772	40919.25	21.71
0.8664	0.026973	0.006896	40922.25	21.67
0.8669	0.026919	0.006351	40925.25	21.68
0.8686	0.026649	0.006808	40928.25	21.72
0.8675	0.027065	0.007144	40931.25	21.70
0.8675	0.027802	0.007214	40934.25	21.70
0.8653	0.027950	0.007168	40937.25	21.64
0.8664	0.027745	0.007076	40940.25	21.67
0.8658	0.027735	0.007244	40943.25	21.66
0.8675	0.027636	0.007244	40946.25	21.70
0.8653	0.027704	0.007320	40949.25	21.64
0.8653	0.027582	0.007136	40952.25	21.64
0.8658	0.027767	0.007279	40955.25	21.66
0.8669	0.027348	0.007460	40958.25	21.68
0.8658	0.027550	0.007453	40961.25	21.66
0.8653	0.027594	0.007591	40964.25	21.64
0.8669	0.027629	0.007079	40967.25	21.68
0.8653	0.028260	0.007438	40970.25	21.64
0.8658	0.027697	0.007113	40973.25	21.66
0.8658	0.027461	0.007595	40976.25	21.66
0.8680	0.027863	0.007554	40979.25	21.71
0.8675	0.027843	0.007005	40982.25	21.70
0.8658	0.027664	0.007464	40985.25	21.66
0.8658	0.027442	0.007404	40988.25	21.66
0.8664	0.027890	0.007543	40991.25	21.67
0.8658	0.027945	0.007480	40994.25	21.66
0.8664	0.027009	0.007001	40997.25	21.67
0.8669	0.026906	0.007380	41000.25	21.68
0.8664	0.027536	0.007248	41003.25	21.67
0.8675	0.027753	0.007255	41006.25	21.70
0.8680	0.027517	0.006839	41009.25	21.71
0.8664	0.027467	0.006910	41012.25	21.67
0.8664	0.027602	0.007127	41015.25	21.67
0.8680	0.027453	0.007077	41018.25	21.71
0.8664	0.027646	0.006934	41021.25	21.67
0.8653	0.027318	0.007377	41024.25	21.64
0.8669	0.027471	0.006899	41027.25	21.68
0.8680	0.027724	0.007197	41030.25	21.71
0.8658	0.027715	0.007036	41033.25	21.66
0.8691	0.027256	0.007518	41036.25	21.74
0.8669	0.027354	0.007324	41039.25	21.68
0.8664	0.027191	0.007128	41042.25	21.67
0.8664	0.027372	0.007328	41045.25	21.67
0.8675	0.027269	0.006959	41048.25	21.70
0.8664	0.027467	0.007087	41051.25	21.67
0.8664	0.027575	0.007287	41054.25	21.67
0.8658	0.027806	0.007388	41057.25	21.66
0.8664	0.027718	0.007013	41060.25	21.67
0.8664	0.027400	0.007062	41063.25	21.67
0.8658	0.027707	0.007085	41066.25	21.66
0.8658	0.027600	0.007330	41069.25	21.66
0.8664	0.027574	0.007433	41072.25	21.67
0.8647	0.027394	0.007431	41075.25	21.63
