2.2496	0.015790	-0.007744	55663.91	55.51
2.2583	0.015877	-0.006510	55669.19	55.72
2.2594	0.015968	-0.007175	55670.39	55.75
2.2655	0.015991	-0.006396	55672.80	55.90
2.2655	0.015942	-0.007895	55675.20	55.90
2.2687	0.015937	-0.007923	55677.61	55.98
2.2709	0.015930	-0.007316	55680.02	56.03
2.2731	0.015866	-0.006439	55681.22	56.08
2.2753	0.015923	-0.006463	55683.63	56.13
2.2759	0.015990	-0.006575	55686.03	56.15
2.2791	0.015819	-0.006417	55688.44	56.23
2.2824	0.015055	-0.006420	55689.64	56.31
2.2824	0.015883	-0.006446	55692.05	56.31
2.2852	0.016013	-0.006388	55693.25	56.37
2.2857	0.015936	-0.006436	55695.66	56.38
2.2873	0.015956	-0.006441	55696.86	56.42
2.2895	0.015924	-0.006383	55699.27	56.48
2.2917	0.016136	-0.006190	55700.47	56.53
2.2934	0.016277	-0.006188	55702.88	56.57
2.2928	0.016304	-0.006101	55704.08	56.56
2.2950	0.016210	-0.006179	55706.48	56.61
2.2977	0.016232	-0.006126	55707.69	56.68
2.2961	0.016321	-0.006087	55708.89	56.64
2.2988	0.016318	-0.006224	55710.09	56.70
2.2999	0.016074	-0.006456	55711.30	56.73
2.3016	0.016055	-0.006582	55712.50	56.77
2.3010	0.016073	-0.006376	55713.70	56.75
2.3027	0.016102	-0.006417	55716.11	56.79
2.3027	0.016054	-0.006365	55718.52	56.79
2.3032	0.015974	-0.006328	55720.92	56.81
2.3054	0.016114	-0.006373	55722.13	56.86
2.3065	0.016012	-0.006410	55724.53	56.89
2.3059	0.016029	-0.006391	55726.94	56.87
2.3070	0.016013	-0.006406	55728.14	56.90
2.3070	0.015987	-0.006359	55730.55	56.90
2.3043	0.015955	-0.006352	55731.75	56.83
2.3070	0.016100	-0.006248	55734.16	56.90
2.3081	0.016063	-0.006399	55736.56	56.93
2.3059	0.016067	-0.006433	55737.77	56.87
2.3087	0.016172	-0.006321	55740.17	56.94
2.3070	0.016137	-0.006241	55741.38	56.90
2.3103	0.016019	-0.006336	55743.78	56.98
2.3081	0.016023	-0.006430	55746.19	56.93
2.3065	0.015976	-0.006434	55747.39	56.89
2.3070	0.016006	-0.006440	55748.59	56.90
2.3059	0.016102	-0.006441	55749.80	56.87
2.3059	0.015990	-0.006424	55752.20	56.87
2.3059	0.015927	-0.006350	55753.41	56.87
2.3043	0.016063	-0.006390	55755.81	56.83
2.3043	0.016004	-0.006305	55758.22	56.83
2.3043	0.016152	-0.006230	55759.42	56.83
2.3037	0.016172	-0.006247	55760.63	56.82
2.3032	0.016098	-0.006304	55763.03	56.81
2.3032	0.016080	-0.006336	55765.44	56.81
2.3021	0.016075	-0.006358	55766.64	56.78
2.3016	0.016046	-0.006312	55767.84	56.77
2.3005	0.016026	-0.006333	55769.05	56.74
2.3016	0.016029	-0.006369	55770.25	56.77
2.3005	0.016077	-0.006406	55771.45	56.74
2.2988	0.015998	-0.006379	55773.86	56.70
2.2994	0.015955	-0.006367	55775.06	56.71
2.2972	0.015941	-0.006501	55777.47	56.66
2.2983	0.015892	-0.006464	55778.67	56.69
2.2961	0.015979	-0.006440	55781.08	56.64
2.2966	0.015976	-0.006453	55782.28	56.65
2.2945	0.016049	-0.006453	55784.69	56.60
2.2934	0.015909	-0.006445	55785.89	56.57
2.2934	0.015990	-0.006415	55787.09	56.57
2.2928	0.015988	-0.006335	55788.30	56.56
2.2923	0.016007	-0.006441	55790.70	56.54
2.2884	0.016109	-0.006401	55793.11	56.45
2.2884	0.015996	-0.006398	55795.52	56.45
2.2879	0.016013	-0.006419	55796.72	56.44
2.2879	0.016009	-0.006355	55797.92	56.44
2.2835	0.016054	-0.006391	55800.33	56.33
2.2835	0.015996	-0.006314	55802.73	56.33
2.2813	0.016069	-0.006312	55805.14	56.28
2.2813	0.016062	-0.006372	55806.34	56.28
2.2791	0.016072	-0.006361	55807.55	56.23
2.2797	0.016033	-0.006373	55808.75	56.24
2.2769	0.015897	-0.006380	55811.16	56.17
2.2769	0.015922	-0.006299	55812.36	56.17
2.2764	0.016023	-0.006349	55814.77	56.16
2.2731	0.016091	-0.006331	55817.17	56.08
2.2720	0.016069	-0.006231	55819.58	56.05
2.2698	0.016103	-0.006318	55821.98	56.00
2.2693	0.016088	-0.006275	55824.39	55.99
2.2682	0.016220	-0.006279	55826.80	55.96
2.2655	0.016043	-0.006244	55829.20	55.90
2.2655	0.016073	-0.006230	55830.41	55.90
2.2633	0.016181	-0.006236	55832.81	55.84
2.2638	0.016075	-0.006212	55834.02	55.86
2.2594	0.016167	-0.006226	55836.42	55.75
2.2578	0.016190	-0.006129	55837.63	55.71
2.2583	0.016216	-0.006131	55840.03	55.72
2.2562	0.016208	-0.006145	55841.23	55.67
2.2540	0.016292	-0.006131	55842.44	55.62
2.2540	0.016128	-0.006234	55844.84	55.62
2.2529	0.016172	-0.006185	55847.25	55.59
2.2491	0.016144	-0.006130	55848.45	55.50
2.2496	0.016085	-0.006201	55850.86	55.51
2.2469	0.016085	-0.006211	55852.06	55.45
2.2452	0.016166	-0.006202	55854.47	55.41
2.2447	0.016113	-0.006152	55855.67	55.39
2.2430	0.016151	-0.006220	55858.08	55.35
2.2414	0.016136	-0.006247	55859.28	55.31
2.2408	0.016132	-0.006148	55861.69	55.30
2.2392	0.016230	-0.006138	55862.89	55.26
2.2387	0.016203	-0.006134	55864.09	55.25
2.2365	0.016211	-0.006021	55865.30	55.20
2.2370	0.016253	-0.006114	55866.50	55.21
2.2365	0.016188	-0.006071	55867.70	55.20
2.2332	0.016148	-0.006109	55870.11	55.12
2.2305	0.016076	-0.006188	55872.52	55.05
2.2299	0.016139	-0.006168	55873.72	55.04
2.2283	0.016205	-0.006209	55874.92	55.00
2.2283	0.016240	-0.005857	55877.33	55.00
2.2239	0.016586	-0.005700	55879.73	54.89
2.2233	0.016676	-0.005669	55882.14	54.88
2.2228	0.016573	-0.005691	55883.34	54.87
2.2217	0.016723	-0.005646	55884.55	54.84
2.2217	0.016664	-0.005611	55885.75	54.84
2.2190	0.016639	-0.005709	55888.16	54.77
2.2173	0.016575	-0.005694	55889.36	54.73
2.2146	0.016531	-0.006031	55891.77	54.67
2.2124	0.016171	-0.006139	55894.17	54.61
2.2113	0.016126	-0.006147	55896.58	54.59
2.2102	0.016222	-0.006132	55897.78	54.56
2.2080	0.016083	-0.006207	55900.19	54.51
2.2047	0.016353	-0.006195	55902.59	54.43
2.2053	0.016192	-0.006173	55903.80	54.44
2.2037	0.016135	-0.006128	55906.20	54.40
2.2004	0.016095	-0.006137	55907.41	54.32
2.1982	0.016303	-0.006070	55909.81	54.27
2.1971	0.016182	-0.006105	55912.22	54.24
2.1949	0.016242	-0.006090	55914.63	54.19
2.1955	0.016132	-0.006067	55915.83	54.20
2.1922	0.016213	-0.006060	55917.03	54.13
2.1894	0.016256	-0.006022	55919.44	54.06
2.1883	0.016257	-0.006080	55920.64	54.03
2.1894	0.016248	-0.006058	55921.84	54.06
2.1856	0.016279	-0.006037	55923.05	53.97
2.1851	0.016178	-0.006025	55924.25	53.95
2.1856	0.016130	-0.005862	55925.45	53.97
2.1818	0.016495	-0.006085	55927.86	53.87
2.1812	0.016170	-0.005985	55930.27	53.86
2.1785	0.016205	-0.006121	55931.47	53.79
2.1801	0.016293	-0.005915	55932.67	53.83
2.1769	0.016559	-0.005801	55935.08	53.76
2.1774	0.016317	-0.005861	55936.28	53.77
2.1741	0.016415	-0.005971	55938.69	53.69
2.1730	0.016287	-0.006044	55939.89	53.66
2.1725	0.016246	-0.005994	55941.09	53.65
2.1708	0.016196	-0.005939	55942.30	53.61
2.1714	0.016283	-0.006078	55943.50	53.62
2.1703	0.016148	-0.006006	55944.70	53.60
2.1681	0.016218	-0.006038	55945.91	53.54
2.1665	0.016110	-0.006052	55948.31	53.50
2.1670	0.016210	-0.006021	55950.72	53.52
2.1632	0.016195	-0.006025	55951.92	53.42
2.1632	0.016250	-0.006044	55954.33	53.42
2.1615	0.016216	-0.006044	55956.73	53.38
2.1594	0.016365	-0.006052	55959.14	53.33
2.1577	0.016247	-0.006124	55960.34	53.29
2.1572	0.016178	-0.005966	55961.55	53.28
2.1572	0.016158	-0.006014	55962.75	53.28
2.1555	0.016201	-0.006022	55965.16	53.24
2.1528	0.016222	-0.005797	55967.56	53.17
2.1501	0.016207	-0.005973	55969.97	53.11
2.1506	0.016211	-0.006015	55971.17	53.12
2.1490	0.016111	-0.006061	55973.58	53.08
2.1468	0.016165	-0.006068	55975.98	53.03
2.1457	0.016169	-0.005945	55978.39	53.00
2.1462	0.016294	-0.005830	55979.59	53.01
2.1435	0.016290	-0.005968	55980.80	52.95
2.1440	0.016286	-0.005949	55982.00	52.96
2.1418	0.016320	-0.005935	55984.41	52.91
2.1386	0.016259	-0.005952	55986.81	52.83
2.1375	0.016218	-0.005957	55989.22	52.80
2.1364	0.016184	-0.006061	55991.63	52.78
2.1326	0.016102	-0.006075	55994.03	52.68
2.1309	0.016147	-0.006062	55996.44	52.64
2.1304	0.016140	-0.006044	55997.64	52.63
2.1293	0.016237	-0.005982	55998.84	52.60
2.1282	0.016168	-0.006007	56000.05	52.58
2.1238	0.016154	-0.005952	56002.45	52.47
2.1249	0.016166	-0.006087	56004.86	52.50
2.1216	0.016082	-0.006048	56006.06	52.42
2.1211	0.016115	-0.006057	56008.47	52.41
2.1189	0.016116	-0.006036	56009.67	52.35
2.1167	0.016217	-0.006017	56012.08	52.30
2.1161	0.016167	-0.006007	56013.28	52.29
2.1140	0.016245	-0.005952	56015.69	52.23
2.1134	0.016205	-0.005982	56016.89	52.22
2.1107	0.016157	-0.005979	56018.09	52.15
2.1118	0.016183	-0.005988	56019.30	52.18
2.1079	0.016192	-0.005936	56020.50	52.09
2.1074	0.016123	-0.005929	56021.70	52.07
2.1063	0.016158	-0.005980	56024.11	52.05
2.1063	0.016230	-0.005976	56026.52	52.05
2.1025	0.016249	-0.005974	56027.72	51.96
2.1014	0.016199	-0.005975	56028.92	51.93
2.0975	0.016231	-0.005996	56031.33	51.84
2.0981	0.016208	-0.005968	56033.73	51.85
2.0943	0.016247	-0.005916	56036.14	51.76
2.0965	0.016266	-0.005940	56037.34	51.81
2.0948	0.016209	-0.005993	56038.55	51.77
2.0926	0.016276	-0.005798	56039.75	51.72
2.0910	0.016265	-0.005848	56042.16	51.68
2.0893	0.016280	-0.005746	56043.36	51.64
2.0899	0.016380	-0.005857	56045.77	51.65
2.0866	0.016448	-0.005634	56048.17	51.57
2.0855	0.016574	-0.005732	56050.58	51.55
2.0866	0.016374	-0.006030	56051.78	51.57
2.0839	0.016137	-0.006008	56054.19	51.51
2.0822	0.016204	-0.005960	56055.39	51.47
2.0800	0.016156	-0.005996	56056.59	51.41
2.0806	0.016097	-0.006013	56057.80	51.43
2.0779	0.015998	-0.005895	56059.00	51.36
2.0795	0.016185	-0.005934	56060.20	51.40
2.0768	0.016237	-0.005952	56061.41	51.33
2.0735	0.016152	-0.006000	56063.81	51.25
2.0713	0.016003	-0.005953	56066.22	51.20
2.0718	0.016096	-0.005949	56067.42	51.21
2.0686	0.016243	-0.005898	56068.63	51.13
2.0658	0.016130	-0.006056	56071.03	51.07
2.0647	0.016002	-0.006043	56073.44	51.04
2.0647	0.016053	-0.005977	56074.64	51.04
2.0614	0.016097	-0.006031	56075.84	50.96
2.0604	0.016103	-0.005973	56077.05	50.94
2.0604	0.016118	-0.006105	56078.25	50.94
2.0554	0.016197	-0.005900	56080.66	50.82
2.0571	0.016182	-0.005922	56083.06	50.86
2.0543	0.016153	-0.005961	56085.47	50.79
2.0516	0.016138	-0.005933	56086.67	50.72
2.0494	0.016066	-0.005944	56089.08	50.67
2.0483	0.016140	-0.005914	56090.28	50.64
2.0467	0.016117	-0.005862	56092.69	50.61
2.0439	0.016177	-0.005960	56095.09	50.54
2.0423	0.016315	-0.005918	56096.30	50.50
2.0429	0.016174	-0.006021	56097.50	50.51
2.0390	0.016316	-0.005615	56099.91	50.42
2.0363	0.016307	-0.005942	56102.31	50.35
2.0336	0.015995	-0.005946	56104.72	50.29
2.0341	0.016110	-0.005979	56105.92	50.30
2.0325	0.016127	-0.006103	56108.33	50.26
2.0286	0.016099	-0.006015	56110.73	50.17
2.0243	0.016106	-0.006048	56113.14	50.06
2.0204	0.016094	-0.005975	56115.55	49.97
2.0204	0.015974	-0.005903	56116.75	49.97
2.0177	0.016075	-0.005972	56119.16	49.90
2.0171	0.016090	-0.005996	56120.36	49.89
2.0117	0.016042	-0.005917	56122.77	49.76
2.0106	0.016138	-0.005927	56125.17	49.73
2.0100	0.016042	-0.005979	56126.38	49.72
2.0068	0.016019	-0.005972	56128.78	49.64
2.0046	0.016067	-0.005926	56129.98	49.58
2.0029	0.016066	-0.005918	56131.19	49.54
2.0007	0.016151	-0.005962	56132.39	49.49
2.0007	0.016263	-0.005957	56133.59	49.49
1.9996	0.016099	-0.005816	56134.80	49.47
1.9958	0.016115	-0.005830	56137.20	49.37
1.9920	0.016209	-0.005865	56138.41	49.28
1.9882	0.016176	-0.005838	56140.81	49.19
1.9893	0.016185	-0.005903	56142.02	49.21
1.9849	0.016204	-0.005834	56144.42	49.11
1.9810	0.016126	-0.005846	56146.83	49.01
1.9827	0.016256	-0.005809	56148.03	49.05
1.9794	0.016189	-0.005862	56149.23	48.97
1.9783	0.016180	-0.005900	56150.45	48.95
1.9761	0.016199	-0.005946	56152.84	48.89
1.9723	0.016181	-0.005882	56155.25	48.80
1.9679	0.016045	-0.005945	56157.66	48.70
1.9663	0.016025	-0.005891	56158.86	48.66
1.9657	0.016089	-0.005678	56160.06	48.64
1.9581	0.016331	-0.005906	56162.47	48.46
1.9542	0.016110	-0.005837	56165.00	48.36
1.9575	0.016387	-0.005823	56166.20	48.44
1.9521	0.016198	-0.005848	56167.41	48.31
1.9499	0.016147	-0.005853	56169.81	48.26
1.9493	0.016140	-0.005858	56171.02	48.24
1.9471	0.016042	-0.005947	56172.22	48.19
1.9422	0.016199	-0.005972	56173.42	48.07
1.9389	0.016129	-0.005784	56174.63	47.99
1.9389	0.016073	-0.005685	56175.83	47.99
1.9346	0.016091	-0.005891	56177.03	47.89
1.9351	0.016120	-0.005932	56179.44	47.90
1.9318	0.016175	-0.005821	56180.64	47.82
1.9302	0.016040	-0.005908	56181.84	47.78
1.9296	0.016064	-0.005915	56183.05	47.77
1.9285	0.016025	-0.005896	56184.25	47.74
1.9214	0.016059	-0.005878	56186.66	47.57
1.9187	0.016047	-0.005886	56189.06	47.50
1.9149	0.016057	-0.006013	56190.27	47.41
1.9154	0.016017	-0.005983	56191.47	47.42
1.9127	0.015964	-0.005938	56192.67	47.36
1.9094	0.015985	-0.005926	56193.88	47.28
1.9067	0.016001	-0.005969	56195.08	47.21
1.9034	0.016049	-0.005961	56196.28	47.13
1.9001	0.016088	-0.005794	56198.81	47.05
1.8946	0.016170	-0.005752	56201.22	46.92
1.8908	0.016234	-0.005727	56203.63	46.82
1.8859	0.016132	-0.005698	56206.03	46.70
1.8788	0.016195	-0.005801	56208.44	46.53
1.8766	0.016064	-0.005767	56210.84	46.48
1.8695	0.016062	-0.005741	56213.25	46.31
1.8667	0.016132	-0.005756	56214.45	46.24
1.8651	0.016108	-0.005716	56216.86	46.20
1.8629	0.016089	-0.005701	56219.27	46.15
1.8552	0.016432	-0.005461	56221.67	45.96
1.8536	0.016042	-0.005687	56224.08	45.92
1.8498	0.016110	-0.005779	56225.28	45.83
1.8476	0.016047	-0.005894	56227.69	45.77
1.8405	0.016064	-0.005863	56230.09	45.60
1.8377	0.016064	-0.005778	56232.50	45.53
1.8312	0.016056	-0.005834	56234.91	45.38
1.8257	0.016153	-0.005786	56237.31	45.24
1.8224	0.016031	-0.005799	56238.52	45.16
1.8213	0.016069	-0.005783	56239.72	45.14
1.8137	0.016004	-0.005890	56242.13	44.95
1.8088	0.016002	-0.005799	56244.53	44.83
1.8027	0.016088	-0.005660	56246.94	44.68
1.7967	0.016129	-0.005736	56249.34	44.54
1.7918	0.016028	-0.005871	56251.75	44.42
1.7863	0.016013	-0.005740	56254.16	44.28
1.7831	0.015972	-0.005795	56256.56	44.20
1.7765	0.015905	-0.005853	56258.97	44.04
1.7716	0.016010	-0.005862	56261.38	43.92
1.7650	0.015938	-0.005747	56263.78	43.77
1.7612	0.015989	-0.005840	56266.19	43.67
1.7530	0.015971	-0.005801	56268.59	43.47
1.7480	0.015927	-0.005882	56271.00	43.35
1.7437	0.015952	-0.005698	56273.41	43.25
1.7404	0.016075	-0.005803	56274.61	43.17
1.7382	0.015914	-0.005756	56275.81	43.11
1.7344	0.016222	-0.005649	56278.22	43.02
1.7295	0.016341	-0.005601	56280.63	42.90
1.7251	0.016027	-0.005731	56283.03	42.79
1.7180	0.016181	-0.005697	56285.44	42.62
1.7109	0.015972	-0.005851	56287.84	42.45
1.7037	0.015910	-0.005740	56290.25	42.27
1.6972	0.015921	-0.005742	56292.66	42.11
1.6901	0.015952	-0.005812	56295.06	41.94
1.6879	0.015829	-0.005984	56297.47	41.89
1.6824	0.015727	-0.005972	56299.88	41.75
1.6753	0.015652	-0.005958	56302.28	41.58
1.6698	0.015615	-0.005928	56304.69	41.45
1.6660	0.015685	-0.005992	56305.89	41.35
1.6567	0.015798	-0.005896	56308.30	41.13
1.6534	0.015715	-0.005914	56310.70	41.05
1.6452	0.015909	-0.005949	56313.11	40.85
1.6441	0.015728	-0.006082	56314.31	40.82
1.6408	0.015677	-0.005975	56316.72	40.74
1.6348	0.015722	-0.005971	56317.92	40.59
1.6310	0.015838	-0.005929	56320.33	40.50
1.6244	0.015778	-0.005886	56322.73	40.34
1.6184	0.015793	-0.005822	56325.14	40.19
1.6168	0.015742	-0.005783	56326.34	40.15
1.6151	0.015793	-0.005752	56327.55	40.11
1.6113	0.015790	-0.005737	56328.75	40.02
1.6064	0.015819	-0.005912	56329.95	39.90
1.6058	0.015695	-0.005823	56331.16	39.88
1.6026	0.015852	-0.005874	56332.36	39.80
1.5960	0.015867	-0.005855	56334.77	39.64
1.5933	0.015725	-0.005853	56337.17	39.58
1.5894	0.015816	-0.005830	56338.38	39.48
1.5883	0.015880	-0.005705	56339.58	39.46
1.5878	0.015865	-0.005553	56340.78	39.44
1.5801	0.015764	-0.005942	56343.19	39.26
1.5758	0.015701	-0.005871	56345.59	39.15
1.5714	0.015793	-0.005874	56348.00	39.04
1.5697	0.015739	-0.005846	56349.20	39.00
1.5643	0.015768	-0.005763	56350.41	38.87
1.5659	0.015877	-0.005777	56351.61	38.91
1.5615	0.015749	-0.005797	56352.81	38.80
1.5610	0.015872	-0.005762	56354.02	38.79
1.5566	0.015819	-0.005737	56355.22	38.68
1.5528	0.015846	-0.005670	56356.42	38.59
1.5495	0.015692	-0.005793	56358.83	38.51
1.5484	0.015751	-0.005701	56360.03	38.48
1.5413	0.015733	-0.005778	56362.44	38.31
1.5413	0.015702	-0.005853	56363.64	38.31
1.5336	0.015684	-0.005890	56366.05	38.12
1.5265	0.015739	-0.005765	56367.25	37.94
1.5265	0.015709	-0.005820	56368.45	37.94
1.5282	0.015748	-0.005834	56369.66	37.99
1.5233	0.015744	-0.005726	56370.86	37.86
1.5189	0.015803	-0.005705	56372.06	37.76
1.5183	0.015751	-0.005774	56373.27	37.74
1.5112	0.015732	-0.005735	56374.47	37.57
1.5118	0.015846	-0.005768	56375.67	37.58
1.5030	0.015749	-0.005719	56376.88	37.37
1.5058	0.015782	-0.005715	56378.08	37.44
1.4986	0.015813	-0.005659	56379.28	37.26
1.4986	0.015831	-0.005758	56380.48	37.26
1.4910	0.015765	-0.005670	56381.69	37.07
1.4926	0.015771	-0.005756	56382.89	37.11
1.4910	0.015714	-0.005757	56384.09	37.07
1.4882	0.015754	-0.005745	56386.50	37.01
1.4817	0.015712	-0.005648	56387.70	36.85
1.4768	0.015804	-0.005683	56390.11	36.73
1.4713	0.015805	-0.005694	56391.31	36.59
1.4653	0.015733	-0.005625	56392.52	36.44
1.4620	0.015791	-0.005667	56394.92	36.36
1.4560	0.015811	-0.005714	56396.13	36.22
1.4560	0.015684	-0.005619	56397.33	36.22
1.4521	0.015797	-0.005611	56398.53	36.12
1.4450	0.015775	-0.005629	56399.73	35.95
1.4385	0.015768	-0.005579	56400.94	35.79
1.4336	0.016066	-0.005484	56403.34	35.67
1.4330	0.015937	-0.005472	56404.55	35.65
1.4232	0.016000	-0.005435	56405.75	35.41
1.4204	0.016028	-0.005353	56406.95	35.35
1.4117	0.015738	-0.005636	56409.61	35.13
1.4018	0.015959	-0.005578	56411.98	34.89
1.3914	0.015888	-0.005507	56414.39	34.63
1.3832	0.015809	-0.005508	56416.80	34.43
1.3767	0.015869	-0.005586	56419.20	34.27
1.3685	0.015972	-0.005535	56421.61	34.07
1.3641	0.015870	-0.005494	56422.81	33.96
1.3570	0.015912	-0.005432	56425.22	33.79
1.3493	0.015789	-0.005458	56427.63	33.60
1.3411	0.015890	-0.005410	56428.83	33.40
1.3346	0.015949	-0.005268	56430.03	33.24
1.3324	0.015872	-0.005467	56431.23	33.18
1.3285	0.015884	-0.005391	56432.44	33.09
1.3280	0.015945	-0.005367	56433.64	33.08
1.3176	0.016025	-0.005399	56434.84	32.82
1.3143	0.015974	-0.005340	56436.05	32.74
1.3160	0.015938	-0.005418	56437.25	32.78
1.3034	0.016082	-0.005324	56438.45	32.47
1.3017	0.016020	-0.005307	56439.66	32.43
1.2990	0.016008	-0.005421	56440.86	32.36
1.2941	0.015985	-0.005441	56442.06	32.24
1.2919	0.015909	-0.005316	56443.27	32.19
1.2908	0.015965	-0.005388	56444.47	32.16
1.2793	0.015859	-0.005370	56446.88	31.88
1.2733	0.015855	-0.005334	56448.08	31.73
1.2749	0.015886	-0.005395	56449.28	31.77
1.2717	0.015891	-0.005495	56450.48	31.69
1.2717	0.015786	-0.005429	56451.69	31.69
1.2656	0.015733	-0.005494	56454.09	31.54
1.2629	0.015802	-0.005532	56456.50	31.48
1.2542	0.015807	-0.005286	56458.91	31.26
1.2443	0.016130	-0.005271	56461.31	31.02
1.2481	0.016019	-0.005446	56462.52	31.11
1.2416	0.015853	-0.005394	56463.72	30.95
1.2312	0.015906	-0.005331	56466.13	30.69
1.2246	0.015991	-0.005270	56467.33	30.53
1.2224	0.015896	-0.005272	56469.73	30.48
1.2224	0.015818	-0.005373	56472.14	30.48
1.2126	0.015854	-0.005403	56474.55	30.24
1.2044	0.015887	-0.005376	56476.95	30.03
1.1989	0.015851	-0.005403	56479.36	29.90
1.1989	0.015780	-0.005360	56480.56	29.90
1.1951	0.015803	-0.005266	56482.97	29.80
1.1940	0.015865	-0.005365	56484.17	29.78
1.1923	0.015855	-0.005393	56485.38	29.74
1.1858	0.015748	-0.005388	56486.58	29.57
1.1836	0.015869	-0.005308	56487.78	29.52
1.1781	0.015700	-0.005380	56488.98	29.39
1.1748	0.015832	-0.005271	56490.19	29.31
1.1683	0.015790	-0.005400	56491.39	29.14
1.1688	0.015826	-0.005265	56492.59	29.16
1.1634	0.015800	-0.005268	56493.80	29.02
1.1606	0.015786	-0.005242	56495.00	28.95
1.1612	0.015892	-0.005425	56496.20	28.97
1.1552	0.015820	-0.005275	56497.41	28.82
1.1524	0.015820	-0.005308	56498.61	28.75
1.1530	0.015840	-0.005406	56499.81	28.77
1.1459	0.015717	-0.005369	56502.22	28.59
1.1393	0.015701	-0.005416	56504.63	28.43
1.1360	0.015623	-0.005459	56505.83	28.35
1.1366	0.015644	-0.005484	56507.03	28.36
1.1338	0.015664	-0.005403	56508.23	28.29
1.1251	0.015700	-0.005194	56509.44	28.08
1.1251	0.015793	-0.005276	56510.64	28.08
1.1196	0.015827	-0.005270	56511.84	27.94
1.1103	0.015809	-0.005212	56514.25	27.71
1.1054	0.015804	-0.005158	56515.45	27.59
1.1032	0.015833	-0.005297	56516.66	27.54
1.0977	0.015870	-0.005278	56517.86	27.40
1.0950	0.015911	-0.005302	56519.06	27.33
1.0923	0.015820	-0.005146	56520.27	27.27
1.0983	0.016063	-0.005069	56522.67	27.41
1.0961	0.015769	-0.005312	56523.88	27.36
1.0895	0.015779	-0.005297	56525.08	27.20
1.0862	0.015747	-0.005167	56526.28	27.12
1.0786	0.015734	-0.005188	56527.48	26.93
1.0797	0.015816	-0.005259	56528.69	26.96
1.0720	0.015945	-0.005238	56531.09	26.77
1.0704	0.015849	-0.005224	56532.30	26.73
1.0693	0.015834	-0.005150	56533.50	26.70
1.0627	0.015773	-0.005377	56534.70	26.54
1.0627	0.015763	-0.005278	56535.91	26.54
1.0556	0.015768	-0.005266	56538.31	26.36
1.0480	0.015964	-0.005175	56540.72	26.17
1.0425	0.015721	-0.005097	56541.92	26.04
1.0392	0.015769	-0.005198	56544.33	25.95
1.0365	0.015840	-0.005289	56546.73	25.89
1.0310	0.015712	-0.005244	56547.94	25.75
1.0277	0.015817	-0.005297	56549.14	25.67
1.0233	0.015828	-0.005154	56550.34	25.56
1.0272	0.015743	-0.005344	56551.55	25.66
1.0212	0.015558	-0.005221	56552.75	25.51
1.0168	0.015750	-0.005323	56553.95	25.40
1.0173	0.015858	-0.005321	56555.16	25.41
1.0135	0.015683	-0.005248	56556.36	25.32
1.0037	0.015704	-0.005176	56557.56	25.07
1.0020	0.015858	-0.005139	56558.77	25.03
1.0031	0.015706	-0.005210	56559.97	25.06
1.0037	0.015772	-0.005194	56561.17	25.07
1.0009	0.015642	-0.005262	56562.38	25.01
0.9883	0.015879	-0.005144	56564.78	24.69
0.9829	0.015850	-0.005199	56567.19	24.56
0.9829	0.015676	-0.005173	56568.39	24.56
0.9747	0.015744	-0.005076	56570.80	24.36
0.9697	0.015807	-0.005043	56572.00	24.23
0.9588	0.015736	-0.005021	56574.41	23.96
0.9561	0.015810	-0.005081	56575.61	23.89
0.9615	0.015736	-0.005248	56576.81	24.03
0.9626	0.015615	-0.005190	56578.02	24.06
0.9561	0.015609	-0.005277	56579.22	23.89
0.9528	0.015734	-0.004997	56580.42	23.81
0.9495	0.015856	-0.005149	56581.63	23.73
0.9462	0.015743	-0.005203	56582.83	23.65
0.9440	0.015690	-0.005258	56584.03	23.60
0.9402	0.015748	-0.005134	56585.23	23.50
0.9386	0.015708	-0.005075	56586.44	23.46
0.9342	0.015693	-0.005305	56588.84	23.35
0.9325	0.015505	-0.005222	56590.05	23.31
0.9298	0.015688	-0.005291	56591.25	23.24
0.9194	0.015675	-0.005244	56593.66	22.99
0.9156	0.015755	-0.005149	56594.86	22.89
0.9118	0.015795	-0.005106	56596.06	22.80
0.9041	0.015664	-0.005012	56598.47	22.61
0.8981	0.015616	-0.005101	56600.88	22.46
0.8893	0.015755	-0.005150	56603.28	22.24
0.8882	0.015608	-0.005129	56604.48	22.21
0.8789	0.015770	-0.005182	56606.89	21.98
0.8691	0.015880	-0.004968	56609.30	21.74
0.8604	0.015744	-0.005128	56610.50	21.52
0.8609	0.015850	-0.005194	56611.70	21.53
0.8604	0.015701	-0.005097	56612.91	21.52
0.8565	0.015735	-0.005064	56614.11	21.42
0.8527	0.015693	-0.005131	56615.31	21.33
0.8489	0.015757	-0.005050	56617.72	21.23
0.8467	0.015661	-0.005032	56618.92	21.18
0.8505	0.015704	-0.005038	56620.13	21.27
0.8456	0.015773	-0.005083	56621.33	21.15
0.8368	0.015804	-0.005082	56623.73	20.94
0.8286	0.015697	-0.004938	56626.14	20.73
0.8308	0.015665	-0.005134	56628.55	20.79
0.8319	0.015596	-0.005075	56629.75	20.81
0.8204	0.015728	-0.005090	56632.16	20.53
0.8199	0.015611	-0.005166	56634.56	20.51
0.8177	0.015759	-0.005126	56635.77	20.46
0.8128	0.015612	-0.005227	56636.97	20.34
0.8128	0.015622	-0.005081	56638.17	20.34
0.8150	0.015538	-0.005145	56639.38	20.39
0.8139	0.015648	-0.005086	56640.58	20.36
0.8089	0.015758	-0.005062	56641.78	20.24
0.8062	0.015722	-0.005082	56642.98	20.17
0.8029	0.015658	-0.005017	56644.19	20.09
0.8029	0.015707	-0.005093	56645.39	20.09
0.8013	0.015730	-0.005040	56646.59	20.05
0.8002	0.015739	-0.004950	56647.80	20.02
0.8029	0.015824	-0.005086	56650.20	20.09
0.8046	0.015665	-0.005137	56652.61	20.13
0.7985	0.015634	-0.005112	56653.81	19.98
0.7980	0.015673	-0.004869	56655.02	19.97
0.7936	0.015638	-0.004945	56656.22	19.86
0.7920	0.015838	-0.004951	56658.63	19.82
0.8007	0.015857	-0.004936	56659.83	20.04
0.7920	0.015627	-0.004970	56662.23	19.82
0.7931	0.015680	-0.004996	56664.64	19.85
0.7838	0.015839	-0.004883	56667.05	19.62
0.7887	0.015777	-0.004920	56669.45	19.74
0.7909	0.015614	-0.005177	56671.86	19.79
0.7860	0.015487	-0.005161	56673.06	19.67
0.7849	0.015570	-0.004963	56674.27	19.64
0.7821	0.015791	-0.004971	56675.47	19.57
0.7860	0.015956	-0.004776	56676.67	19.67
0.7854	0.015930	-0.004761	56677.88	19.66
0.7794	0.015977	-0.004695	56679.08	19.51
0.7838	0.015770	-0.004890	56681.48	19.62
0.7805	0.015811	-0.004809	56682.69	19.53
0.7783	0.015954	-0.004780	56683.89	19.48
0.7750	0.015863	-0.004894	56686.30	19.40
0.7723	0.015706	-0.005045	56688.70	19.33
0.7805	0.015615	-0.005068	56691.11	19.53
0.7712	0.015777	-0.004950	56693.52	19.30
0.7701	0.015800	-0.004968	56694.72	19.28
0.7712	0.015734	-0.004860	56697.13	19.30
0.7772	0.015891	-0.004814	56699.53	19.45
0.7745	0.015932	-0.004807	56701.94	19.38
0.7696	0.015725	-0.004904	56704.34	19.26
0.7668	0.015869	-0.004931	56706.75	19.19
0.7652	0.015826	-0.004833	56707.95	19.15
0.7630	0.015833	-0.004894	56710.59	19.10
0.7608	0.015886	-0.004977	56711.80	19.04
0.7597	0.015855	-0.004724	56713.00	19.02
0.7553	0.015887	-0.004864	56714.20	18.91
0.7559	0.015844	-0.004750	56715.41	18.92
0.7537	0.015810	-0.004837	56716.61	18.87
0.7542	0.015827	-0.004894	56717.81	18.88
0.7526	0.015782	-0.004859	56719.02	18.84
0.7466	0.015865	-0.004902	56721.42	18.69
0.7488	0.015764	-0.004775	56722.63	18.74
0.7433	0.015969	-0.004693	56723.83	18.61
0.7433	0.015904	-0.004753	56725.03	18.61
0.7406	0.015841	-0.004843	56726.23	18.54
0.7422	0.015813	-0.004868	56727.44	18.58
0.7367	0.015925	-0.004877	56729.84	18.44
0.7400	0.015828	-0.004909	56731.05	18.53
0.7340	0.015857	-0.004811	56733.45	18.38
0.7313	0.015963	-0.004751	56734.66	18.31
0.7263	0.015894	-0.004725	56735.86	18.19
0.7247	0.015832	-0.004906	56737.06	18.14
0.7236	0.015771	-0.004812	56739.47	18.12
0.7236	0.015723	-0.004894	56740.67	18.12
0.7192	0.015877	-0.004766	56741.88	18.01
0.7176	0.015826	-0.004771	56743.08	17.97
0.7160	0.015846	-0.004794	56744.28	17.93
0.7143	0.015918	-0.004821	56745.48	17.89
0.7149	0.015824	-0.004751	56746.69	17.90
0.7138	0.015871	-0.004744	56747.89	17.87
0.7110	0.015927	-0.004848	56749.09	17.80
0.7061	0.015881	-0.004663	56751.50	17.68
0.7050	0.015839	-0.004781	56753.91	17.65
0.7034	0.015828	-0.004834	56755.11	17.61
0.7034	0.015831	-0.004814	56756.31	17.61
0.7050	0.015845	-0.004838	56757.52	17.65
0.7023	0.015790	-0.004741	56758.72	17.59
0.6985	0.015987	-0.004490	56759.92	17.49
0.6974	0.016120	-0.004498	56761.13	17.46
0.6985	0.016190	-0.004647	56762.33	17.49
0.6979	0.015798	-0.004864	56764.73	17.48
0.6924	0.015819	-0.004809	56765.94	17.34
0.6919	0.015749	-0.004730	56767.14	17.33
0.6930	0.015940	-0.004749	56768.34	17.35
0.6875	0.015801	-0.004832	56770.75	17.22
0.6831	0.015885	-0.004818	56771.95	17.11
0.6853	0.015813	-0.004762	56773.16	17.16
0.6820	0.015805	-0.004891	56774.36	17.08
0.6810	0.015786	-0.004820	56776.77	17.05
0.6810	0.015790	-0.004901	56777.97	17.05
0.6760	0.015877	-0.004765	56779.17	16.93
0.6766	0.015840	-0.004738	56780.38	16.95
0.6744	0.015710	-0.004745	56781.58	16.89
0.6744	0.015803	-0.004767	56782.78	16.89
0.6722	0.015846	-0.004862	56783.98	16.84
0.6722	0.015899	-0.004777	56785.19	16.84
0.6689	0.015802	-0.004818	56786.39	16.75
0.6673	0.015795	-0.004754	56787.59	16.71
0.6651	0.015925	-0.004757	56790.00	16.66
0.6596	0.015881	-0.004749	56792.41	16.52
0.6624	0.015980	-0.004666	56793.61	16.59
0.6580	0.015861	-0.004857	56796.02	16.48
0.6580	0.015722	-0.004710	56797.22	16.48
0.6542	0.015872	-0.004667	56798.42	16.39
0.6563	0.015956	-0.004736	56799.63	16.44
0.6607	0.015960	-0.004696	56800.83	16.55
0.6542	0.015855	-0.004731	56802.03	16.39
0.6509	0.015816	-0.004689	56803.23	16.30
0.6481	0.015685	-0.004789	56805.64	16.24
0.6454	0.015971	-0.004799	56808.05	16.17
0.6427	0.015852	-0.004709	56810.45	16.10
0.6443	0.015949	-0.004679	56812.86	16.14
0.6405	0.015818	-0.004660	56814.06	16.04
0.6377	0.015800	-0.004666	56815.27	15.98
0.6377	0.015869	-0.004824	56816.47	15.98
0.6366	0.015806	-0.004692	56817.67	15.95
0.6345	0.015914	-0.004576	56818.88	15.89
0.6350	0.015991	-0.004444	56821.28	15.91
0.6312	0.016159	-0.004533	56822.48	15.81
0.6306	0.016001	-0.004816	56824.89	15.80
0.6274	0.015858	-0.004632	56827.30	15.72
0.6317	0.015760	-0.004716	56829.70	15.83
0.6290	0.015823	-0.004694	56832.11	15.76
0.6328	0.015759	-0.004848	56834.52	15.85
0.6295	0.015796	-0.004805	56835.72	15.77
0.6252	0.015783	-0.004730	56838.13	15.66
0.6213	0.015893	-0.004701	56840.53	15.57
0.6252	0.015841	-0.004734	56841.73	15.66
0.6274	0.015845	-0.004697	56842.94	15.72
0.6235	0.015878	-0.004602	56844.14	15.62
0.6219	0.015815	-0.004706	56846.55	15.58
0.6197	0.015877	-0.004751	56848.95	15.53
0.6202	0.015842	-0.004797	56851.36	15.54
0.6153	0.015852	-0.004742	56853.77	15.42
0.6164	0.015806	-0.004690	56854.97	15.44
0.6175	0.015785	-0.004708	56856.17	15.47
0.6202	0.015861	-0.004778	56857.38	15.54
0.6159	0.015884	-0.004658	56859.78	15.43
0.6191	0.015744	-0.004642	56860.98	15.51
0.6142	0.015877	-0.004777	56863.39	15.39
0.6148	0.015744	-0.004741	56865.80	15.40
0.6175	0.015706	-0.004863	56868.20	15.47
0.6159	0.015762	-0.004715	56870.61	15.43
0.6170	0.015702	-0.004707	56873.02	15.46
0.6175	0.015749	-0.004725	56874.22	15.47
0.6164	0.015822	-0.004598	56875.42	15.44
0.6175	0.015831	-0.004774	56877.83	15.47
0.6153	0.015752	-0.004860	56880.23	15.42
0.6191	0.015712	-0.004757	56881.44	15.51
0.6197	0.015849	-0.004668	56883.84	15.53
0.6148	0.015817	-0.004766	56886.25	15.40
0.6181	0.015755	-0.004811	56887.45	15.48
0.6181	0.015599	-0.004964	56889.86	15.48
0.6191	0.015597	-0.004893	56891.06	15.51
0.6164	0.015581	-0.004921	56892.27	15.44
0.6099	0.015747	-0.004986	56893.47	15.28
0.6060	0.015551	-0.004885	56894.67	15.18
0.6033	0.015817	-0.004960	56895.88	15.12
0.6005	0.015619	-0.005001	56898.28	15.05
0.5989	0.015589	-0.004888	56899.48	15.01
0.5929	0.015543	-0.004829	56901.89	14.86
0.5880	0.015760	-0.004863	56904.30	14.73
0.5847	0.015547	-0.004891	56906.70	14.65
0.5820	0.015493	-0.005079	56909.11	14.58
0.5759	0.015551	-0.004992	56911.52	14.43
0.5743	0.015570	-0.004826	56912.72	14.39
0.5699	0.015574	-0.004864	56913.92	14.28
0.5699	0.015595	-0.004982	56915.13	14.28
0.5705	0.015382	-0.005143	56917.53	14.30
0.5661	0.015364	-0.005035	56918.73	14.19
0.5606	0.015443	-0.005148	56919.94	14.05
0.5623	0.015427	-0.005140	56921.14	14.09
0.5601	0.015399	-0.005101	56923.55	14.04
0.5524	0.015420	-0.005101	56925.95	13.85
0.5497	0.015368	-0.005135	56928.36	13.78
0.5530	0.015377	-0.005126	56929.56	13.86
0.5453	0.015335	-0.005156	56930.77	13.67
0.5464	0.015329	-0.005188	56931.97	13.70
0.5431	0.015368	-0.005117	56934.38	13.61
0.5404	0.015285	-0.005087	56936.78	13.54
0.5355	0.015271	-0.005147	56937.98	13.42
0.5382	0.015354	-0.005122	56940.39	13.49
0.5360	0.015438	-0.004899	56942.80	13.44
0.5289	0.015565	-0.004959	56945.20	13.26
0.5267	0.015504	-0.005049	56946.41	13.20
0.5267	0.015378	-0.005154	56947.61	13.20
0.5245	0.015277	-0.005157	56950.02	13.15
0.5262	0.015274	-0.005156	56951.22	13.19
0.5196	0.015238	-0.005166	56953.63	13.03
0.5158	0.015372	-0.005163	56956.23	12.93
0.5180	0.015375	-0.005050	56957.44	12.98
0.5098	0.015463	-0.005023	56959.84	12.78
0.5103	0.015476	-0.004925	56961.05	12.79
0.5136	0.015457	-0.005067	56962.25	12.87
0.5114	0.015491	-0.005017	56963.45	12.82
0.5065	0.015516	-0.004912	56964.66	12.70
0.5026	0.015474	-0.005115	56967.06	12.60
0.4961	0.015487	-0.005045	56969.47	12.44
0.4933	0.015263	-0.005174	56971.88	12.37
0.4950	0.015289	-0.005076	56973.08	12.41
0.4977	0.015214	-0.005245	56975.48	12.48
0.4901	0.015276	-0.005373	56977.89	12.29
0.4879	0.015204	-0.005100	56979.09	12.23
0.4857	0.015362	-0.005145	56981.50	12.18
0.4830	0.015330	-0.005173	56983.91	12.11
0.4764	0.015288	-0.005285	56986.31	11.94
0.4715	0.015535	-0.005061	56988.72	11.82
0.4660	0.015490	-0.004978	56991.13	11.68
0.4600	0.015486	-0.005048	56993.53	11.53
0.4523	0.015625	-0.004961	56995.94	11.34
0.4545	0.015579	-0.005002	56998.34	11.40
0.4480	0.015691	-0.004812	57000.75	11.23
0.4447	0.015815	-0.004968	57003.16	11.15
0.4376	0.015658	-0.004834	57005.56	10.97
0.4359	0.015619	-0.004982	57007.97	10.93
0.4310	0.015656	-0.004991	57010.38	10.81
0.4277	0.015809	-0.004771	57011.58	10.73
0.4261	0.015915	-0.004859	57013.98	10.68
0.4261	0.015891	-0.004909	57016.39	10.68
0.4212	0.015768	-0.004913	57018.80	10.56
0.4168	0.015893	-0.004798	57021.20	10.45
0.4162	0.015920	-0.004815	57023.61	10.44
0.4124	0.015833	-0.004713	57024.81	10.34
0.4080	0.016061	-0.004711	57027.22	10.23
0.4069	0.016082	-0.004702	57029.63	10.21
0.4047	0.016120	-0.004728	57032.03	10.15
0.3998	0.016275	-0.004785	57034.44	10.03
0.3987	0.016080	-0.004711	57036.84	10.00
0.3938	0.016103	-0.004804	57039.25	9.88
0.3933	0.016058	-0.004863	57041.66	9.86
0.3883	0.016211	-0.004865	57044.06	9.74
0.3856	0.016141	-0.004909	57046.47	9.67
0.3768	0.015971	-0.004860	57048.88	9.45
0.3834	0.016028	-0.004833	57051.28	9.62
0.3763	0.016156	-0.004742	57053.69	9.44
0.3758	0.016147	-0.004838	57056.09	9.42
0.3741	0.016257	-0.004720	57058.50	9.38
0.3730	0.016202	-0.004791	57060.91	9.36
0.3692	0.016213	-0.004764	57063.31	9.26
0.3659	0.016086	-0.004864	57065.72	9.18
0.3670	0.016145	-0.004916	57066.94	9.21
0.3632	0.016099	-0.004964	57069.33	9.11
0.3637	0.015906	-0.005176	57071.73	9.12
0.3588	0.016002	-0.005077	57074.14	9.00
0.3637	0.015885	-0.005150	57075.34	9.12
0.3648	0.015971	-0.005010	57076.55	9.15
0.3626	0.015947	-0.005054	57078.95	9.10
0.3583	0.015963	-0.005038	57080.16	8.99
0.3615	0.016083	-0.005137	57082.56	9.07
0.3593	0.015922	-0.004945	57084.97	9.01
0.3583	0.016165	-0.004892	57087.38	8.99
0.3544	0.016208	-0.004737	57089.78	8.89
0.3533	0.016129	-0.005014	57092.19	8.86
0.3572	0.016006	-0.005151	57094.59	8.96
0.3566	0.016063	-0.005108	57097.00	8.94
0.3539	0.015977	-0.005102	57099.41	8.88
0.3501	0.016127	-0.004900	57101.81	8.78
0.3539	0.016253	-0.005082	57104.22	8.88
0.3506	0.015986	-0.005242	57106.63	8.79
0.3533	0.015923	-0.005155	57109.03	8.86
0.3517	0.015880	-0.005140	57111.44	8.82
0.3517	0.015939	-0.005091	57113.84	8.82
0.3511	0.015907	-0.005158	57116.25	8.81
0.3544	0.015987	-0.005249	57118.66	8.89
0.3528	0.016082	-0.005037	57121.06	8.85
0.3517	0.016039	-0.005010	57122.27	8.82
0.3522	0.016188	-0.004979	57123.47	8.84
0.3550	0.016040	-0.005208	57125.88	8.90
0.3539	0.015880	-0.005239	57128.28	8.88
0.3577	0.015960	-0.005225	57130.69	8.97
0.3539	0.015908	-0.005296	57133.09	8.88
0.3572	0.015900	-0.005146	57134.30	8.96
0.3555	0.015887	-0.005219	57136.70	8.92
0.3555	0.015861	-0.005112	57137.91	8.92
0.3588	0.015921	-0.005161	57140.31	9.00
0.3604	0.016045	-0.005010	57142.72	9.04
0.3572	0.016099	-0.004880	57145.13	8.96
0.3599	0.016229	-0.004993	57146.33	9.03
0.3604	0.016237	-0.004925	57148.73	9.04
0.3659	0.016237	-0.005045	57151.14	9.18
0.3686	0.016079	-0.005075	57152.34	9.25
0.3741	0.016101	-0.005151	57154.75	9.38
0.3769	0.016026	-0.005225	57157.16	9.45
0.3823	0.015765	-0.005385	57159.56	9.59
0.3851	0.015777	-0.005332	57161.97	9.66
0.3900	0.015789	-0.005312	57164.38	9.78
0.3933	0.015704	-0.005390	57166.78	9.86
0.3976	0.015868	-0.005334	57169.19	9.97
0.3982	0.015833	-0.005292	57170.39	9.99
0.4042	0.015837	-0.005432	57172.80	10.14
0.4069	0.015951	-0.005358	57175.20	10.21
0.4091	0.015820	-0.005406	57177.61	10.26
0.4124	0.015810	-0.005262	57180.02	10.34
0.4190	0.015845	-0.005175	57182.42	10.51
0.4217	0.015891	-0.005262	57184.83	10.58
0.4250	0.015815	-0.005243	57186.03	10.66
0.4288	0.015789	-0.005281	57188.44	10.75
0.4315	0.015770	-0.005238	57190.84	10.82
0.4359	0.015853	-0.005348	57193.25	10.93
0.4387	0.015801	-0.005402	57195.66	11.00
0.4359	0.015765	-0.005264	57196.86	10.93
0.4419	0.015766	-0.005305	57199.27	11.08
0.4452	0.015724	-0.005365	57201.67	11.16
0.4485	0.015810	-0.005339	57204.08	11.25
0.4518	0.015804	-0.005236	57206.48	11.33
0.4583	0.015853	-0.005283	57208.89	11.49
0.4600	0.015896	-0.005248	57210.09	11.53
0.4622	0.015909	-0.005159	57212.50	11.59
0.4622	0.015823	-0.005286	57214.91	11.59
0.4655	0.015854	-0.005034	57217.31	11.67
0.4682	0.016163	-0.005040	57219.72	11.74
0.4753	0.015858	-0.005209	57222.13	11.92
0.4764	0.016027	-0.005052	57224.53	11.94
0.4791	0.016193	-0.004853	57226.94	12.01
0.4841	0.016184	-0.004984	57229.34	12.14
0.4857	0.015951	-0.005267	57231.75	12.18
0.4895	0.015777	-0.005209	57234.16	12.27
0.4906	0.015813	-0.005087	57236.56	12.30
0.4944	0.015884	-0.005245	57238.97	12.40
0.4955	0.015789	-0.005259	57241.38	12.42
0.4994	0.015825	-0.005231	57242.58	12.52
0.5010	0.015746	-0.005185	57245.16	12.56
0.5026	0.015790	-0.005223	57246.36	12.60
0.5076	0.015724	-0.005234	57248.77	12.72
0.5114	0.015731	-0.005204	57251.17	12.82
0.5098	0.015772	-0.005223	57252.38	12.78
0.5125	0.015732	-0.005248	57253.58	12.85
0.5130	0.015666	-0.005278	57255.98	12.86
0.5180	0.015730	-0.005288	57258.39	12.98
0.5212	0.015774	-0.005258	57260.80	13.07
0.5229	0.015764	-0.005306	57263.20	13.11
0.5256	0.015690	-0.005330	57265.61	13.18
0.5273	0.015749	-0.005364	57268.02	13.22
0.5295	0.015622	-0.005174	57270.42	13.27
0.5333	0.015656	-0.005267	57272.83	13.37
0.5327	0.015647	-0.005303	57274.03	13.35
0.5360	0.015650	-0.005228	57276.44	13.44
0.5366	0.015563	-0.005250	57277.64	13.45
0.5387	0.015796	-0.005223	57280.05	13.50
0.5420	0.015697	-0.005176	57282.45	13.59
0.5437	0.015620	-0.005249	57284.86	13.63
0.5464	0.015667	-0.005163	57287.27	13.70
0.5469	0.015582	-0.005264	57288.47	13.71
0.5508	0.015697	-0.005288	57290.88	13.80
0.5535	0.015613	-0.005223	57293.28	13.87
0.5552	0.015606	-0.005169	57295.69	13.91
0.5579	0.015636	-0.005230	57298.09	13.98
0.5601	0.015597	-0.005281	57300.50	14.04
0.5601	0.015517	-0.005211	57302.91	14.04
0.5650	0.015658	-0.005258	57305.31	14.16
0.5677	0.015490	-0.005259	57307.72	14.23
0.5677	0.015668	-0.005136	57308.92	14.23
0.5694	0.015631	-0.005224	57311.33	14.27
0.5716	0.015566	-0.005248	57313.73	14.32
0.5732	0.015545	-0.005204	57316.14	14.36
0.5781	0.015608	-0.005209	57318.55	14.49
0.5803	0.015572	-0.005156	57320.95	14.54
0.5830	0.015559	-0.005079	57323.36	14.61
0.5830	0.015568	-0.005235	57325.77	14.61
0.5869	0.015568	-0.005170	57328.17	14.71
0.5874	0.015527	-0.005153	57330.58	14.72
0.5896	0.015555	-0.005200	57332.98	14.77
0.5918	0.015475	-0.005144	57335.39	14.83
0.5923	0.015482	-0.005230	57336.59	14.84
0.5945	0.015624	-0.005153	57339.00	14.90
0.5978	0.015493	-0.005130	57341.41	14.98
0.6011	0.015556	-0.005164	57343.81	15.06
0.6022	0.015426	-0.005106	57345.02	15.09
0.6022	0.015473	-0.005137	57347.42	15.09
0.6060	0.015430	-0.005126	57349.83	15.18
0.6071	0.015505	-0.005112	57352.23	15.21
0.6093	0.015609	-0.004978	57354.64	15.27
0.6115	0.015676	-0.005039	57357.05	15.32
0.6137	0.015463	-0.004991	57359.45	15.38
0.6170	0.015599	-0.005056	57361.86	15.46
0.6175	0.015561	-0.004916	57364.27	15.47
0.6208	0.015626	-0.004862	57366.67	15.55
0.6224	0.015684	-0.006295	57369.08	15.59
0.6241	0.014165	-0.006505	57371.48	15.64
0.6279	0.014051	-0.006502	57373.89	15.73
0.6334	0.014054	-0.006562	57376.30	15.87
0.6367	0.014040	-0.006594	57377.50	15.95
0.6421	0.014006	-0.006660	57379.91	16.09
0.6498	0.013919	-0.006626	57382.31	16.28
0.6602	0.013957	-0.006657	57384.72	16.54
0.6651	0.013911	-0.006693	57387.13	16.66
0.6766	0.013895	-0.006699	57389.53	16.95
0.6864	0.013869	-0.006702	57391.94	17.19
0.6968	0.013845	-0.006793	57394.34	17.45
0.7088	0.013768	-0.006857	57396.75	17.75
0.7225	0.013732	-0.006820	57399.16	18.09
0.7296	0.013795	-0.006837	57400.36	18.27
0.7455	0.013746	-0.006800	57402.77	18.66
0.7608	0.013760	-0.006826	57405.17	19.04
0.7778	0.013851	-0.006816	57407.58	19.47
0.7914	0.013847	-0.006849	57409.98	19.81
0.8073	0.013886	-0.006856	57412.39	20.20
0.8292	0.013766	-0.006857	57414.80	20.74
0.8450	0.013827	-0.006823	57417.20	21.14
0.8631	0.013769	-0.006916	57419.61	21.59
0.8828	0.013917	-0.006827	57422.02	22.08
0.9036	0.013873	-0.006773	57424.42	22.59
0.9233	0.013843	-0.006957	57426.83	23.08
0.9457	0.013787	-0.007050	57429.23	23.64
0.9648	0.013733	-0.007024	57431.64	24.11
0.9889	0.013699	-0.007105	57434.05	24.71
1.0097	0.013772	-0.007099	57436.45	25.22
1.0315	0.013725	-0.007126	57438.86	25.76
1.0567	0.013725	-0.007227	57441.27	26.39
1.0742	0.013702	-0.007244	57443.67	26.82
1.0950	0.013646	-0.007215	57446.08	27.33
1.1207	0.013784	-0.007263	57448.48	27.97
1.1273	0.013718	-0.007336	57449.69	28.13
1.1557	0.013786	-0.007228	57452.09	28.83
1.1645	0.013663	-0.007277	57453.30	29.05
1.1781	0.013774	-0.007309	57454.50	29.39
1.2038	0.013698	-0.007316	57456.91	30.02
1.2268	0.013810	-0.007280	57459.31	30.59
1.2514	0.013723	-0.007390	57461.72	31.19
1.2760	0.013676	-0.007349	57464.13	31.80
1.2974	0.013681	-0.007429	57466.53	32.32
1.3110	0.013726	-0.007497	57467.73	32.66
1.3351	0.013814	-0.007421	57470.14	33.25
1.3614	0.013737	-0.007497	57472.55	33.90
1.3860	0.013780	-0.007506	57474.95	34.50
1.4062	0.013718	-0.007650	57477.36	35.00
1.4308	0.013689	-0.007628	57479.77	35.60
1.4538	0.013599	-0.007745	57482.17	36.16
1.4751	0.013691	-0.007626	57484.58	36.69
1.5041	0.013730	-0.007783	57486.98	37.40
1.5347	0.013602	-0.007740	57489.39	38.15
1.5566	0.013566	-0.007828	57491.80	38.68
1.5823	0.013676	-0.007718	57494.20	39.31
1.6075	0.013827	-0.007688	57496.61	39.92
1.6310	0.013678	-0.007888	57499.02	40.50
1.6583	0.013680	-0.007943	57501.42	41.17
1.6824	0.013543	-0.007952	57503.83	41.75
1.7005	0.014406	-0.007147	57506.23	42.19
1.7081	0.013794	-0.007970	57507.44	42.38
1.7355	0.015176	-0.006537	57509.84	43.05
1.7568	0.015120	-0.006426	57512.25	43.57
1.7683	0.015155	-0.006511	57513.45	43.84
1.7874	0.015270	-0.006581	57515.86	44.31
1.7967	0.015057	-0.006487	57517.06	44.54
1.8126	0.015125	-0.006487	57519.47	44.92
1.8285	0.015310	-0.006377	57521.88	45.31
1.8377	0.015214	-0.006475	57523.08	45.53
1.8427	0.015279	-0.006473	57524.28	45.65
1.8558	0.015324	-0.006443	57525.48	45.97
1.8640	0.015313	-0.006532	57526.69	46.17
1.8695	0.015242	-0.006545	57527.89	46.31
1.8749	0.015295	-0.006531	57529.09	46.44
1.8815	0.015247	-0.006548	57530.30	46.60
1.8908	0.015286	-0.006466	57531.50	46.82
1.9067	0.015277	-0.006534	57533.91	47.21
1.9116	0.015327	-0.006474	57535.11	47.33
1.9214	0.015389	-0.006447	57536.31	47.57
1.9258	0.015411	-0.006372	57537.52	47.67
1.9367	0.015443	-0.006504	57538.72	47.94
1.9389	0.015375	-0.006430	57539.92	47.99
1.9521	0.015447	-0.006520	57542.33	48.31
1.9597	0.015350	-0.006436	57544.73	48.50
1.9674	0.015473	-0.006360	57545.94	48.68
1.9783	0.015357	-0.006557	57548.34	48.95
1.9882	0.015488	-0.006495	57550.75	49.19
1.9882	0.015378	-0.006532	57551.95	49.19
1.9975	0.015468	-0.006445	57554.36	49.41
2.0068	0.015472	-0.006393	57556.77	49.64
2.0100	0.015484	-0.006449	57557.97	49.72
2.0215	0.015462	-0.006466	57560.38	50.00
2.0270	0.013992	-0.007158	57562.78	50.13
2.0374	0.015505	-0.006456	57565.19	50.38
2.0401	0.015693	-0.006513	57567.59	50.45
2.0505	0.015670	-0.007899	57570.00	50.70
2.0543	0.014039	-0.007948	57572.41	50.79
2.0593	0.014084	-0.007904	57574.81	50.91
2.0636	0.015546	-0.006462	57577.22	51.02
2.0702	0.014712	-0.006657	57579.63	51.17
2.0757	0.015029	-0.007882	57582.03	51.31
2.0795	0.014105	-0.007489	57584.44	51.40
2.0855	0.015664	-0.006436	57586.84	51.55
2.0910	0.015592	-0.006385	57589.25	51.68
2.0970	0.015633	-0.006504	57591.66	51.82
2.1003	0.015708	-0.006353	57594.06	51.90
2.1085	0.015678	-0.006416	57596.47	52.10
2.1112	0.015563	-0.006403	57598.88	52.17
2.1145	0.015561	-0.006413	57600.08	52.25
2.1183	0.015685	-0.006502	57602.48	52.34
2.1238	0.015551	-0.006460	57604.89	52.47
2.1293	0.015595	-0.006427	57607.30	52.60
2.1364	0.015654	-0.006426	57609.70	52.78
2.1408	0.015607	-0.007999	57612.11	52.88
2.1397	0.014114	-0.007857	57614.52	52.86
2.1435	0.014104	-0.007992	57615.72	52.95
2.1457	0.014943	-0.006415	57618.13	53.00
2.1522	0.015560	-0.006495	57620.53	53.16
2.1544	0.015508	-0.006581	57622.94	53.21
2.1615	0.015501	-0.006453	57625.34	53.38
2.1654	0.015539	-0.006481	57627.75	53.48
2.1687	0.015763	-0.006521	57630.16	53.56
2.1736	0.015578	-0.006592	57632.56	53.68
2.1774	0.015567	-0.006516	57634.97	53.77
2.1818	0.015625	-0.006463	57637.38	53.87
2.1829	0.015600	-0.006522	57638.58	53.90
2.1883	0.015580	-0.006549	57640.98	54.03
2.1938	0.015586	-0.006496	57643.39	54.17
2.1938	0.015700	-0.006477	57645.80	54.17
2.2004	0.015691	-0.006529	57648.20	54.32
2.2053	0.015646	-0.006599	57650.61	54.44
2.2053	0.015669	-0.006561	57653.02	54.44
2.2075	0.015729	-0.006568	57655.42	54.50
2.2113	0.015657	-0.006514	57657.83	54.59
2.2151	0.015704	-0.006553	57660.23	54.68
2.2184	0.015563	-0.006662	57662.64	54.76
2.2217	0.015758	-0.006522	57665.05	54.84
2.2250	0.015661	-0.006608	57667.45	54.92
2.2266	0.015656	-0.008000	57669.86	54.96
2.2288	0.014093	-0.008040	57671.06	55.01
2.2305	0.015089	-0.007009	57673.47	55.05
2.2326	0.014179	-0.008054	57675.88	55.10
2.2381	0.015658	-0.006537	57678.28	55.24
2.2387	0.015676	-0.006566	57680.69	55.25
2.2419	0.015657	-0.006488	57683.09	55.33
2.2430	0.015657	-0.008155	57685.50	55.35
2.2441	0.014241	-0.008120	57686.70	55.38
2.2474	0.015698	-0.006532	57689.11	55.46
2.2485	0.015676	-0.006599	57691.52	55.49
2.2518	0.015677	-0.008043	57693.92	55.57
2.2551	0.014171	-0.006609	57696.33	55.64
2.2556	0.014793	-0.006505	57698.73	55.66
2.2573	0.015735	-0.006578	57701.14	55.70
2.2545	0.014228	-0.008025	57703.55	55.63
2.2584	0.014213	-0.008135	57705.95	55.72
2.2600	0.015765	-0.006597	57708.36	55.76
2.2622	0.015805	-0.008068	57710.77	55.82
2.2655	0.014186	-0.006584	57713.17	55.90
2.2660	0.015644	-0.007405	57715.58	55.91
2.2687	0.014720	-0.008041	57717.98	55.98
2.2698	0.015621	-0.006572	57720.39	56.00
2.2715	0.015694	-0.006521	57721.59	56.04
2.2704	0.015660	-0.007149	57724.00	56.01
2.2677	0.014875	-0.006608	57726.41	55.95
2.2720	0.015629	-0.006582	57728.81	56.05
2.2687	0.015696	-0.006659	57731.22	55.98
2.2731	0.015594	-0.006554	57733.63	56.08
2.2748	0.015625	-0.006698	57736.03	56.12
2.2748	0.014634	-0.008133	57738.44	56.12
2.2786	0.014181	-0.007029	57740.84	56.21
2.2775	0.014863	-0.006644	57743.25	56.19
2.2786	0.015459	-0.006536	57745.66	56.21
2.2791	0.015620	-0.006704	57748.06	56.23
2.2808	0.015654	-0.006600	57750.47	56.27
2.2819	0.015697	-0.006596	57752.88	56.29
2.2841	0.015671	-0.006633	57755.28	56.34
2.2846	0.015707	-0.006586	57756.48	56.36
2.2868	0.015676	-0.006589	57758.89	56.41
2.2862	0.015621	-0.006554	57761.30	56.40
2.2862	0.015563	-0.006563	57763.70	56.40
2.2879	0.015609	-0.006639	57766.11	56.44
2.2879	0.015697	-0.006620	57768.52	56.44
2.2873	0.015656	-0.006603	57770.92	56.42
2.2901	0.015676	-0.006591	57773.33	56.49
2.2934	0.015567	-0.006691	57775.73	56.57
2.2923	0.015681	-0.006607	57778.14	56.54
2.2928	0.014187	-0.006661	57780.55	56.56
2.2939	0.014187	-0.006567	57782.95	56.58
2.2961	0.014172	-0.008035	57784.16	56.64
2.2950	0.015669	-0.006664	57786.56	56.61
2.2944	0.015626	-0.006604	57788.97	56.60
2.2966	0.015792	-0.006605	57791.38	56.65
2.2983	0.015584	-0.006693	57793.78	56.69
2.2988	0.015651	-0.006674	57796.19	56.70
2.2988	0.014249	-0.006956	57798.59	56.70
2.3005	0.015619	-0.008071	57801.00	56.74
2.3010	0.014029	-0.006498	57802.20	56.75
2.3010	0.015671	-0.006595	57804.61	56.75
2.3005	0.015581	-0.006694	57807.02	56.74
2.3021	0.015674	-0.008107	57809.42	56.78
2.3021	0.015707	-0.006563	57811.83	56.78
2.3037	0.015701	-0.006706	57814.23	56.82
2.3027	0.015724	-0.006472	57816.64	56.79
2.3037	0.015680	-0.006625	57819.05	56.82
2.3032	0.015730	-0.006525	57821.45	56.81
2.3059	0.015750	-0.006589	57823.86	56.87
2.3037	0.015723	-0.006578	57826.27	56.82
2.3059	0.015627	-0.006588	57828.67	56.87
2.3076	0.015717	-0.006633	57831.08	56.91
2.3070	0.015689	-0.006606	57832.28	56.90
2.3076	0.015715	-0.007810	57834.69	56.91
2.3087	0.014683	-0.006454	57835.89	56.94
2.3081	0.015746	-0.007004	57837.09	56.93
2.3087	0.015741	-0.006568	57839.50	56.94
2.3081	0.015712	-0.006549	57841.91	56.93
2.3109	0.015709	-0.006491	57844.31	56.99
2.3114	0.015700	-0.006477	57846.72	57.01
2.3098	0.014254	-0.007612	57849.13	56.97
2.3114	0.015646	-0.006612	57851.53	57.01
2.3136	0.015628	-0.006687	57853.94	57.06
2.3141	0.015696	-0.006674	57856.34	57.07
2.3120	0.015583	-0.006646	57858.75	57.02
2.3141	0.015634	-0.006745	57861.16	57.07
2.3169	0.014153	-0.008157	57863.56	57.14
2.3158	0.014119	-0.006619	57864.77	57.11
2.3152	0.015168	-0.006543	57867.17	57.10
2.3169	0.014167	-0.007882	57869.58	57.14
2.3174	0.014549	-0.006700	57871.98	57.15
2.3158	0.015606	-0.006754	57874.39	57.11
2.3174	0.015138	-0.006716	57876.80	57.15
2.3169	0.014140	-0.007530	57879.20	57.14
2.3174	0.015603	-0.006745	57881.61	57.15
2.3174	0.014080	-0.008102	57884.02	57.15
2.3185	0.014118	-0.006769	57886.42	57.18
2.3191	0.014775	-0.007700	57888.83	57.19
2.3196	0.014120	-0.006973	57890.03	57.20
2.3174	0.014167	-0.007381	57891.23	57.15
2.3180	0.015693	-0.006681	57893.64	57.16
2.3185	0.014253	-0.006646	57896.05	57.18
2.3207	0.014742	-0.006679	57898.45	57.23
2.3207	0.015698	-0.006643	57899.66	57.23
2.3202	0.014818	-0.007963	57902.06	57.22
2.3202	0.015610	-0.006622	57904.47	57.22
2.3202	0.015566	-0.006604	57906.88	57.22
2.3229	0.015725	-0.006681	57909.28	57.28
2.3251	0.015597	-0.006714	57911.69	57.34
2.3229	0.015607	-0.006689	57914.09	57.28
2.3207	0.015614	-0.006665	57916.50	57.23
2.3223	0.015559	-0.006579	57918.91	57.27
2.3262	0.015643	-0.006820	57921.31	57.36
2.3234	0.015629	-0.006708	57923.72	57.30
2.3223	0.015538	-0.006678	57926.13	57.27
2.3234	0.015595	-0.006599	57927.33	57.30
2.3251	0.015756	-0.006716	57929.73	57.34
2.3245	0.015736	-0.006705	57932.14	57.32
2.3245	0.015593	-0.007899	57934.55	57.32
2.3212	0.015729	-0.008092	57936.95	57.24
2.3273	0.014218	-0.007610	57939.36	57.39
2.3245	0.015697	-0.007703	57941.77	57.32
2.3256	0.015418	-0.008232	57944.17	57.35
2.3256	0.015525	-0.006785	57946.58	57.35
2.3267	0.015571	-0.006867	57948.98	57.37
2.3251	0.013903	-0.006699	57951.39	57.34
2.3267	0.015526	-0.006714	57953.80	57.37
2.3273	0.015468	-0.006748	57956.20	57.39
2.3289	0.015549	-0.006647	57958.61	57.43
2.3278	0.015476	-0.006773	57961.02	57.40
2.3278	0.015602	-0.006691	57963.42	57.40
2.3284	0.015612	-0.006875	57965.83	57.41
2.3267	0.015558	-0.006717	57967.03	57.37
2.3278	0.015551	-0.006766	57969.44	57.40
2.3295	0.015676	-0.006775	57970.64	57.44
2.3273	0.015593	-0.006700	57973.05	57.39
2.3289	0.015663	-0.006712	57975.45	57.43
2.3278	0.015714	-0.006779	57976.66	57.40
2.3284	0.015504	-0.006638	57979.06	57.41
2.3305	0.015724	-0.006737	57981.47	57.47
2.3300	0.015603	-0.006639	57983.88	57.45
2.3316	0.015664	-0.006673	57986.28	57.49
2.3295	0.015644	-0.006671	57988.69	57.44
2.3311	0.014654	-0.006672	57991.09	57.48
2.3316	0.015751	-0.006527	57993.50	57.49
2.3311	0.015776	-0.006553	57994.70	57.48
2.3349	0.015873	-0.006567	57997.11	57.57
2.3338	0.015742	-0.006460	57999.52	57.55
2.3322	0.015566	-0.006401	58001.92	57.51
2.3344	0.014951	-0.006446	58004.33	57.56
2.3333	0.015973	-0.007398	58005.53	57.53
2.3305	0.015773	-0.006474	58007.94	57.47
2.3344	0.015843	-0.006501	58010.34	57.56
2.3338	0.015125	-0.006571	58012.75	57.55
2.3338	0.015833	-0.006528	58015.16	57.55
2.3355	0.015811	-0.006592	58017.56	57.59
2.3371	0.015877	-0.006392	58019.97	57.63
2.3344	0.015714	-0.006586	58022.38	57.56
2.3344	0.015674	-0.006627	58024.78	57.56
2.3349	0.015084	-0.006705	58027.19	57.57
2.3366	0.015663	-0.008096	58029.59	57.61
2.3371	0.015755	-0.006443	58032.00	57.63
2.3349	0.014194	-0.006512	58033.20	57.57
2.3344	0.015685	-0.006561	58035.61	57.56
2.3371	0.015749	-0.006644	58038.02	57.63
2.3349	0.015318	-0.008120	58040.42	57.57
2.3366	0.015606	-0.006723	58042.83	57.61
2.3366	0.015707	-0.006692	58045.23	57.61
2.3382	0.015592	-0.006629	58047.64	57.65
2.3360	0.015717	-0.006578	58050.05	57.60
2.3388	0.015730	-0.006700	58052.45	57.66
2.3382	0.015763	-0.006636	58054.86	57.65
2.3388	0.015741	-0.006688	58057.27	57.66
2.3366	0.015708	-0.006654	58059.67	57.61
2.3382	0.015656	-0.008129	58062.08	57.65
2.3382	0.015688	-0.006609	58063.28	57.65
2.3404	0.015718	-0.006701	58065.69	57.70
2.3393	0.015575	-0.007517	58066.89	57.68
2.3388	0.014202	-0.006633	58069.30	57.66
2.3388	0.015607	-0.006570	58071.70	57.66
2.3393	0.015639	-0.006620	58074.11	57.68
2.3382	0.015714	-0.007328	58076.52	57.65
2.3360	0.014844	-0.006543	58078.92	57.60
2.3377	0.015656	-0.006612	58080.13	57.64
2.3360	0.014099	-0.006630	58082.53	57.60
2.3355	0.015637	-0.007651	58084.94	57.59
2.3382	0.014167	-0.006610	58087.34	57.65
2.3371	0.015673	-0.006543	58089.75	57.63
2.3371	0.015797	-0.006581	58092.16	57.63
2.3349	0.015718	-0.006566	58093.36	57.57
2.3355	0.015761	-0.006599	58095.77	57.59
2.3366	0.015737	-0.006651	58098.17	57.61
2.3388	0.015695	-0.007137	58100.58	57.66
2.3393	0.015742	-0.006507	58102.98	57.68
2.3377	0.015768	-0.006539	58105.39	57.64
2.3382	0.015033	-0.006523	58107.80	57.65
2.3382	0.015768	-0.006547	58110.20	57.65
2.3388	0.015811	-0.006444	58112.61	57.66
2.3404	0.014971	-0.008099	58115.02	57.70
2.3388	0.014295	-0.006629	58117.42	57.66
2.3388	0.014177	-0.006809	58119.83	57.66
2.3409	0.015704	-0.006592	58121.03	57.72
2.3404	0.015763	-0.006565	58123.44	57.70
2.3415	0.015739	-0.006455	58124.64	57.73
2.3409	0.015755	-0.007862	58125.84	57.72
2.3415	0.015771	-0.006639	58128.25	57.73
2.3388	0.015676	-0.006652	58130.66	57.66
2.3415	0.015687	-0.006677	58133.06	57.73
2.3409	0.015704	-0.006536	58135.47	57.72
2.3420	0.015714	-0.006666	58137.88	57.74
2.3404	0.015545	-0.006688	58140.28	57.70
2.3404	0.015643	-0.006602	58142.69	57.70
2.3431	0.014226	-0.008040	58145.09	57.77
2.3431	0.015658	-0.006674	58147.50	57.77
2.3426	0.015608	-0.006610	58148.70	57.76
2.3409	0.015607	-0.006585	58151.11	57.72
2.3437	0.015582	-0.006678	58153.52	57.78
2.3437	0.015649	-0.008232	58155.92	57.78
2.3420	0.015476	-0.006608	58158.33	57.74
2.3426	0.015587	-0.006708	58160.73	57.76
2.3426	0.015524	-0.006816	58163.14	57.76
2.3426	0.015511	-0.006801	58165.55	57.76
2.3431	0.015562	-0.006768	58167.95	57.77
2.3431	0.014441	-0.006705	58170.36	57.77
2.3431	0.014113	-0.006708	58172.77	57.77
2.3459	0.015683	-0.006714	58175.17	57.84
2.3437	0.015547	-0.006620	58177.58	57.78
2.3453	0.015580	-0.006661	58179.98	57.82
2.3431	0.015705	-0.006718	58182.39	57.77
2.3426	0.015623	-0.006651	58183.59	57.76
2.3448	0.015700	-0.006684	58186.00	57.81
2.3420	0.015690	-0.006697	58188.41	57.74
2.3431	0.014135	-0.008153	58190.81	57.77
2.3437	0.014207	-0.007483	58193.22	57.78
2.3431	0.014188	-0.006414	58195.63	57.77
2.3448	0.014257	-0.006660	58198.03	57.81
2.3453	0.015687	-0.006632	58200.44	57.82
2.3420	0.015688	-0.008161	58202.84	57.74
2.3453	0.015711	-0.006518	58205.25	57.82
2.3442	0.015694	-0.008080	58207.66	57.80
2.3464	0.014098	-0.008038	58210.06	57.85
2.3437	0.015673	-0.006638	58211.27	57.78
2.3453	0.015589	-0.006625	58213.67	57.82
2.3431	0.015635	-0.006683	58216.08	57.77
2.3459	0.015607	-0.006650	58218.48	57.84
2.3442	0.015725	-0.006622	58220.89	57.80
2.3442	0.015727	-0.006684	58223.30	57.80
2.3437	0.015624	-0.007925	58224.50	57.78
2.3437	0.015700	-0.006674	58226.91	57.78
2.3453	0.015722	-0.006508	58229.31	57.82
2.3459	0.015756	-0.006554	58231.72	57.84
2.3420	0.015926	-0.006516	58234.13	57.74
2.3448	0.015858	-0.007715	58235.33	57.81
2.3437	0.015697	-0.006604	58237.73	57.78
2.3453	0.015790	-0.006600	58240.14	57.82
2.3448	0.015797	-0.006582	58242.55	57.81
2.3453	0.015669	-0.006568	58244.95	57.82
2.3453	0.015790	-0.007923	58246.16	57.82
2.3464	0.015690	-0.006617	58248.56	57.85
2.3459	0.015700	-0.006615	58250.97	57.84
2.3459	0.015657	-0.006535	58253.38	57.84
2.3486	0.015725	-0.006635	58255.78	57.90
2.3470	0.015679	-0.006634	58258.19	57.86
2.3475	0.015716	-0.006605	58260.59	57.88
2.3459	0.014188	-0.006540	58263.00	57.84
2.3475	0.015719	-0.006561	58265.41	57.88
2.3470	0.015737	-0.006704	58267.81	57.86
2.3459	0.015715	-0.006608	58269.02	57.84
2.3470	0.015736	-0.006622	58271.42	57.86
2.3464	0.015749	-0.006621	58273.83	57.85
2.3475	0.015756	-0.006594	58276.23	57.88
2.3480	0.015800	-0.006598	58278.64	57.89
2.3497	0.015778	-0.006511	58281.05	57.93
2.3486	0.015679	-0.006517	58283.45	57.90
2.3481	0.015707	-0.006647	58285.86	57.89
2.3486	0.015667	-0.006648	58288.27	57.90
2.3491	0.015603	-0.006653	58289.47	57.92
2.3502	0.015878	-0.006605	58290.67	57.94
2.3491	0.015725	-0.008125	58293.08	57.92
2.3508	0.015796	-0.006627	58295.48	57.96
2.3481	0.015530	-0.006704	58297.89	57.89
2.3502	0.015711	-0.006624	58300.30	57.94
2.3519	0.015822	-0.006644	58302.70	57.98
2.3491	0.015627	-0.006753	58305.11	57.92
2.3502	0.015601	-0.006744	58307.52	57.94
2.3497	0.015639	-0.006524	58308.72	57.93
2.3508	0.015674	-0.006527	58311.13	57.96
2.3497	0.015653	-0.006532	58313.53	57.93
2.3502	0.015691	-0.008094	58315.94	57.94
2.3519	0.015715	-0.006624	58318.34	57.98
2.3502	0.015707	-0.006646	58320.75	57.94
2.3519	0.015702	-0.006626	58323.16	57.98
2.3497	0.015703	-0.006678	58324.36	57.93
2.3502	0.015791	-0.006638	58326.77	57.94
2.3535	0.015749	-0.006623	58329.17	58.02
2.3513	0.015631	-0.006608	58331.58	57.97
2.3502	0.015649	-0.006566	58333.98	57.94
2.3524	0.015775	-0.006540	58336.39	57.99
2.3519	0.015761	-0.007704	58338.80	57.98
2.3530	0.014679	-0.006555	58341.20	58.01
2.3513	0.015816	-0.006537	58343.61	57.97
2.3519	0.015897	-0.006497	58346.02	57.98
2.3513	0.015718	-0.006543	58348.42	57.97
2.3486	0.015796	-0.006548	58350.83	57.90
2.3508	0.015743	-0.006558	58352.03	57.96
2.3524	0.015844	-0.006545	58354.44	57.99
2.3524	0.015849	-0.006463	58356.84	57.99
2.3524	0.015796	-0.006569	58359.25	57.99
2.3524	0.015714	-0.006475	58361.66	57.99
2.3524	0.015709	-0.006532	58364.06	57.99
2.3530	0.015846	-0.006593	58366.47	58.01
2.3524	0.015784	-0.006606	58368.88	57.99
2.3546	0.015685	-0.006502	58370.08	58.05
2.3541	0.015872	-0.006566	58372.48	58.03
2.3541	0.015839	-0.006535	58374.89	58.03
2.3541	0.015771	-0.006552	58377.30	58.03
2.3546	0.015791	-0.008018	58379.70	58.05
2.3519	0.015775	-0.006600	58380.91	57.98
2.3546	0.015596	-0.006446	58383.31	58.05
2.3546	0.015729	-0.006548	58384.52	58.05
2.3541	0.015775	-0.006590	58386.92	58.03
2.3524	0.014254	-0.007989	58389.33	57.99
2.3552	0.015820	-0.006523	58391.73	58.06
2.3546	0.015784	-0.006597	58394.14	58.05
2.3552	0.015849	-0.006608	58396.55	58.06
2.3552	0.015775	-0.006486	58398.95	58.06
2.3552	0.014240	-0.006549	58400.16	58.06
2.3557	0.015775	-0.006535	58402.56	58.07
2.3546	0.015789	-0.006521	58404.97	58.05
2.3546	0.015897	-0.006428	58407.38	58.05
2.3552	0.015747	-0.006429	58409.78	58.06
2.3552	0.014452	-0.006596	58412.19	58.06
2.3535	0.015748	-0.006523	58414.59	58.02
2.3546	0.015843	-0.008013	58417.00	58.05
2.3552	0.015824	-0.006511	58418.20	58.06
2.3541	0.015733	-0.006608	58420.61	58.03
2.3541	0.015777	-0.006575	58423.02	58.03
2.3546	0.015776	-0.006583	58424.22	58.05
2.3557	0.015771	-0.007342	58426.63	58.07
2.3546	0.014348	-0.008058	58429.03	58.05
2.3552	0.015903	-0.006602	58431.44	58.06
2.3557	0.015712	-0.006568	58433.84	58.07
2.3546	0.015749	-0.006681	58436.25	58.05
2.3546	0.015775	-0.006304	58438.66	58.05
2.3552	0.015020	-0.006514	58441.06	58.06
2.3557	0.015754	-0.006965	58443.47	58.07
2.3552	0.015671	-0.006638	58445.88	58.06
2.3546	0.015739	-0.006557	58448.28	58.05
2.3546	0.015725	-0.006531	58450.69	58.05
2.3552	0.015705	-0.006685	58453.09	58.06
2.3557	0.015769	-0.006599	58455.50	58.07
2.3563	0.014988	-0.006594	58456.70	58.09
2.3563	0.015774	-0.006497	58459.11	58.09
2.3552	0.015754	-0.006595	58461.52	58.06
2.3563	0.015737	-0.006551	58463.92	58.09
2.3552	0.014275	-0.006582	58466.33	58.06
2.3574	0.015765	-0.006507	58468.73	58.11
2.3584	0.015780	-0.006583	58471.14	58.14
2.3563	0.015745	-0.006524	58473.55	58.09
2.3568	0.015908	-0.006493	58475.95	58.10
2.3584	0.015797	-0.006481	58478.36	58.14
2.3574	0.015841	-0.006436	58480.77	58.11
2.3552	0.015878	-0.006592	58483.17	58.06
2.3574	0.015737	-0.006562	58485.58	58.11
2.3568	0.015806	-0.006572	58487.98	58.10
2.3568	0.015777	-0.006518	58490.39	58.10
2.3595	0.014279	-0.007181	58492.80	58.17
2.3579	0.015846	-0.006532	58495.20	58.13
2.3590	0.015758	-0.006532	58496.41	58.15
2.3552	0.015761	-0.006548	58498.81	58.06
2.3595	0.015800	-0.006576	58501.22	58.17
2.3568	0.015779	-0.006494	58503.63	58.10
2.3595	0.015765	-0.006610	58506.03	58.17
2.3617	0.015521	-0.006453	58508.44	58.22
2.3595	0.015793	-0.006585	58510.84	58.17
2.3579	0.015841	-0.006561	58513.25	58.13
2.3584	0.015770	-0.006567	58514.45	58.14
2.3579	0.015765	-0.006569	58516.86	58.13
2.3584	0.015742	-0.006542	58518.06	58.14
2.3590	0.015854	-0.006539	58520.47	58.15
2.3579	0.015727	-0.006541	58521.67	58.13
2.3579	0.015860	-0.006489	58524.08	58.13
2.3568	0.015841	-0.006557	58526.48	58.10
2.3579	0.014261	-0.006749	58528.89	58.13
2.3590	0.015733	-0.006535	58531.30	58.15
2.3590	0.015803	-0.006592	58533.70	58.15
2.3601	0.015816	-0.006544	58536.11	58.18
2.3601	0.015800	-0.006563	58538.52	58.18
2.3595	0.015735	-0.007867	58540.92	58.17
2.3573	0.015776	-0.008027	58543.33	58.11
2.3590	0.015755	-0.006557	58545.73	58.15
2.3584	0.015818	-0.006535	58548.14	58.14
2.3579	0.015711	-0.007203	58550.55	58.13
2.3584	0.015710	-0.006542	58552.95	58.14
2.3584	0.015784	-0.006472	58554.16	58.14
2.3584	0.015882	-0.006491	58556.56	58.14
2.3579	0.015742	-0.006644	58558.97	58.13
2.3573	0.015884	-0.006671	58561.38	58.11
2.3568	0.015840	-0.006627	58563.78	58.10
2.3584	0.015245	-0.006512	58566.19	58.14
2.3573	0.015858	-0.006547	58568.59	58.11
2.3579	0.015867	-0.007679	58571.00	58.13
2.3579	0.015812	-0.006523	58572.20	58.13
2.3568	0.015685	-0.006543	58574.61	58.10
2.3590	0.015669	-0.006608	58577.02	58.15
2.3579	0.015762	-0.006593	58579.42	58.13
2.3574	0.015761	-0.006638	58581.83	58.11
2.3568	0.015631	-0.006659	58584.23	58.10
2.3584	0.015664	-0.006561	58586.64	58.14
2.3574	0.015783	-0.006597	58589.05	58.11
2.3573	0.015727	-0.006523	58591.45	58.11
2.3590	0.015738	-0.006575	58593.86	58.15
2.3590	0.015763	-0.006566	58596.27	58.15
2.3590	0.015714	-0.006555	58597.47	58.15
2.3590	0.015789	-0.006625	58598.67	58.15
2.3579	0.015810	-0.007282	58601.08	58.13
2.3601	0.015778	-0.007505	58603.48	58.18
2.3617	0.015685	-0.006514	58605.89	58.22
2.3606	0.015774	-0.006619	58608.30	58.19
2.3601	0.015674	-0.006578	58609.50	58.18
2.3584	0.015825	-0.006524	58610.70	58.14
2.3568	0.014774	-0.006559	58613.11	58.10
2.3601	0.015325	-0.006608	58615.52	58.18
2.3595	0.015759	-0.006563	58616.72	58.17
2.3595	0.015711	-0.006594	58617.92	58.17
2.3573	0.015748	-0.006561	58620.33	58.11
2.3590	0.015696	-0.006611	58622.73	58.15
2.3612	0.015833	-0.006552	58625.14	58.21
2.3584	0.015782	-0.006442	58627.55	58.14
2.3595	0.015681	-0.006651	58629.95	58.17
2.3573	0.015769	-0.007409	58632.36	58.11
2.3590	0.014257	-0.007502	58634.77	58.15
2.3601	0.015727	-0.006629	58637.17	58.18
2.3590	0.015746	-0.007383	58639.58	58.15
2.3579	0.015727	-0.006483	58640.78	58.13
2.3601	0.014259	-0.006616	58641.98	58.18
2.3584	0.015770	-0.006286	58644.39	58.14
2.3612	0.016007	-0.006432	58646.80	58.21
2.3584	0.015803	-0.006581	58649.20	58.14
2.3595	0.015703	-0.006623	58651.61	58.17
2.3579	0.015820	-0.007921	58654.02	58.13
2.3584	0.015799	-0.006532	58656.42	58.14
2.3590	0.015712	-0.006663	58658.83	58.15
2.3579	0.015921	-0.006516	58661.23	58.13
2.3568	0.015799	-0.006588	58663.64	58.10
2.3579	0.015708	-0.006675	58666.05	58.13
2.3584	0.015810	-0.006491	58668.45	58.14
2.3584	0.015766	-0.007993	58670.86	58.14
2.3584	0.015768	-0.006502	58673.27	58.14
2.3579	0.014344	-0.006474	58675.67	58.13
2.3568	0.014950	-0.006552	58678.08	58.10
2.3590	0.015802	-0.006653	58680.48	58.15
2.3573	0.015695	-0.006696	58682.89	58.11
2.3579	0.015763	-0.006581	58685.30	58.13
2.3573	0.015832	-0.007398	58687.70	58.11
2.3563	0.015635	-0.006631	58688.91	58.09
2.3584	0.015700	-0.006515	58691.31	58.14
2.3579	0.015774	-0.006437	58693.72	58.13
2.3579	0.015949	-0.006368	58696.13	58.13
2.3584	0.015812	-0.006347	58698.53	58.14
2.3590	0.015945	-0.006313	58700.94	58.15
2.3568	0.016151	-0.006281	58703.34	58.10
2.3584	0.016016	-0.006312	58705.75	58.14
2.3601	0.015895	-0.006426	58708.16	58.18
2.3590	0.015538	-0.006412	58710.56	58.15
2.3568	0.015951	-0.006392	58711.77	58.10
2.3579	0.015934	-0.007317	58714.17	58.13
2.3568	0.015838	-0.007207	58716.58	58.10
2.3584	0.015822	-0.006436	58718.98	58.14
2.3573	0.016002	-0.006410	58721.39	58.11
2.3573	0.015818	-0.006453	58723.80	58.11
2.3584	0.015926	-0.006469	58726.20	58.14
2.3573	0.015640	-0.006403	58728.61	58.11
2.3568	0.016002	-0.006282	58731.02	58.10
2.3573	0.016107	-0.006314	58733.42	58.11
2.3584	0.015983	-0.006337	58735.83	58.14
2.3579	0.016139	-0.006273	58738.23	58.13
2.3584	0.015072	-0.006714	58740.64	58.14
2.3579	0.015304	-0.006375	58743.05	58.13
2.3568	0.016013	-0.007639	58744.25	58.10
2.3574	0.015979	-0.006311	58746.66	58.11
2.3584	0.015968	-0.007875	58749.06	58.14
2.3568	0.015962	-0.006361	58751.47	58.10
2.3584	0.015896	-0.006406	58753.88	58.14
2.3574	0.014382	-0.006338	58755.08	58.11
2.3568	0.015907	-0.006422	58757.48	58.10
2.3568	0.015945	-0.006337	58759.89	58.10
2.3579	0.016001	-0.006310	58762.30	58.13
2.3590	0.016004	-0.006277	58764.70	58.15
2.3579	0.015922	-0.006323	58767.11	58.13
2.3584	0.014994	-0.007878	58769.52	58.14
2.3573	0.015968	-0.006265	58771.92	58.11
2.3584	0.016018	-0.006279	58774.33	58.14
2.3579	0.016081	-0.006410	58775.53	58.13
2.3568	0.016055	-0.007851	58777.94	58.10
2.3568	0.015983	-0.006378	58779.14	58.10
2.3573	0.015969	-0.006374	58781.55	58.11
2.3595	0.015988	-0.006362	58783.95	58.17
2.3584	0.016009	-0.006407	58786.36	58.14
2.3584	0.015869	-0.006364	58788.77	58.14
2.3584	0.015911	-0.007965	58791.17	58.14
2.3584	0.015793	-0.006527	58793.58	58.14
2.3590	0.015942	-0.007164	58795.98	58.15
2.3573	0.015961	-0.006322	58798.39	58.11
2.3579	0.015920	-0.006418	58800.80	58.13
2.3579	0.015867	-0.006405	58803.20	58.13
2.3595	0.015961	-0.006356	58805.61	58.17
2.3584	0.015884	-0.006431	58808.02	58.14
2.3568	0.015991	-0.006417	58810.42	58.10
2.3568	0.015863	-0.006389	58812.83	58.10
2.3568	0.015932	-0.006347	58815.23	58.10
2.3579	0.015878	-0.006369	58817.64	58.13
2.3573	0.014383	-0.006484	58820.05	58.11
2.3579	0.015874	-0.006388	58821.25	58.13
2.3568	0.015834	-0.007739	58823.66	58.10
2.3573	0.015959	-0.006547	58826.06	58.11
2.3590	0.015839	-0.006539	58828.47	58.15
2.3573	0.015845	-0.006459	58830.88	58.11
2.3568	0.015888	-0.006539	58833.28	58.10
2.3557	0.015822	-0.006469	58835.69	58.07
2.3568	0.015927	-0.006446	58838.09	58.10
2.3579	0.015926	-0.006412	58840.50	58.13
2.3568	0.015938	-0.006462	58842.91	58.10
2.3557	0.015944	-0.006336	58845.31	58.07
2.3552	0.015968	-0.006432	58847.72	58.06
2.3552	0.016006	-0.006319	58848.92	58.06
2.3557	0.015949	-0.006306	58851.33	58.07
2.3557	0.015950	-0.006227	58853.73	58.07
2.3563	0.015899	-0.006258	58856.14	58.09
2.3568	0.016044	-0.006116	58858.55	58.10
2.3552	0.016037	-0.006373	58860.95	58.06
2.3541	0.015828	-0.006474	58863.36	58.03
2.3552	0.015899	-0.006427	58865.77	58.06
2.3552	0.015826	-0.006433	58866.97	58.06
2.3552	0.015843	-0.006434	58868.17	58.06
2.3546	0.014402	-0.006493	58870.58	58.05
2.3568	0.014374	-0.006496	58872.98	58.10
2.3552	0.015858	-0.006445	58875.39	58.06
2.3563	0.015763	-0.006550	58877.80	58.09
2.3546	0.015830	-0.006994	58880.20	58.05
2.3552	0.015853	-0.006565	58882.61	58.06
2.3557	0.014297	-0.006534	58885.02	58.07
2.3541	0.015890	-0.006401	58887.42	58.03
2.3535	0.015899	-0.006363	58889.83	58.02
2.3552	0.015959	-0.006389	58891.03	58.06
2.3557	0.015874	-0.006374	58893.44	58.07
2.3546	0.016057	-0.006257	58894.64	58.05
2.3552	0.016006	-0.006270	58895.84	58.06
2.3552	0.015852	-0.006391	58898.25	58.06
2.3568	0.015879	-0.006466	58900.66	58.10
2.3563	0.015940	-0.006275	58903.06	58.09
2.3557	0.014362	-0.006387	58905.47	58.07
2.3546	0.015968	-0.006274	58907.88	58.05
2.3546	0.015973	-0.006349	58910.28	58.05
2.3541	0.015958	-0.006323	58912.69	58.03
2.3557	0.016015	-0.006291	58915.09	58.07
2.3563	0.015969	-0.006328	58917.50	58.09
2.3546	0.016045	-0.006326	58918.70	58.05
2.3546	0.015980	-0.006402	58921.11	58.05
2.3546	0.015880	-0.006308	58923.52	58.05
2.3546	0.016018	-0.006280	58925.92	58.05
2.3568	0.015967	-0.006358	58928.33	58.10
2.3568	0.015863	-0.006488	58930.73	58.10
2.3568	0.015879	-0.006389	58933.14	58.10
2.3546	0.015896	-0.006432	58935.55	58.05
2.3546	0.015953	-0.006376	58937.95	58.05
2.3546	0.015918	-0.006328	58940.36	58.05
2.3552	0.015946	-0.006301	58942.77	58.06
2.3541	0.015196	-0.006322	58945.17	58.03
2.3552	0.014347	-0.006362	58947.58	58.06
2.3530	0.015986	-0.006232	58949.98	58.01
2.3524	0.015961	-0.007053	58952.39	57.99
2.3541	0.015959	-0.006327	58954.80	58.03
2.3541	0.015955	-0.006324	58957.20	58.03
2.3546	0.015987	-0.006251	58959.61	58.05
2.3546	0.016005	-0.006224	58962.02	58.05
2.3524	0.015948	-0.006309	58964.42	57.99
2.3546	0.016066	-0.007950	58966.83	58.05
2.3530	0.015851	-0.007895	58969.23	58.01
2.3541	0.015884	-0.006443	58971.64	58.03
2.3541	0.015877	-0.006403	58974.05	58.03
2.3530	0.015865	-0.006325	58976.45	58.01
2.3546	0.014442	-0.006383	58978.86	58.05
2.3552	0.015868	-0.006456	58981.27	58.06
2.3541	0.016033	-0.006280	58983.67	58.03
2.3535	0.016062	-0.006346	58986.08	58.02
2.3524	0.014465	-0.006271	58987.28	57.99
2.3546	0.015777	-0.006336	58989.69	58.05
2.3541	0.015950	-0.006392	58992.09	58.03
2.3541	0.015946	-0.006334	58994.50	58.03
2.3541	0.014329	-0.006368	58996.91	58.03
2.3519	0.015990	-0.006286	58999.31	57.98
2.3535	0.015942	-0.007866	59001.72	58.02
2.3508	0.015987	-0.006387	59004.13	57.96
2.3524	0.015952	-0.006216	59006.53	57.99
2.3535	0.016053	-0.006302	59008.94	58.02
2.3546	0.016005	-0.006295	59011.34	58.05
2.3513	0.016041	-0.006367	59013.75	57.97
2.3524	0.015971	-0.007070	59016.16	57.99
2.3502	0.016228	-0.006256	59018.56	57.94
2.3519	0.015962	-0.006363	59020.97	57.98
2.3519	0.016047	-0.006325	59023.38	57.98
2.3513	0.015995	-0.006224	59024.58	57.97
2.3513	0.015847	-0.006284	59026.98	57.97
2.3530	0.015971	-0.006329	59029.39	58.01
2.3524	0.016037	-0.006407	59031.80	57.99
2.3508	0.015924	-0.006335	59034.20	57.96
2.3519	0.015971	-0.006376	59036.61	57.98
2.3513	0.015980	-0.006362	59039.02	57.97
2.3535	0.016006	-0.006353	59041.42	58.02
2.3519	0.015987	-0.006309	59043.83	57.98
2.3530	0.015934	-0.006268	59046.23	58.01
2.3524	0.016001	-0.006259	59048.64	57.99
2.3530	0.016062	-0.007677	59049.84	58.01
2.3508	0.015034	-0.006256	59052.25	57.96
2.3513	0.015978	-0.006204	59054.66	57.97
2.3530	0.015960	-0.006302	59057.06	58.01
2.3508	0.016007	-0.006299	59059.47	57.96
2.3513	0.015974	-0.006366	59061.88	57.97
2.3513	0.015899	-0.006325	59064.28	57.97
2.3502	0.016047	-0.006218	59066.69	57.94
2.3513	0.016009	-0.006312	59069.09	57.97
2.3535	0.016004	-0.006309	59071.50	58.02
2.3530	0.015924	-0.006269	59073.91	58.01
2.3513	0.015973	-0.006373	59075.11	57.97
2.3524	0.015097	-0.006379	59077.52	57.99
2.3524	0.015755	-0.006336	59079.92	57.99
2.3513	0.015858	-0.006295	59082.33	57.97
2.3519	0.015956	-0.006383	59084.73	57.98
2.3502	0.015972	-0.006299	59087.14	57.94
2.3519	0.016019	-0.006639	59089.55	57.98
2.3508	0.016124	-0.006241	59091.95	57.96
2.3502	0.016147	-0.006317	59094.36	57.94
2.3508	0.015932	-0.006386	59096.77	57.96
2.3502	0.015965	-0.006376	59099.17	57.94
2.3530	0.016014	-0.006284	59101.58	58.01
2.3502	0.016059	-0.006069	59103.98	57.94
2.3524	0.015955	-0.006483	59106.39	57.99
2.3513	0.015903	-0.006406	59108.80	57.97
2.3530	0.015965	-0.006234	59111.20	58.01
2.3519	0.015824	-0.006458	59113.61	57.98
2.3491	0.016034	-0.006376	59116.02	57.92
2.3486	0.015828	-0.006472	59118.42	57.90
2.3497	0.015931	-0.006376	59120.83	57.93
2.3497	0.015873	-0.006410	59123.23	57.93
2.3491	0.015846	-0.006308	59125.64	57.92
2.3475	0.015956	-0.006381	59128.05	57.88
2.3497	0.015870	-0.006422	59129.25	57.93
2.3491	0.015887	-0.006484	59131.66	57.92
2.3470	0.015892	-0.006419	59134.06	57.86
2.3480	0.015911	-0.006354	59136.47	57.89
2.3491	0.015909	-0.006273	59138.88	57.92
2.3475	0.015134	-0.006301	59141.28	57.88
2.3470	0.015959	-0.007822	59143.69	57.86
2.3480	0.016021	-0.007348	59146.09	57.89
2.3480	0.015946	-0.006203	59147.30	57.89
2.3470	0.015952	-0.006257	59148.50	57.86
2.3491	0.015976	-0.006312	59149.70	57.92
2.3481	0.015903	-0.006882	59150.91	57.89
2.3475	0.016013	-0.006279	59152.11	57.88
2.3491	0.015965	-0.006293	59154.52	57.92
2.3486	0.015906	-0.006368	59156.92	57.90
2.3480	0.015920	-0.006304	59158.13	57.89
2.3480	0.015924	-0.006251	59159.33	57.89
2.3502	0.016086	-0.006257	59160.53	57.94
2.3470	0.016030	-0.006111	59162.94	57.86
2.3480	0.016225	-0.006112	59165.34	57.89
2.3497	0.016150	-0.006129	59167.75	57.93
2.3486	0.016208	-0.006019	59170.16	57.90
2.3480	0.016121	-0.006060	59172.56	57.89
2.3470	0.016201	-0.006162	59174.97	57.86
2.3491	0.016107	-0.006082	59176.17	57.92
2.3464	0.016033	-0.006158	59178.58	57.85
2.3470	0.016009	-0.006152	59179.78	57.86
2.3497	0.016043	-0.006197	59182.19	57.93
2.3464	0.016026	-0.006199	59183.39	57.85
2.3475	0.016102	-0.006191	59185.80	57.88
2.3475	0.016033	-0.006246	59188.20	57.88
2.3480	0.015978	-0.006328	59190.61	57.89
2.3459	0.015904	-0.006383	59193.02	57.84
2.3480	0.015921	-0.006288	59195.42	57.89
2.3475	0.015216	-0.006272	59197.83	57.88
2.3486	0.015886	-0.006349	59199.03	57.90
2.3464	0.015994	-0.007354	59200.23	57.85
2.3470	0.014439	-0.006888	59202.64	57.86
2.3497	0.016139	-0.006063	59205.05	57.93
2.3475	0.016249	-0.005968	59207.45	57.88
2.3480	0.016302	-0.005970	59209.86	57.89
2.3475	0.016178	-0.006087	59212.27	57.88
2.3475	0.016029	-0.006299	59214.67	57.88
2.3470	0.015937	-0.006308	59217.08	57.86
2.3481	0.015939	-0.006329	59219.48	57.89
2.3470	0.015948	-0.006241	59221.89	57.86
2.3486	0.015904	-0.006322	59223.09	57.90
2.3480	0.016002	-0.006109	59225.50	57.89
2.3486	0.016148	-0.006068	59227.91	57.90
2.3464	0.016185	-0.006336	59230.31	57.85
2.3475	0.015925	-0.006321	59232.72	57.88
2.3486	0.014385	-0.006307	59235.13	57.90
2.3480	0.015969	-0.007348	59237.53	57.89
2.3486	0.015860	-0.006352	59239.94	57.90
2.3470	0.015892	-0.007805	59241.14	57.86
2.3475	0.015919	-0.008026	59242.34	57.88
2.3470	0.015838	-0.006369	59244.75	57.86
2.3459	0.015925	-0.006350	59245.95	57.84
2.3470	0.014415	-0.006334	59247.16	57.86
2.3464	0.015847	-0.006340	59249.56	57.85
2.3464	0.015863	-0.006295	59251.97	57.85
2.3470	0.015885	-0.006341	59254.38	57.86
2.3459	0.015879	-0.006342	59255.58	57.84
2.3475	0.015891	-0.006393	59257.98	57.88
2.3475	0.014335	-0.006347	59260.39	57.88
2.3508	0.015872	-0.006380	59261.59	57.96
2.3480	0.015894	-0.006361	59264.00	57.89
2.3470	0.015837	-0.006360	59266.41	57.86
2.3480	0.015912	-0.006294	59267.61	57.89
2.3470	0.015923	-0.006288	59270.02	57.86
2.3470	0.015906	-0.006366	59271.22	57.86
2.3480	0.015964	-0.006283	59272.42	57.89
2.3464	0.015931	-0.006241	59274.83	57.85
2.3475	0.015871	-0.006405	59277.23	57.88
2.3464	0.015926	-0.007811	59279.64	57.85
2.3464	0.015939	-0.006345	59280.84	57.85
2.3459	0.015896	-0.006409	59283.25	57.84
2.3459	0.015093	-0.006305	59284.45	57.84
2.3475	0.015258	-0.006410	59285.66	57.88
2.3464	0.015877	-0.006366	59288.06	57.85
2.3481	0.015975	-0.006427	59289.27	57.89
2.3453	0.015275	-0.006368	59291.67	57.82
2.3470	0.015813	-0.006312	59294.08	57.86
2.3437	0.015873	-0.006259	59296.48	57.78
2.3448	0.015905	-0.006421	59298.89	57.81
2.3453	0.015896	-0.006342	59301.30	57.82
2.3459	0.015868	-0.006389	59303.70	57.84
2.3453	0.015815	-0.006295	59306.11	57.82
2.3448	0.015887	-0.006388	59308.52	57.81
2.3459	0.015903	-0.006402	59310.92	57.84
2.3448	0.015979	-0.006349	59313.33	57.81
2.3464	0.015868	-0.006367	59315.73	57.85
2.3453	0.015920	-0.007008	59318.14	57.82
2.3459	0.016242	-0.006240	59320.55	57.84
2.3453	0.015822	-0.006322	59322.95	57.82
2.3453	0.016053	-0.006243	59325.36	57.82
2.3453	0.016137	-0.006120	59327.77	57.82
2.3442	0.016093	-0.006125	59330.17	57.80
2.3453	0.015911	-0.006319	59332.58	57.82
2.3415	0.015890	-0.006247	59334.98	57.73
2.3431	0.014432	-0.006386	59337.39	57.77
2.3404	0.015903	-0.006263	59339.80	57.70
2.3409	0.015947	-0.006309	59342.20	57.72
2.3415	0.015829	-0.006338	59344.61	57.73
2.3404	0.015924	-0.006261	59347.02	57.70
2.3398	0.015233	-0.006299	59348.22	57.69
2.3420	0.014432	-0.006331	59350.63	57.74
2.3398	0.015950	-0.006355	59353.03	57.69
2.3409	0.015922	-0.006326	59355.44	57.72
2.3404	0.015869	-0.006261	59357.84	57.70
2.3398	0.015934	-0.006335	59360.25	57.69
2.3382	0.015900	-0.006321	59361.45	57.65
2.3382	0.015832	-0.006464	59363.86	57.65
2.3371	0.015872	-0.006381	59366.27	57.63
2.3388	0.015769	-0.006484	59368.67	57.66
2.3371	0.015906	-0.006399	59371.08	57.63
2.3371	0.015920	-0.006403	59373.48	57.63
2.3371	0.015829	-0.006371	59375.89	57.63
2.3366	0.015788	-0.006414	59378.30	57.61
2.3371	0.015853	-0.006372	59380.70	57.63
2.3360	0.015783	-0.006375	59383.11	57.60
2.3355	0.016136	-0.006055	59385.52	57.59
2.3371	0.016107	-0.006183	59386.72	57.63
2.3360	0.016245	-0.006142	59389.13	57.60
2.3349	0.016353	-0.005915	59391.53	57.57
2.3371	0.016464	-0.005817	59393.94	57.63
2.3355	0.016299	-0.005695	59396.34	57.59
2.3360	0.016571	-0.005792	59398.75	57.60
2.3360	0.016535	-0.005781	59401.16	57.60
2.3355	0.016533	-0.005803	59403.56	57.59
2.3366	0.016510	-0.005724	59404.77	57.61
2.3349	0.016302	-0.005821	59407.17	57.57
2.3349	0.016332	-0.006037	59409.58	57.57
2.3360	0.016432	-0.005867	59411.98	57.60
2.3360	0.016505	-0.007391	59414.39	57.60
2.3371	0.016487	-0.007404	59415.59	57.63
2.3355	0.016281	-0.005996	59418.00	57.59
2.3366	0.016389	-0.006171	59420.41	57.61
2.3371	0.016397	-0.005809	59422.81	57.63
2.3366	0.016111	-0.006335	59425.22	57.61
2.3371	0.015856	-0.006431	59426.42	57.63
2.3349	0.015829	-0.006380	59427.63	57.57
2.3349	0.015893	-0.006433	59430.03	57.57
2.3388	0.015841	-0.006513	59432.44	57.66
2.3371	0.015820	-0.006514	59434.84	57.63
2.3371	0.015755	-0.007190	59437.25	57.63
2.3366	0.015831	-0.006454	59439.66	57.61
2.3366	0.015834	-0.006437	59442.06	57.61
2.3371	0.015722	-0.006399	59443.27	57.63
2.3377	0.016028	-0.006260	59445.67	57.64
2.3366	0.015856	-0.006408	59448.08	57.61
2.3371	0.015792	-0.006526	59450.48	57.63
2.3382	0.015834	-0.006422	59452.89	57.65
2.3366	0.015852	-0.006389	59455.30	57.61
2.3360	0.015709	-0.006473	59457.70	57.60
2.3371	0.015828	-0.006471	59460.11	57.63
2.3360	0.015896	-0.006471	59462.52	57.60
2.3382	0.015874	-0.006432	59464.92	57.65
2.3366	0.015867	-0.006414	59467.33	57.61
2.3382	0.015834	-0.007981	59469.73	57.65
2.3398	0.015947	-0.006423	59472.14	57.69
2.3398	0.015772	-0.006359	59474.55	57.69
2.3388	0.015941	-0.006405	59476.95	57.66
2.3398	0.016050	-0.006166	59479.36	57.69
2.3388	0.015911	-0.006354	59481.77	57.66
2.3377	0.015918	-0.006374	59484.17	57.64
2.3377	0.015945	-0.006395	59486.58	57.64
2.3398	0.015930	-0.006398	59488.98	57.69
2.3404	0.015935	-0.006408	59491.39	57.70
2.3409	0.015919	-0.006404	59492.59	57.72
2.3415	0.015952	-0.006432	59495.00	57.73
2.3420	0.015934	-0.006377	59497.41	57.74
2.3398	0.015949	-0.006509	59498.61	57.69
2.3409	0.015933	-0.006427	59501.02	57.72
2.3420	0.015866	-0.006455	59502.22	57.74
2.3409	0.015841	-0.006415	59504.63	57.72
2.3426	0.015824	-0.006409	59507.03	57.76
2.3404	0.015977	-0.006296	59509.44	57.70
2.3426	0.015829	-0.006495	59511.84	57.76
2.3409	0.014659	-0.006368	59514.25	57.72
2.3431	0.015908	-0.006332	59515.45	57.77
2.3404	0.015894	-0.006409	59516.66	57.70
2.3415	0.015897	-0.006378	59519.06	57.73
2.3426	0.015856	-0.006402	59521.47	57.76
2.3431	0.015926	-0.006404	59523.88	57.77
2.3409	0.015791	-0.006308	59525.08	57.72
2.3420	0.015987	-0.006518	59527.48	57.74
2.3442	0.015969	-0.006414	59529.89	57.80
2.3420	0.015973	-0.006352	59531.09	57.74
2.3426	0.015895	-0.006407	59533.50	57.76
2.3426	0.015814	-0.006466	59535.91	57.76
2.3420	0.015936	-0.006381	59538.31	57.74
2.3426	0.015915	-0.006458	59540.72	57.76
2.3420	0.015877	-0.006521	59543.13	57.74
2.3420	0.015783	-0.006475	59545.53	57.74
2.3426	0.015847	-0.006424	59547.94	57.76
2.3437	0.015900	-0.006233	59549.14	57.78
2.3409	0.016201	-0.005968	59551.55	57.72
2.3431	0.016037	-0.006355	59553.95	57.77
2.3431	0.015798	-0.006410	59556.36	57.77
