n Δx [mm] Δy [mm] φ [deg] R [mm] Δz [µm]
1 1,0906 -0,0599 3,15 1,0923 -0,2535
2 0,0461 0,8785 -87,00 0,8797 -0,3842
3 -0,9292 -0,0991 173,91 0,9345 0,3050
4 0,0576 0,8347 -86,05 0,8367 -0,0515
5 -0,3781 0,0184 -177,21 0,3786 -0,4278
6 -0,0323 -0,5810 93,18 0,5819 -0,1030
7 -0,8854 -0,0461 177,02 0,8866 -0,1862
8 0,3205 -0,0208 3,70 0,3212 -0,0832
9 0,1960 -0,0184 5,38 0,1969 -0,1109
10 0,5603 -0,0092 0,94 0,5604 0,1703
11 0,2513 -0,0046 1,05 0,2514 0,2495
12 -0,6387 -0,0023 179,79 0,6387 0,1188
13 -0,2744 0,0046 -179,04 0,2744 -0,1426
14 0,0184 0,2997 -86,48 0,3003 0,1188
15 -0,0184 0,4335 -92,44 0,4339 -0,0753
16 -0,4727 0,0369 -175,54 0,4741 -0,4793
17 -0,1729 0,0254 -171,66 0,1748 0,1505
18 -0,3574 0,0023 -179,63 0,3574 -0,4396
19 -0,4173 0,0000 180,00 0,4173 0,2891
20 -0,1683 0,0023 -179,22 0,1683 0,1188
21 -0,2951 0,0092 -178,21 0,2953 -0,1664
22 -0,0484 -0,9154 93,03 0,9167 0,6100
23 0,0991 1,0629 -84,67 1,0676 0,5466
