n Δx [mm] Δy [mm] φ [deg] R [mm] Δz [µm]
1 0,4750 -0,0092 1,11 0,4751 0,5981
2 -0,8139 0,0484 -176,60 0,8154 0,0396
3 -0,5511 0,1222 -167,50 0,5645 0,1188
4 -0,1891 0,0323 -170,31 0,1918 -0,0198
5 0,7886 -0,0161 1,17 0,7887 0,0713
6 -0,4588 0,0369 -175,40 0,4603 -0,4278
7 -1,0122 -0,0069 179,61 1,0122 0,3327
8 0,0392 0,8393 -87,33 0,8402 0,1347
9 0,0254 0,7032 -87,93 0,7037 0,0396
10 0,5073 0,0023 -0,26 0,5073 -0,0753
11 0,3366 -0,0023 0,39 0,3366 0,7011
12 1,0076 -0,0115 0,66 1,0077 -0,1426
13 0,2237 0,0000 0,00 0,2237 -0,1584
14 0,3366 0,0069 -1,18 0,3367 0,4080
15 0,4658 -0,0046 0,57 0,4658 -0,6892
16 0,0231 -0,5834 87,74 0,5838 -0,0119
17 0,0208 -0,6018 88,03 0,6022 -0,0673
18 0,0000 -0,2513 90,00 0,2513 -0,0040
19 -0,0023 -0,3343 90,40 0,3343 -0,0238
20 -0,0323 -0,6917 92,67 0,6925 0,0198
21 0,0231 -0,7217 88,17 0,7221 -0,1545
