n Δx [mm] Δy [mm] φ [deg] R [mm] Δz [µm]
1 -1,0537 0,0553 -176,99 1,0552 -0,2693
2 1,0745 -0,0392 2,09 1,0752 -0,2456
3 -0,1706 0,0069 -177,68 0,1708 -0,2891
4 -0,5442 -0,0092 179,03 0,5442 -0,1188
5 -0,6133 -0,0231 177,85 0,6138 -0,3525
6 -0,6940 0,0507 -175,82 0,6959 -0,0277
7 -0,3205 0,0000 180,00 0,3205 -0,6298
8 -0,7540 0,0023 -179,82 0,7540 0,0238
9 -0,7632 0,0323 -177,58 0,7639 -0,0713
10 -0,0553 -1,2382 92,56 1,2394 0,1188
11 -0,0991 -1,1736 94,83 1,1778 -0,0475
12 0,0000 0,8739 -90,00 0,8739 -0,0158
13 0,0069 0,6041 -89,34 0,6041 -0,0119
14 -0,0784 -0,9961 94,50 0,9992 -0,6377
