n Δx [mm] Δy [mm] φ [deg] R [mm] Δz [nm]
1 1,0514 -0,0138 0,75 1,0515 455,49
2 0,5949 -0,0300 2,88 0,5956 -106,94
3 0,4773 -0,0208 2,49 0,4777 -269,33
4 0,0184 0,8370 -88,74 0,8372 -142,59
5 -0,0277 1,4273 -91,11 1,4275 -451,53
6 0,5257 0,0046 -0,50 0,5257 154,47
7 -0,5949 0,0208 -178,00 0,5952 190,12
8 -0,2675 -0,0138 177,04 0,2678 241,61
9 -0,4934 0,0000 180,00 0,4934 -102,98
10 -0,4266 0,0138 -178,14 0,4268 661,45
11 -0,5119 0,0161 -178,19 0,5121 59,41
12 -0,7747 0,0208 -178,47 0,7750 47,53
13 0,4819 -0,0161 1,92 0,4822 269,33
