1.5140	0.015729	-0.002977	58925.22	37.64
1.5167	0.015992	-0.002478	58928.22	37.70
1.5134	0.015905	-0.002586	58931.22	37.62
1.5156	0.015978	-0.002706	58934.22	37.68
1.5156	0.015992	-0.002790	58937.22	37.68
1.5156	0.015526	-0.002967	58940.22	37.68
1.5140	0.016225	-0.002627	58943.22	37.64
1.5167	0.015928	-0.002622	58946.22	37.70
1.5156	0.016017	-0.002764	58949.22	37.68
1.5156	0.015644	-0.002831	58952.22	37.68
1.5150	0.015788	-0.002559	58955.22	37.66
1.5156	0.015651	-0.002434	58958.22	37.68
1.5172	0.016283	-0.002608	58961.22	37.72
1.5172	0.016486	-0.002682	58964.22	37.72
1.5172	0.016091	-0.002359	58967.22	37.72
1.5156	0.016066	-0.002466	58970.22	37.68
1.5178	0.016259	-0.002935	58973.22	37.73
1.5156	0.016070	-0.002306	58976.22	37.68
1.5167	0.015893	-0.002660	58979.22	37.70
1.5150	0.015818	-0.002501	58982.22	37.66
1.5167	0.015728	-0.002748	58985.22	37.70
1.5167	0.016289	-0.002664	58988.22	37.70
1.5183	0.016098	-0.002515	58991.22	37.74
1.5178	0.016201	-0.002358	58994.22	37.73
1.5172	0.016067	-0.002637	58997.22	37.72
1.5189	0.016115	-0.002604	59000.22	37.76
1.5183	0.016072	-0.002253	59003.22	37.74
1.5161	0.015846	-0.002130	59006.22	37.69
1.5183	0.015960	-0.002513	59009.22	37.74
1.5189	0.015924	-0.002578	59012.22	37.76
1.5161	0.015790	-0.002832	59015.22	37.69
1.5167	0.016052	-0.002631	59018.22	37.70
1.5172	0.015737	-0.002672	59021.22	37.72
1.5161	0.016026	-0.002815	59024.22	37.69
1.5161	0.016174	-0.002446	59027.22	37.69
1.5178	0.015838	-0.002433	59030.22	37.73
1.5161	0.016170	-0.002573	59033.22	37.69
1.5183	0.016395	-0.002467	59036.22	37.74
1.5161	0.016006	-0.002519	59039.22	37.69
1.5161	0.015869	-0.002348	59042.22	37.69
1.5189	0.016027	-0.002568	59045.22	37.76
1.5189	0.016081	-0.002622	59048.22	37.76
1.5194	0.016053	-0.002621	59051.22	37.77
1.5172	0.016116	-0.002686	59054.22	37.72
1.5172	0.015738	-0.002493	59057.22	37.72
1.5167	0.016138	-0.002499	59060.22	37.70
1.5194	0.016080	-0.002450	59063.22	37.77
1.5183	0.015892	-0.002565	59066.22	37.74
1.5194	0.015953	-0.002510	59069.22	37.77
1.5183	0.016086	-0.002495	59072.22	37.74
1.5200	0.016101	-0.002637	59075.22	37.78
1.5178	0.016276	-0.002518	59078.22	37.73
1.5183	0.016245	-0.002585	59081.22	37.74
1.5194	0.016178	-0.002465	59084.22	37.77
1.5200	0.016159	-0.002585	59087.22	37.78
1.5178	0.015869	-0.002597	59090.22	37.73
1.5189	0.015894	-0.002635	59093.22	37.76
1.5216	0.016220	-0.002517	59096.22	37.82
1.5194	0.015801	-0.002622	59099.22	37.77
1.5205	0.016124	-0.002727	59102.22	37.80
1.5189	0.016059	-0.002584	59105.22	37.76
1.5216	0.016168	-0.002704	59108.22	37.82
1.5200	0.015971	-0.002282	59111.22	37.78
1.5205	0.016101	-0.002406	59114.22	37.80
1.5211	0.016020	-0.002495	59117.22	37.81
1.5200	0.016243	-0.002442	59120.22	37.78
1.5183	0.016169	-0.002434	59123.22	37.74
1.5194	0.016098	-0.002590	59126.22	37.77
1.5194	0.016010	-0.002514	59129.22	37.77
1.5194	0.015811	-0.002884	59132.22	37.77
1.5205	0.016044	-0.002519	59135.22	37.80
1.5216	0.016177	-0.002491	59138.22	37.82
1.5211	0.016079	-0.002462	59141.22	37.81
1.5211	0.016225	-0.002413	59144.22	37.81
1.5211	0.016163	-0.002681	59147.22	37.81
1.5194	0.016060	-0.002469	59150.22	37.77
1.5211	0.016045	-0.002740	59153.22	37.81
1.5205	0.016037	-0.002456	59156.22	37.80
1.5205	0.016109	-0.002418	59159.22	37.80
1.5216	0.015833	-0.002770	59162.22	37.82
1.5216	0.015849	-0.002693	59165.22	37.82
1.5205	0.015729	-0.002739	59168.22	37.80
1.5205	0.015940	-0.002973	59171.22	37.80
1.5222	0.015939	-0.002477	59174.22	37.84
1.5200	0.016069	-0.002446	59177.22	37.78
1.5211	0.015815	-0.002505	59180.22	37.81
1.5205	0.015954	-0.002172	59183.22	37.80
1.5211	0.016031	-0.002225	59186.22	37.81
1.5211	0.015940	-0.002586	59189.22	37.81
1.5194	0.016015	-0.002317	59192.22	37.77
1.5205	0.016204	-0.002639	59195.22	37.80
1.5200	0.016005	-0.002650	59198.22	37.78
1.5205	0.016108	-0.002476	59201.22	37.80
1.5211	0.016088	-0.002763	59204.22	37.81
1.5189	0.016114	-0.002608	59207.22	37.76
1.5200	0.016210	-0.002568	59210.22	37.78
1.5178	0.016017	-0.002492	59213.22	37.73
1.5205	0.016207	-0.002523	59216.22	37.80
1.5211	0.016477	-0.002644	59219.22	37.81
1.5222	0.015924	-0.002553	59222.22	37.84
1.5211	0.016132	-0.002576	59225.22	37.81
1.5211	0.016215	-0.002669	59228.22	37.81
1.5200	0.016222	-0.002650	59231.22	37.78
1.5216	0.016156	-0.002533	59234.22	37.82
1.5205	0.016004	-0.002553	59237.22	37.80
1.5216	0.016172	-0.002545	59240.22	37.82
1.5216	0.016021	-0.002478	59243.22	37.82
1.5205	0.016063	-0.002662	59246.22	37.80
1.5205	0.015967	-0.002524	59249.22	37.80
1.5205	0.015964	-0.002581	59252.22	37.80
1.5200	0.016111	-0.002521	59255.22	37.78
1.5205	0.015840	-0.002654	59258.22	37.80
1.5205	0.016017	-0.002706	59261.22	37.80
1.5216	0.016066	-0.002472	59264.22	37.82
1.5183	0.015822	-0.002623	59267.22	37.74
1.5200	0.015866	-0.002630	59270.22	37.78
1.5200	0.016132	-0.002562	59273.22	37.78
1.5200	0.015978	-0.002008	59276.22	37.78
1.5216	0.016073	-0.002583	59279.22	37.82
1.5222	0.015993	-0.002508	59282.22	37.84
1.5216	0.016097	-0.002625	59285.22	37.82
1.5222	0.016067	-0.002594	59288.22	37.84
1.5211	0.015917	-0.002703	59291.22	37.81
1.5222	0.015941	-0.002591	59294.22	37.84
1.5205	0.015932	-0.002578	59297.22	37.80
1.5200	0.016190	-0.002573	59300.22	37.78
1.5211	0.016019	-0.002698	59303.22	37.81
1.5194	0.015973	-0.002643	59306.22	37.77
1.5172	0.016115	-0.002531	59309.22	37.72
1.5172	0.016112	-0.002578	59312.22	37.72
1.5167	0.015934	-0.002466	59315.22	37.70
1.5172	0.016117	-0.002571	59318.22	37.72
1.5145	0.016022	-0.002445	59321.22	37.65
1.5140	0.016042	-0.002628	59324.22	37.64
1.5151	0.015986	-0.002610	59327.22	37.66
1.5150	0.015939	-0.002574	59330.22	37.66
1.5134	0.016113	-0.002678	59333.22	37.62
1.5101	0.016054	-0.002534	59336.22	37.54
1.5101	0.016032	-0.002514	59339.22	37.54
1.5101	0.016099	-0.002314	59342.22	37.54
1.5107	0.016084	-0.002470	59345.22	37.56
1.5068	0.016088	-0.002465	59348.22	37.46
1.5068	0.015972	-0.002550	59351.22	37.46
1.5074	0.016025	-0.002646	59354.22	37.48
1.5052	0.015998	-0.002367	59357.22	37.42
1.5052	0.015996	-0.002532	59360.22	37.42
1.5052	0.016041	-0.001815	59363.22	37.42
1.5025	0.015912	-0.002537	59366.22	37.36
1.4997	0.015989	-0.002662	59369.22	37.29
1.5008	0.016002	-0.002678	59372.22	37.32
1.4975	0.015823	-0.002520	59375.22	37.24
1.4981	0.015913	-0.002612	59378.22	37.25
1.4975	0.016053	-0.002624	59381.22	37.24
1.4959	0.015901	-0.002540	59384.22	37.20
1.4937	0.016039	-0.002603	59387.22	37.14
1.4904	0.016049	-0.002587	59390.22	37.06
1.4899	0.015926	-0.002623	59393.22	37.05
1.4899	0.016206	-0.002665	59396.22	37.05
1.4877	0.015947	-0.002558	59399.22	36.99
1.4855	0.015897	-0.002554	59402.22	36.94
1.4822	0.015950	-0.002718	59405.22	36.86
1.4795	0.016050	-0.002534	59408.22	36.79
1.4795	0.016121	-0.002562	59411.22	36.79
1.4773	0.015922	-0.002537	59414.22	36.74
1.4740	0.015986	-0.002676	59417.22	36.66
1.4729	0.016108	-0.002506	59420.22	36.63
1.4702	0.016084	-0.002582	59423.22	36.57
1.4653	0.015955	-0.002677	59426.22	36.44
1.4625	0.015968	-0.002589	59429.22	36.38
1.4620	0.016467	-0.002395	59432.22	36.36
1.4582	0.016170	-0.002515	59435.22	36.27
1.4560	0.015979	-0.002543	59438.22	36.22
1.4527	0.015850	-0.002643	59441.22	36.14
1.4494	0.016027	-0.002631	59444.22	36.06
1.4445	0.015905	-0.002556	59447.22	35.94
1.4423	0.016004	-0.002580	59450.22	35.88
1.4374	0.015963	-0.002550	59453.22	35.76
1.4341	0.015765	-0.002577	59456.22	35.68
1.4314	0.016044	-0.002488	59459.22	35.61
1.4275	0.016259	-0.002481	59462.22	35.52
1.4221	0.016106	-0.002604	59465.22	35.39
1.4193	0.015939	-0.002501	59468.22	35.32
1.4166	0.015996	-0.002740	59471.22	35.25
1.4106	0.015874	-0.002664	59474.22	35.10
1.4062	0.015892	-0.002548	59477.22	35.00
1.4029	0.016017	-0.002576	59480.22	34.92
1.3980	0.015829	-0.002100	59483.22	34.80
1.3914	0.015905	-0.002590	59486.22	34.63
1.3882	0.015865	-0.002625	59489.22	34.55
1.3821	0.015795	-0.002693	59492.22	34.41
1.3767	0.015845	-0.002523	59495.22	34.27
1.3707	0.015776	-0.002592	59498.22	34.12
1.3641	0.015735	-0.002608	59501.22	33.96
1.3575	0.015945	-0.002840	59504.22	33.80
1.3537	0.015666	-0.002785	59507.22	33.71
1.3477	0.015624	-0.002812	59510.22	33.56
1.3433	0.015575	-0.002777	59513.22	33.45
1.3373	0.015624	-0.002926	59516.22	33.30
1.3302	0.015771	-0.002503	59519.22	33.13
1.3242	0.015837	-0.002594	59522.22	32.98
1.3187	0.015759	-0.002735	59525.22	32.85
1.3094	0.015782	-0.002568	59528.22	32.62
1.3056	0.015691	-0.002714	59531.22	32.52
1.2990	0.015536	-0.002654	59534.22	32.36
1.2903	0.015575	-0.002710	59537.22	32.15
1.2831	0.015572	-0.003027	59540.22	31.97
1.2766	0.015451	-0.002186	59543.22	31.81
1.2684	0.015423	-0.002855	59546.22	31.61
1.2580	0.015509	-0.002846	59549.22	31.35
1.2487	0.015366	-0.002873	59552.22	31.13
1.2372	0.015338	-0.002805	59555.22	30.84
1.2323	0.015501	-0.002583	59558.22	30.72
1.2235	0.015342	-0.003006	59561.22	30.51
1.2164	0.015542	-0.002787	59564.22	30.33
1.2066	0.015365	-0.002884	59567.22	30.09
1.1989	0.015625	-0.002907	59570.22	29.90
1.1902	0.015597	-0.002911	59573.22	29.68
1.1841	0.015385	-0.002707	59576.22	29.53
1.1754	0.015538	-0.002930	59579.22	29.32
1.1694	0.015513	-0.002921	59582.22	29.17
1.1595	0.015390	-0.002840	59585.22	28.93
1.1524	0.015425	-0.002828	59588.22	28.75
1.1437	0.015417	-0.002718	59591.22	28.54
1.1355	0.015278	-0.002813	59594.22	28.33
1.1273	0.015505	-0.002700	59597.22	28.13
1.1147	0.015689	-0.002460	59600.22	27.82
1.1081	0.015545	-0.002569	59603.22	27.66
1.0972	0.015568	-0.002113	59606.22	27.39
1.0928	0.015545	-0.002622	59609.22	27.28
1.0808	0.015667	-0.002429	59612.22	26.98
1.0731	0.015495	-0.002656	59615.22	26.79
1.0644	0.015878	-0.002470	59618.22	26.58
1.0562	0.015791	-0.002418	59621.22	26.37
1.0458	0.015590	-0.002517	59624.22	26.12
1.0387	0.015617	-0.002285	59627.22	25.94
1.0283	0.015708	-0.002519	59630.22	25.68
1.0190	0.015769	-0.002488	59633.22	25.45
1.0097	0.015674	-0.002373	59636.22	25.22
0.9993	0.016070	-0.002441	59639.22	24.97
0.9922	0.015608	-0.002017	59642.22	24.79
0.9829	0.015694	-0.002166	59645.22	24.56
0.9741	0.016194	-0.001861	59648.22	24.34
0.9637	0.016179	-0.001905	59651.22	24.08
0.9533	0.016061	-0.002042	59654.22	23.83
0.9462	0.015783	-0.002400	59657.22	23.65
0.9358	0.016283	-0.001784	59660.22	23.39
0.9309	0.016213	-0.001651	59663.22	23.27
0.9227	0.016225	-0.002235	59666.22	23.07
0.9118	0.015823	-0.001691	59669.22	22.80
0.8997	0.016182	-0.001526	59672.22	22.50
0.8932	0.016237	-0.001827	59675.22	22.33
0.8828	0.016191	-0.001934	59678.22	22.08
0.8724	0.016163	-0.002031	59681.22	21.82
0.8664	0.015809	-0.001839	59684.22	21.67
0.8554	0.015708	-0.002004	59687.22	21.40
0.8439	0.015927	-0.002201	59690.22	21.11
0.8335	0.016171	-0.001832	59693.22	20.85
0.8226	0.016010	-0.001988	59696.22	20.58
0.8133	0.016033	-0.001944	59699.22	20.35
0.8018	0.015949	-0.001934	59702.22	20.06
0.7936	0.016052	-0.001783	59705.22	19.86
0.7865	0.015858	-0.001945	59708.22	19.68
0.7860	0.016150	-0.001723	59711.22	19.67
0.7734	0.016061	-0.001894	59714.22	19.36
0.7624	0.016300	-0.001694	59717.22	19.08
0.7630	0.016074	-0.001757	59720.22	19.10
0.7570	0.016075	-0.002067	59723.22	18.95
0.7417	0.016162	-0.001774	59726.22	18.57
0.7307	0.015977	-0.002037	59729.22	18.29
0.7187	0.015569	-0.002305	59732.22	17.99
0.7072	0.015938	-0.002306	59735.22	17.71
0.6963	0.015925	-0.001988	59738.22	17.44
0.6859	0.016020	-0.001625	59741.22	17.18
0.6738	0.016219	-0.001828	59744.22	16.88
0.6667	0.015999	-0.001770	59747.22	16.70
0.6585	0.015803	-0.002102	59750.22	16.50
0.6509	0.015627	-0.002287	59753.22	16.30
0.6427	0.015587	-0.002107	59756.22	16.10
0.6388	0.015945	-0.001991	59759.22	16.00
0.6290	0.015561	-0.002003	59762.22	15.76
0.6159	0.015571	-0.002094	59765.22	15.43
0.6181	0.015865	-0.002005	59768.22	15.48
0.6120	0.015720	-0.002018	59771.22	15.33
0.6049	0.015709	-0.002353	59774.22	15.16
0.6005	0.015597	-0.002288	59777.22	15.05
0.6000	0.015693	-0.002163	59780.22	15.03
0.5956	0.015417	-0.002366	59783.22	14.93
0.5863	0.015328	-0.002628	59786.22	14.69
0.5754	0.015319	-0.002569	59789.22	14.42
0.5672	0.015186	-0.002410	59792.22	14.21
0.5541	0.015507	-0.002315	59795.22	13.89
0.5453	0.015555	-0.001998	59798.22	13.67
0.5349	0.015570	-0.001992	59801.22	13.41
0.5229	0.015688	-0.002111	59804.22	13.11
0.5147	0.015387	-0.002102	59807.22	12.90
0.5081	0.015758	-0.002088	59810.22	12.74
0.5005	0.015439	-0.002106	59813.22	12.55
0.4972	0.015466	-0.002156	59816.22	12.46
0.4944	0.015721	-0.001963	59819.22	12.40
0.4862	0.015318	-0.002415	59822.22	12.19
0.4786	0.015177	-0.002299	59825.22	12.00
0.4742	0.015507	-0.001937	59828.22	11.89
0.4715	0.015501	-0.001983	59831.22	11.82
0.4551	0.015603	-0.001912	59834.22	11.41
0.4551	0.015589	-0.002136	59837.22	11.41
0.4540	0.015428	-0.002117	59840.22	11.38
0.4458	0.015749	-0.002005	59843.22	11.18
0.4370	0.015474	-0.001940	59846.22	10.96
0.4288	0.015419	-0.002442	59849.22	10.75
0.4206	0.015568	-0.002455	59852.22	10.55
0.4151	0.015250	-0.002651	59855.22	10.41
0.4053	0.014907	-0.002942	59858.22	10.16
0.3965	0.014749	-0.002866	59861.22	9.95
0.3872	0.014870	-0.002841	59864.22	9.71
0.3807	0.014650	-0.003307	59867.22	9.55
0.3730	0.014375	-0.003232	59870.22	9.36
0.3719	0.014948	-0.003251	59873.22	9.33
0.3730	0.014834	-0.003143	59876.22	9.36
0.3621	0.014785	-0.003420	59879.22	9.08
0.3648	0.015319	-0.002944	59882.22	9.15
0.3593	0.015337	-0.002741	59885.22	9.01
0.3583	0.015589	-0.002729	59888.22	8.99
0.3468	0.015610	-0.002699	59891.22	8.70
0.3462	0.015836	-0.002195	59894.22	8.68
0.3358	0.016394	-0.001992	59897.22	8.42
0.3298	0.015907	-0.002487	59900.22	8.27
0.3211	0.015761	-0.002629	59903.22	8.05
0.3200	0.015838	-0.002697	59906.22	8.03
0.3161	0.016042	-0.002676	59909.22	7.93
0.3047	0.015417	-0.002662	59912.22	7.64
0.2893	0.015631	-0.002793	59915.22	7.26
0.2795	0.015525	-0.003074	59918.22	7.01
0.2614	0.015426	-0.002830	59921.22	6.56
0.2560	0.015487	-0.002899	59924.22	6.42
0.2439	0.015450	-0.003101	59927.22	6.12
0.2385	0.015764	-0.002886	59930.22	5.98
0.2308	0.015733	-0.002762	59933.22	5.79
0.2193	0.015738	-0.002981	59936.22	5.50
0.2073	0.015831	-0.002846	59939.22	5.20
0.2002	0.016313	-0.002435	59942.22	5.02
0.1964	0.016144	-0.002565	59945.22	4.93
0.1860	0.016168	-0.002595	59948.22	4.67
0.1794	0.016027	-0.002479	59951.22	4.50
0.1778	0.016162	-0.002534	59954.22	4.46
0.1668	0.016228	-0.002344	59957.22	4.19
0.1592	0.016127	-0.002341	59960.22	3.99
0.1499	0.016158	-0.002397	59963.22	3.76
0.1482	0.016465	-0.002209	59966.22	3.72
0.1433	0.016239	-0.002470	59969.22	3.60
0.1340	0.016353	-0.002347	59972.22	3.36
0.1258	0.016264	-0.002583	59975.22	3.16
0.1099	0.016421	-0.002560	59978.22	2.76
0.1039	0.016329	-0.002315	59981.22	2.61
0.0963	0.016424	-0.002350	59984.22	2.42
0.0886	0.016366	-0.002405	59987.22	2.22
0.0766	0.016807	-0.002220	59990.22	1.92
0.0700	0.016779	-0.002334	59993.22	1.76
0.0700	0.017066	-0.002318	59996.22	1.76
0.0602	0.016849	-0.002005	59999.22	1.51
0.0563	0.016746	-0.002017	60002.22	1.41
0.0531	0.017018	-0.002125	60005.22	1.33
0.0470	0.017404	-0.001923	60008.22	1.18
0.0356	0.017223	-0.001923	60011.22	0.89
0.0317	0.017409	-0.001704	60014.22	0.80
0.0312	0.017682	-0.001449	60017.22	0.78
0.0224	0.017334	-0.001829	60020.22	0.56
0.0186	0.017420	-0.001673	60023.22	0.47
0.0137	0.017394	-0.001801	60026.22	0.34
0.0071	0.017482	-0.002072	60029.22	0.18
-0.0088	0.017150	-0.001638	60032.22	-0.22
-0.0186	0.017553	-0.001545	60035.22	-0.47
-0.0290	0.017561	-0.001802	60038.22	-0.73
-0.0377	0.017547	-0.001813	60041.22	-0.95
-0.0427	0.017307	-0.002006	60044.22	-1.08
-0.0536	0.017353	-0.002067	60047.22	-1.35
-0.0596	0.017260	-0.001936	60050.22	-1.50
-0.0640	0.017424	-0.001734	60053.22	-1.62
-0.0673	0.017265	-0.001709	60056.22	-1.70
-0.0815	0.017157	-0.001884	60059.22	-2.06
-0.0864	0.017381	-0.001755	60062.22	-2.18
-0.0946	0.017542	-0.001634	60065.22	-2.39
-0.0952	0.017551	-0.001881	60068.22	-2.41
-0.1110	0.017170	-0.001921	60071.22	-2.81
-0.1154	0.017330	-0.001811	60074.22	-2.92
-0.1176	0.017340	-0.001841	60077.22	-2.97
-0.1269	0.017316	-0.002233	60080.22	-3.21
-0.1384	0.016917	-0.002007	60083.22	-3.50
-0.1471	0.017020	-0.002312	60086.22	-3.73
-0.1521	0.016589	-0.002054	60089.22	-3.85
-0.1690	0.016803	-0.002595	60092.22	-4.28
-0.1838	0.016794	-0.002702	60095.22	-4.66
-0.1958	0.016626	-0.002459	60098.22	-4.97
-0.2035	0.016709	-0.002592	60101.22	-5.16
-0.2182	0.016506	-0.002410	60104.22	-5.54
-0.2259	0.016724	-0.002289	60107.22	-5.74
-0.2308	0.016907	-0.001963	60110.22	-5.86
-0.2319	0.016974	-0.002147	60113.22	-5.89
-0.2456	0.016876	-0.002311	60116.22	-6.24
-0.2532	0.016871	-0.002026	60119.22	-6.44
-0.2549	0.017220	-0.002083	60122.22	-6.48
-0.2565	0.017147	-0.001957	60125.22	-6.52
-0.2636	0.017386	-0.002148	60128.22	-6.70
-0.2702	0.017286	-0.001710	60131.22	-6.87
-0.2713	0.017602	-0.001942	60134.22	-6.90
-0.2718	0.017652	-0.002017	60137.22	-6.91
-0.2757	0.016965	-0.002721	60140.22	-7.01
-0.2850	0.016767	-0.002558	60143.22	-7.25
-0.2877	0.016631	-0.002476	60146.22	-7.32
-0.2882	0.016795	-0.002602	60149.22	-7.33
-0.2937	0.016712	-0.002825	60152.22	-7.47
-0.3025	0.016568	-0.002750	60155.22	-7.70
-0.3079	0.016717	-0.002844	60158.22	-7.84
-0.3178	0.016599	-0.002416	60161.22	-8.09
-0.3227	0.016903	-0.002822	60164.22	-8.22
-0.3315	0.016672	-0.002753	60167.22	-8.44
-0.3342	0.016584	-0.002724	60170.22	-8.51
-0.3418	0.016617	-0.002561	60173.22	-8.71
-0.3495	0.016604	-0.002835	60176.22	-8.91
-0.3506	0.016328	-0.002854	60179.22	-8.93
-0.3583	0.016126	-0.002963	60182.22	-9.13
-0.3654	0.016451	-0.003005	60185.22	-9.31
-0.3681	0.016716	-0.002627	60188.22	-9.38
-0.3697	0.016472	-0.002914	60191.22	-9.43
-0.3823	0.016446	-0.002561	60194.22	-9.75
-0.3900	0.016538	-0.002743	60197.22	-9.95
-0.3894	0.016809	-0.002946	60200.22	-9.93
-0.3949	0.016785	-0.002649	60203.22	-10.07
-0.3998	0.016469	-0.002697	60206.22	-10.20
-0.4119	0.016497	-0.002594	60209.22	-10.51
-0.4201	0.016385	-0.002889	60212.22	-10.72
-0.4277	0.016419	-0.002824	60215.22	-10.92
-0.4277	0.016348	-0.003007	60218.22	-10.92
-0.4354	0.016266	-0.002776	60221.22	-11.12
-0.4436	0.016194	-0.002973	60224.22	-11.33
-0.4567	0.016232	-0.002730	60227.22	-11.67
-0.4655	0.016288	-0.002733	60230.22	-11.90
-0.4666	0.016643	-0.003078	60233.22	-11.92
-0.4748	0.016264	-0.002798	60236.22	-12.14
-0.4862	0.016400	-0.002906	60239.22	-12.43
-0.4879	0.016580	-0.002598	60242.22	-12.47
-0.4955	0.016530	-0.002882	60245.22	-12.67
-0.5043	0.016316	-0.002963	60248.22	-12.90
-0.5054	0.016519	-0.002533	60251.22	-12.93
-0.5081	0.016272	-0.002853	60254.22	-13.00
-0.5174	0.016654	-0.002746	60257.22	-13.24
-0.5218	0.016585	-0.002676	60260.22	-13.35
-0.5229	0.016487	-0.002981	60263.22	-13.38
-0.5251	0.016483	-0.002998	60266.22	-13.44
-0.5355	0.016348	-0.002906	60269.22	-13.71
-0.5393	0.016502	-0.002704	60272.22	-13.81
-0.5448	0.016514	-0.002276	60275.22	-13.95
-0.5480	0.016580	-0.002666	60278.22	-14.03
-0.5573	0.016618	-0.002644	60281.22	-14.27
-0.5628	0.016438	-0.002561	60284.22	-14.42
-0.5672	0.016328	-0.002757	60287.22	-14.53
-0.5721	0.016402	-0.002712	60290.22	-14.66
-0.5809	0.016328	-0.002806	60293.22	-14.88
-0.5852	0.016400	-0.002721	60296.22	-15.00
-0.5907	0.016394	-0.002656	60299.22	-15.14
-0.5956	0.016315	-0.002627	60302.22	-15.27
-0.6038	0.016347	-0.002739	60305.22	-15.48
-0.6088	0.016256	-0.002585	60308.22	-15.61
-0.6088	0.016714	-0.002635	60311.22	-15.61
-0.6148	0.016104	-0.002875	60314.22	-15.76
-0.6235	0.016235	-0.002643	60317.22	-15.99
-0.6301	0.016408	-0.002576	60320.22	-16.16
-0.6306	0.016452	-0.002766	60323.22	-16.18
-0.6383	0.016162	-0.002450	60326.22	-16.38
-0.6449	0.016446	-0.002702	60329.22	-16.55
-0.6563	0.016464	-0.002648	60332.22	-16.85
-0.6629	0.016339	-0.002558	60335.22	-17.02
-0.6755	0.016353	-0.002383	60338.22	-17.34
-0.6766	0.016406	-0.002398	60341.22	-17.37
-0.6804	0.016342	-0.002640	60344.22	-17.47
-0.6919	0.016347	-0.002167	60347.22	-17.77
-0.6935	0.016236	-0.002815	60350.22	-17.81
-0.7012	0.016307	-0.002544	60353.22	-18.01
-0.7099	0.016459	-0.002404	60356.22	-18.24
-0.7094	0.016426	-0.002267	60359.22	-18.23
-0.7154	0.016615	-0.002345	60362.22	-18.39
-0.7247	0.016323	-0.002775	60365.22	-18.63
-0.7280	0.016451	-0.002714	60368.22	-18.71
-0.7318	0.016306	-0.002568	60371.22	-18.81
-0.7373	0.016292	-0.002752	60374.22	-18.96
-0.7378	0.016210	-0.002528	60377.22	-18.97
-0.7378	0.016572	-0.002578	60380.22	-18.97
-0.7389	0.016572	-0.002243	60383.22	-19.00
-0.7324	0.016614	-0.002253	60386.22	-18.83
-0.7318	0.016812	-0.002141	60389.22	-18.81
-0.7274	0.016831	-0.002191	60392.22	-18.70
-0.7263	0.016880	-0.001918	60395.22	-18.67
-0.7225	0.016940	-0.001981	60398.22	-18.57
-0.7187	0.017145	-0.001773	60401.22	-18.47
-0.7143	0.017004	-0.002069	60404.22	-18.36
-0.7127	0.017002	-0.001827	60407.22	-18.31
-0.7088	0.017061	-0.001779	60410.22	-18.21
-0.7072	0.017118	-0.001909	60413.22	-18.17
-0.7023	0.017185	-0.001863	60416.22	-18.04
-0.6974	0.017042	-0.001828	60419.22	-17.91
-0.6908	0.017037	-0.001924	60422.22	-17.74
-0.6881	0.017284	-0.001932	60425.22	-17.67
-0.6837	0.017214	-0.001717	60428.22	-17.56
-0.6804	0.017253	-0.001806	60431.22	-17.47
-0.6755	0.017226	-0.001845	60434.22	-17.34
-0.6727	0.017330	-0.001832	60437.22	-17.27
-0.6684	0.016991	-0.001944	60440.22	-17.16
-0.6618	0.017226	-0.001667	60443.22	-16.99
-0.6591	0.017225	-0.001896	60446.22	-16.92
-0.6547	0.017158	-0.001827	60449.22	-16.80
-0.6481	0.017201	-0.001685	60452.22	-16.63
-0.6443	0.016984	-0.001899	60455.22	-16.53
-0.6372	0.017286	-0.001597	60458.22	-16.35
-0.6350	0.017330	-0.001664	60461.22	-16.29
-0.6295	0.017327	-0.001876	60464.22	-16.15
-0.6252	0.017474	-0.001757	60467.22	-16.03
-0.6213	0.017515	-0.001871	60470.22	-15.94
-0.6170	0.017337	-0.001799	60473.22	-15.82
-0.6120	0.017463	-0.001613	60476.22	-15.69
-0.6071	0.017188	-0.001743	60479.22	-15.57
-0.6027	0.017204	-0.001586	60482.22	-15.45
-0.5967	0.017372	-0.001877	60485.22	-15.30
-0.5934	0.017218	-0.001905	60488.22	-15.21
-0.5896	0.017450	-0.001703	60491.22	-15.11
-0.5847	0.017409	-0.001788	60494.27	-14.98
-0.5820	0.017511	-0.001741	60497.27	-14.91
-0.5754	0.017461	-0.001859	60500.27	-14.74
-0.5727	0.017260	-0.001833	60503.27	-14.67
-0.5672	0.017081	-0.002262	60506.27	-14.53
-0.5639	0.017111	-0.001868	60509.27	-14.44
-0.5584	0.017176	-0.002126	60512.27	-14.30
-0.5552	0.017146	-0.002021	60515.27	-14.22
-0.5491	0.017209	-0.002130	60518.27	-14.06
-0.5453	0.017193	-0.001509	60521.27	-13.96
-0.5464	0.017160	-0.001938	60524.27	-13.99
-0.5393	0.017328	-0.001795	60527.27	-13.81
-0.5327	0.017375	-0.001899	60530.27	-13.64
-0.5278	0.017319	-0.001925	60533.27	-13.51
-0.5278	0.017194	-0.001830	60536.27	-13.51
-0.5256	0.017431	-0.001892	60539.27	-13.45
-0.5229	0.017536	-0.001893	60542.27	-13.38
-0.5174	0.017290	-0.001616	60545.27	-13.24
-0.5141	0.017279	-0.001974	60548.27	-13.15
-0.5092	0.017174	-0.001955	60551.27	-13.03
-0.5076	0.017379	-0.001921	60554.27	-12.98
-0.5016	0.017511	-0.002323	60557.27	-12.83
-0.5010	0.017389	-0.001884	60560.27	-12.81
-0.5010	0.017301	-0.001839	60563.27	-12.81
-0.4966	0.017431	-0.001789	60566.27	-12.70
-0.4912	0.017221	-0.002302	60569.27	-12.56
-0.4868	0.017435	-0.001711	60572.27	-12.45
-0.4873	0.017225	-0.001801	60575.27	-12.46
-0.4813	0.017322	-0.001879	60578.27	-12.31
-0.4791	0.017096	-0.001959	60581.27	-12.25
-0.4758	0.017333	-0.001834	60584.27	-12.16
-0.4715	0.017831	-0.002056	60587.27	-12.05
-0.4715	0.017159	-0.001448	60590.27	-12.05
-0.4687	0.017357	-0.001725	60593.27	-11.98
-0.4671	0.017404	-0.001963	60596.27	-11.94
-0.4633	0.017651	-0.001885	60599.27	-11.84
-0.4627	0.017215	-0.001958	60602.27	-11.82
-0.4545	0.017606	-0.001934	60605.27	-11.61
-0.4567	0.017337	-0.001758	60608.27	-11.67
-0.4523	0.017287	-0.001911	60611.27	-11.56
-0.4507	0.017331	-0.001418	60614.27	-11.51
-0.4480	0.017601	-0.001580	60617.27	-11.44
-0.4480	0.017426	-0.002025	60620.27	-11.44
-0.4452	0.017600	-0.001752	60623.27	-11.37
-0.4403	0.017370	-0.001816	60626.27	-11.25
-0.4397	0.017250	-0.001985	60629.27	-11.23
-0.4365	0.017358	-0.002434	60632.27	-11.15
-0.4337	0.017510	-0.001667	60635.27	-11.08
-0.4310	0.017271	-0.002036	60638.27	-11.01
-0.4288	0.017393	-0.001893	60641.27	-10.95
-0.4266	0.017252	-0.001702	60644.27	-10.89
-0.4261	0.017231	-0.002133	60647.27	-10.88
-0.4212	0.017192	-0.001909	60650.27	-10.75
-0.4201	0.017454	-0.001788	60653.27	-10.72
-0.4162	0.017413	-0.001935	60656.27	-10.62
-0.4135	0.017225	-0.001810	60659.27	-10.55
-0.4140	0.017502	-0.001934	60662.27	-10.57
-0.4113	0.017273	-0.001966	60665.27	-10.50
-0.4058	0.017439	-0.001908	60668.27	-10.36
-0.4047	0.017180	-0.001808	60671.27	-10.33
-0.4042	0.017332	-0.001962	60674.28	-10.31
-0.3998	0.017464	-0.001819	60677.28	-10.20
-0.4009	0.017259	-0.001927	60680.28	-10.23
-0.3971	0.017395	-0.001955	60683.28	-10.13
-0.3971	0.017424	-0.001856	60686.28	-10.13
-0.3922	0.017201	-0.001809	60689.28	-10.00
-0.3916	0.017334	-0.001981	60692.30	-9.99
-0.3872	0.017490	-0.001705	60695.31	-9.88
-0.3829	0.017453	-0.001662	60698.31	-9.76
-0.3856	0.017421	-0.001887	60701.31	-9.84
-0.3829	0.017537	-0.001898	60704.31	-9.76
-0.3785	0.017380	-0.001808	60707.31	-9.65
-0.3807	0.017455	-0.001903	60710.31	-9.71
-0.3769	0.017472	-0.002066	60713.31	-9.61
-0.3763	0.017331	-0.001685	60716.31	-9.60
-0.3719	0.017427	-0.001837	60719.31	-9.48
-0.3708	0.017379	-0.001869	60722.31	-9.45
-0.3676	0.017489	-0.001818	60725.31	-9.37
-0.3681	0.017449	-0.002112	60728.31	-9.38
-0.3637	0.017355	-0.001900	60731.31	-9.27
-0.3654	0.017506	-0.001995	60734.31	-9.31
-0.3610	0.017418	-0.001863	60737.31	-9.20
-0.3604	0.017543	-0.001834	60740.31	-9.19
-0.3572	0.017383	-0.001892	60743.31	-9.10
-0.3566	0.017547	-0.001637	60746.31	-9.09
-0.3544	0.017481	-0.001607	60749.31	-9.03
-0.3522	0.017522	-0.001979	60752.31	-8.98
-0.3517	0.017507	-0.001836	60755.31	-8.96
-0.3484	0.017468	-0.001903	60758.31	-8.88
-0.3446	0.017590	-0.001825	60761.31	-8.78
-0.3451	0.017515	-0.001712	60764.31	-8.79
-0.3424	0.017855	-0.001838	60767.31	-8.72
-0.3418	0.017451	-0.001942	60770.31	-8.71
-0.3386	0.017273	-0.001820	60773.31	-8.62
-0.3397	0.017726	-0.002066	60776.31	-8.65
-0.3353	0.017890	-0.001805	60779.31	-8.54
-0.3331	0.017706	-0.001878	60782.31	-8.48
-0.3320	0.017399	-0.001957	60785.31	-8.46
-0.3293	0.017443	-0.002002	60788.31	-8.39
-0.3298	0.017606	-0.001855	60791.31	-8.40
-0.3276	0.017386	-0.001872	60794.31	-8.34
-0.3276	0.017593	-0.001837	60797.31	-8.34
-0.3249	0.017591	-0.001600	60800.31	-8.27
-0.3227	0.017552	-0.001648	60803.31	-8.22
-0.3238	0.017578	-0.001751	60806.31	-8.25
-0.3183	0.017560	-0.002076	60809.31	-8.10
-0.3183	0.017408	-0.001969	60812.31	-8.10
-0.3156	0.017542	-0.002145	60815.31	-8.03
-0.3139	0.017592	-0.001395	60818.31	-7.99
-0.3090	0.017725	-0.001728	60821.31	-7.87
-0.3085	0.017670	-0.001783	60824.31	-7.85
-0.3047	0.017639	-0.001846	60827.31	-7.75
-0.3014	0.017533	-0.001734	60830.31	-7.67
-0.2981	0.017776	-0.001764	60833.31	-7.59
-0.2937	0.017678	-0.001687	60836.31	-7.47
-0.2921	0.017513	-0.001824	60839.31	-7.43
-0.2904	0.017706	-0.001760	60842.31	-7.39
-0.2888	0.017555	-0.001709	60845.31	-7.35
-0.2839	0.017440	-0.001839	60848.31	-7.22
-0.2822	0.017368	-0.001904	60851.31	-7.18
-0.2795	0.017347	-0.001838	60854.31	-7.11
-0.2779	0.017477	-0.002329	60857.31	-7.07
-0.2757	0.017643	-0.001804	60860.31	-7.01
-0.2746	0.017742	-0.002192	60863.31	-6.98
-0.2724	0.017207	-0.002139	60866.31	-6.93
-0.2691	0.017384	-0.001701	60869.31	-6.84
-0.2653	0.017550	-0.001873	60872.31	-6.74
-0.2625	0.017563	-0.002072	60875.31	-6.67
-0.2565	0.017531	-0.002236	60878.31	-6.52
-0.2511	0.017415	-0.001892	60881.31	-6.38
-0.2445	0.017376	-0.001745	60884.31	-6.21
-0.2390	0.017468	-0.001615	60887.31	-6.07
-0.2330	0.017639	-0.001701	60890.31	-5.92
-0.2226	0.017696	-0.001745	60893.31	-5.65
-0.2193	0.017646	-0.002100	60896.31	-5.57
-0.2122	0.017410	-0.001975	60899.31	-5.39
-0.2068	0.017645	-0.001715	60902.31	-5.25
-0.1991	0.017591	-0.001899	60905.31	-5.05
-0.1925	0.017831	-0.001802	60908.31	-4.88
-0.1871	0.017811	-0.001827	60911.31	-4.74
-0.1805	0.017638	-0.001820	60914.31	-4.58
-0.1761	0.017657	-0.001924	60917.31	-4.46
-0.1701	0.017660	-0.001773	60920.31	-4.31
-0.1652	0.017534	-0.001768	60923.31	-4.19
-0.1603	0.017643	-0.002460	60926.31	-4.06
-0.1548	0.017465	-0.001648	60929.31	-3.92
-0.1482	0.017576	-0.001959	60932.31	-3.75
-0.1428	0.017465	-0.002109	60935.31	-3.61
-0.1367	0.017485	-0.001989	60938.31	-3.46
-0.1274	0.017794	-0.002054	60941.31	-3.23
-0.1225	0.017796	-0.001865	60944.31	-3.10
-0.1138	0.017785	-0.001395	60947.31	-2.88
-0.1072	0.017727	-0.001663	60950.31	-2.71
-0.1006	0.017930	-0.001515	60953.31	-2.54
-0.0919	0.017884	-0.001777	60956.31	-2.32
-0.0859	0.018036	-0.001746	60959.31	-2.17
-0.0788	0.017952	-0.001644	60962.31	-1.99
-0.0717	0.018061	-0.001723	60965.31	-1.81
-0.0684	0.018076	-0.001711	60968.31	-1.73
-0.0585	0.017844	-0.001808	60971.31	-1.48
-0.0558	0.017897	-0.001502	60974.31	-1.41
-0.0487	0.017916	-0.001761	60977.31	-1.23
-0.0459	0.017511	-0.001987	60980.31	-1.16
-0.0399	0.017973	-0.001806	60983.31	-1.01
-0.0356	0.017913	-0.001908	60986.31	-0.90
-0.0268	0.018122	-0.001973	60989.31	-0.68
-0.0230	0.017788	-0.002033	60992.31	-0.58
-0.0181	0.017904	-0.002255	60995.31	-0.45
-0.0109	0.017774	-0.001923	60998.31	-0.28
-0.0044	0.017827	-0.001851	61001.31	-0.11
0.0038	0.018080	-0.001863	61004.31	0.10
0.0088	0.017892	-0.001518	61007.31	0.22
0.0137	0.017780	-0.001620	61010.31	0.34
0.0208	0.017907	-0.001637	61013.31	0.52
0.0290	0.017819	-0.001446	61016.31	0.73
0.0361	0.017804	-0.001567	61019.31	0.91
0.0427	0.018161	-0.001584	61022.31	1.07
0.0487	0.017803	-0.001362	61025.31	1.22
0.0503	0.017804	-0.001636	61028.31	1.26
0.0536	0.017494	-0.001733	61031.31	1.34
0.0580	0.017535	-0.001526	61034.31	1.45
0.0629	0.017544	-0.001638	61037.31	1.58
0.0645	0.017888	-0.001336	61040.31	1.62
0.0711	0.017697	-0.001343	61043.31	1.78
0.0760	0.017799	-0.001464	61046.31	1.91
0.0804	0.017434	-0.001413	61049.31	2.02
0.0864	0.017550	-0.001705	61052.31	2.17
0.0919	0.017704	-0.001118	61055.31	2.31
0.0974	0.017796	-0.001553	61058.31	2.44
0.1050	0.017609	-0.001267	61061.31	2.63
0.1099	0.017574	-0.001223	61064.31	2.76
0.1176	0.017862	-0.001189	61067.31	2.95
0.1247	0.017807	-0.000967	61070.31	3.13
0.1313	0.017770	-0.001430	61073.31	3.29
0.1378	0.017701	-0.001291	61076.31	3.46
0.1438	0.017925	-0.001244	61079.31	3.61
0.1504	0.017579	-0.001039	61082.31	3.77
0.1532	0.017765	-0.001204	61085.31	3.84
0.1592	0.017762	-0.001229	61088.31	3.99
0.1641	0.017810	-0.001052	61091.31	4.12
0.1696	0.017657	-0.001357	61094.31	4.25
0.1706	0.017742	-0.001243	61097.31	4.28
0.1750	0.017614	-0.001356	61100.31	4.39
0.1789	0.017396	-0.001199	61103.31	4.49
0.1810	0.017161	-0.001174	61106.31	4.54
0.1854	0.017348	-0.001234	61109.31	4.65
0.1925	0.017383	-0.001587	61112.31	4.83
0.1964	0.017381	-0.000975	61115.31	4.93
0.2024	0.017705	-0.001189	61118.31	5.08
0.2100	0.017779	-0.001251	61121.31	5.27
0.2171	0.017950	-0.001149	61124.31	5.45
0.2264	0.017670	-0.001395	61127.31	5.68
0.2341	0.017802	-0.001356	61130.31	5.87
0.2379	0.017785	-0.001360	61133.31	5.97
0.2461	0.017833	-0.001226	61136.31	6.18
0.2532	0.017490	-0.001237	61139.31	6.35
0.2587	0.017790	-0.000874	61142.31	6.49
0.2664	0.017923	-0.000547	61145.31	6.68
0.2729	0.017898	-0.000253	61148.31	6.85
0.2800	0.018235	-0.000114	61151.31	7.03
0.2855	0.018383	0.000063	61154.31	7.16
0.2915	0.018331	0.000138	61157.31	7.31
0.2992	0.018384	0.000116	61160.31	7.51
0.3041	0.018341	0.000126	61163.31	7.63
0.3063	0.017958	0.000024	61166.31	7.68
0.3107	0.018388	-0.000032	61169.31	7.79
0.3178	0.018232	-0.000124	61172.31	7.97
0.3211	0.018196	0.000040	61175.31	8.05
0.3282	0.018135	0.000032	61178.31	8.23
0.3358	0.018152	0.000265	61181.31	8.42
0.3391	0.018030	0.000288	61184.31	8.51
0.3479	0.018208	0.000079	61187.31	8.73
0.3566	0.018160	0.000186	61190.31	8.94
0.3643	0.018370	0.000181	61193.31	9.14
0.3725	0.018322	0.000483	61196.31	9.34
0.3790	0.018517	0.000312	61199.31	9.51
0.3867	0.018676	0.000526	61202.31	9.70
0.3922	0.018399	0.000484	61205.31	9.84
0.3987	0.018415	0.000580	61208.31	10.00
0.4047	0.018519	0.000642	61211.31	10.15
0.4097	0.018354	0.000460	61214.31	10.27
0.4162	0.018392	0.000322	61217.31	10.44
0.4244	0.018436	0.000659	61220.31	10.64
0.4283	0.018319	0.000773	61223.31	10.74
0.4326	0.018387	0.000262	61226.31	10.85
0.4387	0.018203	0.000507	61229.31	11.00
0.4463	0.018275	0.000365	61232.31	11.19
0.4523	0.018358	0.000346	61235.31	11.34
0.4594	0.018012	0.000518	61238.31	11.52
0.4633	0.018197	0.000302	61241.31	11.62
0.4698	0.018295	0.000369	61244.31	11.78
0.4769	0.018433	0.000178	61247.31	11.96
0.4841	0.018116	0.000563	61250.31	12.14
0.4917	0.018323	0.000581	61253.31	12.33
0.4988	0.018400	0.000573	61256.31	12.51
0.5059	0.018361	0.000836	61259.31	12.68
0.5125	0.018339	0.000790	61262.31	12.85
0.5201	0.018528	0.000689	61265.31	13.04
0.5289	0.018495	0.000909	61268.31	13.26
0.5355	0.018736	0.000761	61271.31	13.42
0.5409	0.018493	0.000633	61274.31	13.56
0.5502	0.018551	0.000859	61277.31	13.79
0.5568	0.018467	0.000654	61280.31	13.95
0.5628	0.018399	0.000794	61283.31	14.11
0.5688	0.018227	0.000377	61286.31	14.26
0.5727	0.018170	0.000429	61289.31	14.35
0.5809	0.018283	0.000664	61292.31	14.56
0.5863	0.018742	0.000803	61295.31	14.69
0.5934	0.018590	0.000741	61298.31	14.87
0.6027	0.018375	0.000986	61301.31	15.10
0.6115	0.018447	0.000944	61304.31	15.32
0.6186	0.018675	0.000902	61307.31	15.50
0.6301	0.018601	0.001048	61310.31	15.79
0.6383	0.018701	0.000949	61313.31	15.99
0.6465	0.018458	0.001145	61316.31	16.19
0.6547	0.018893	0.001410	61319.31	16.40
0.6640	0.018671	0.001281	61322.31	16.63
0.6722	0.018861	0.001074	61325.31	16.84
0.6793	0.018796	0.001389	61328.31	17.01
0.6881	0.018562	0.001470	61331.31	17.23
0.6935	0.018649	0.001251	61334.31	17.37
0.7039	0.018755	0.001481	61337.31	17.63
0.7099	0.018825	0.001351	61340.31	17.78
0.7192	0.018715	0.001304	61343.31	18.01
0.7247	0.018552	0.001044	61346.31	18.14
0.7291	0.018483	0.001104	61349.31	18.25
0.7307	0.018744	0.001167	61352.31	18.29
0.7400	0.018404	0.001253	61355.50	18.53
0.7466	0.018494	0.001336	61358.50	18.69
0.7564	0.018531	0.001588	61361.50	18.93
0.7641	0.018882	0.001682	61364.50	19.13
0.7701	0.018730	0.001169	61367.50	19.28
0.7821	0.018623	0.000942	61370.50	19.57
0.7914	0.018560	0.001232	61373.50	19.81
0.7969	0.018618	0.001377	61376.50	19.94
0.8073	0.018508	0.001346	61379.50	20.20
0.8150	0.018943	0.001386	61382.50	20.39
0.8210	0.018582	0.001512	61385.50	20.54
0.8259	0.018687	0.001497	61388.50	20.66
0.8330	0.018795	0.001752	61391.50	20.84
0.8385	0.018864	0.001718	61394.50	20.98
0.8439	0.018918	0.001627	61397.50	21.11
0.8505	0.018875	0.001816	61400.50	21.27
0.8560	0.019313	0.002174	61403.50	21.41
0.8625	0.018797	0.001566	61406.50	21.57
0.8647	0.018509	0.001519	61409.50	21.63
0.8718	0.018548	0.001642	61412.50	21.80
0.8784	0.018682	0.001685	61415.50	21.97
0.8850	0.018814	0.001709	61418.50	22.13
0.8915	0.018894	0.001856	61421.50	22.29
0.9014	0.018853	0.002243	61424.50	22.54
0.9107	0.018942	0.002129	61427.50	22.77
0.9194	0.018890	0.002231	61430.50	22.99
0.9293	0.018878	0.001868	61433.50	23.23
0.9408	0.018725	0.001878	61436.50	23.52
0.9473	0.018520	0.001969	61439.50	23.68
0.9561	0.018604	0.002059	61442.50	23.89
0.9681	0.018636	0.001868	61445.50	24.19
0.9725	0.018750	0.001872	61448.50	24.30
0.9818	0.018679	0.001965	61451.50	24.53
0.9922	0.018497	0.001649	61454.50	24.79
0.9976	0.018236	0.001467	61457.50	24.93
1.0042	0.018313	0.001665	61460.50	25.09
1.0080	0.018189	0.001228	61463.50	25.18
1.0140	0.018192	0.001416	61466.50	25.33
1.0173	0.018230	0.001272	61469.50	25.41
1.0250	0.018320	0.001566	61472.50	25.60
1.0299	0.018085	0.001535	61475.50	25.72
1.0337	0.018217	0.001226	61478.50	25.82
1.0370	0.018084	0.001187	61481.50	25.90
1.0441	0.017808	0.001084	61484.50	26.08
1.0496	0.017750	0.000694	61487.50	26.21
1.0573	0.017609	0.000911	61490.50	26.40
1.0633	0.017584	0.000794	61493.50	26.55
1.0698	0.017580	0.000851	61496.50	26.71
1.0786	0.017520	0.000708	61499.50	26.93
1.0819	0.017396	0.000655	61502.50	27.01
1.0879	0.017529	0.000513	61505.50	27.16
1.0939	0.017390	0.000598	61508.50	27.31
1.0972	0.017382	0.000348	61511.50	27.39
1.1037	0.017122	0.000234	61514.50	27.55
1.1076	0.017236	0.000421	61517.50	27.64
1.1130	0.017214	0.000329	61520.50	27.78
1.1158	0.017295	0.000378	61523.50	27.85
1.1185	0.017323	0.000238	61526.50	27.91
1.1212	0.017167	0.000326	61529.50	27.98
1.1240	0.017035	0.000049	61532.50	28.05
1.1294	0.017341	0.000354	61535.50	28.18
1.1316	0.017232	0.000165	61538.50	28.24
1.1371	0.017045	-0.000097	61541.50	28.37
1.1415	0.017241	0.000194	61544.50	28.48
1.1442	0.017154	0.000221	61547.50	28.55
1.1464	0.017200	0.000217	61550.50	28.60
1.1475	0.017208	0.000266	61553.50	28.63
1.1546	0.016925	0.000213	61556.50	28.81
1.1568	0.017145	0.000146	61559.50	28.86
1.1595	0.017068	0.000143	61562.50	28.93
1.1623	0.017041	0.000236	61565.50	28.99
1.1639	0.017130	0.000032	61568.50	29.04
1.1683	0.016805	0.000130	61571.50	29.14
1.1683	0.017047	0.000145	61574.50	29.14
1.1727	0.017171	0.000146	61577.50	29.25
1.1754	0.017030	-0.000021	61580.50	29.32
1.1787	0.017020	0.000245	61583.50	29.40
1.1809	0.016954	0.000124	61586.50	29.45
1.1825	0.017235	0.000152	61589.50	29.49
1.1847	0.017165	0.000214	61592.50	29.55
1.1874	0.017019	0.000001	61595.50	29.62
1.1918	0.016916	0.000275	61598.50	29.72
1.1929	0.017023	0.000335	61601.50	29.75
1.1962	0.016944	0.000093	61604.50	29.83
1.1973	0.017102	0.000134	61607.50	29.86
1.1995	0.017046	-0.000014	61610.50	29.91
1.2006	0.017018	0.000038	61613.50	29.94
1.2022	0.016962	-0.000062	61616.50	29.98
1.2049	0.017043	-0.000138	61619.50	30.05
1.2077	0.016914	-0.000041	61622.50	30.11
1.2093	0.017074	0.000011	61625.50	30.15
1.2126	0.016908	0.000019	61628.50	30.24
1.2126	0.016732	0.000040	61631.50	30.24
1.2142	0.016722	0.000063	61634.50	30.28
1.2170	0.017043	0.000154	61637.50	30.34
1.2175	0.016827	0.000021	61640.50	30.36
1.2202	0.016889	0.000063	61643.50	30.42
1.2202	0.017048	0.000113	61646.50	30.42
1.2230	0.016783	0.000022	61649.50	30.49
1.2274	0.017105	0.000073	61652.50	30.60
1.2279	0.016911	0.000134	61655.50	30.61
1.2317	0.016973	-0.000050	61658.50	30.71
1.2317	0.016698	-0.000146	61661.50	30.71
1.2345	0.016815	-0.000143	61664.50	30.77
1.2361	0.016863	-0.000131	61667.50	30.82
1.2367	0.016807	-0.000226	61670.50	30.83
1.2394	0.016751	-0.000138	61673.50	30.90
1.2443	0.016832	-0.000341	61676.50	31.02
1.2454	0.016846	-0.000226	61679.50	31.04
1.2481	0.016828	-0.000140	61682.50	31.11
1.2542	0.016847	-0.000084	61685.50	31.26
1.2569	0.016721	-0.000067	61688.50	31.33
1.2624	0.016791	0.000019	61691.50	31.46
1.2695	0.017301	0.000337	61694.50	31.64
1.2760	0.016922	0.000017	61697.50	31.80
1.2831	0.016970	-0.000060	61700.50	31.97
1.2897	0.016980	-0.000028	61703.50	32.13
1.3001	0.017287	0.000379	61706.50	32.39
1.3067	0.017161	0.000198	61709.50	32.55
1.3132	0.017077	0.000148	61712.50	32.71
1.3187	0.017139	0.000139	61715.50	32.85
1.3253	0.017318	0.000195	61718.50	33.01
1.3329	0.017334	-0.000015	61721.50	33.20
1.3428	0.017230	0.000239	61724.50	33.44
1.3455	0.017507	0.000162	61727.50	33.51
1.3510	0.017225	0.000328	61730.50	33.64
1.3537	0.017250	0.000211	61733.50	33.71
1.3614	0.017352	0.000124	61736.50	33.90
1.3657	0.017316	0.000153	61739.50	34.00
1.3690	0.017215	-0.000017	61742.50	34.08
1.3728	0.017179	-0.000068	61745.50	34.18
1.3772	0.017289	0.000106	61748.50	34.29
1.3827	0.017159	0.000187	61751.50	34.42
1.3843	0.017065	0.000145	61754.50	34.46
1.3876	0.017298	-0.000068	61757.50	34.54
1.3914	0.016998	0.000078	61760.50	34.63
1.3964	0.017031	-0.000043	61763.50	34.76
1.3991	0.017103	-0.000131	61766.50	34.82
1.4002	0.017031	-0.000282	61769.50	34.85
1.4018	0.017114	0.000012	61772.50	34.89
1.4013	0.017078	-0.000016	61775.50	34.88
1.4046	0.017165	-0.000181	61778.50	34.96
1.4068	0.017145	0.000022	61781.50	35.01
1.4062	0.017096	-0.000057	61784.50	35.00
1.4122	0.017120	-0.000235	61787.50	35.14
1.4128	0.016911	-0.000218	61790.50	35.16
1.4133	0.016888	-0.000052	61793.50	35.17
1.4155	0.016979	-0.000106	61796.50	35.22
1.4166	0.016932	-0.000052	61799.50	35.25
1.4161	0.016873	-0.000081	61802.50	35.24
1.4166	0.016944	-0.000186	61805.50	35.25
1.4171	0.016894	-0.000041	61808.50	35.27
1.4177	0.017068	-0.000138	61811.50	35.28
1.4188	0.016920	-0.000219	61814.50	35.31
1.4171	0.016881	-0.000102	61817.50	35.27
1.4182	0.016922	-0.000151	61820.50	35.29
1.4161	0.016996	-0.000186	61823.50	35.24
1.4182	0.016946	-0.000269	61826.50	35.29
1.4182	0.016875	-0.000407	61829.50	35.29
1.4193	0.016976	-0.000323	61832.50	35.32
1.4177	0.016921	-0.000243	61835.50	35.28
1.4182	0.016952	-0.000451	61838.50	35.29
1.4193	0.016567	-0.000301	61841.50	35.32
1.4171	0.016683	-0.000330	61844.50	35.26
1.4166	0.016802	-0.000415	61847.50	35.25
1.4171	0.016739	-0.000194	61850.50	35.27
1.4177	0.016752	-0.000246	61853.50	35.28
1.4177	0.016710	-0.000215	61856.50	35.28
1.4171	0.016705	-0.000411	61859.50	35.27
1.4182	0.016825	-0.000354	61862.50	35.29
1.4188	0.016704	-0.000256	61865.50	35.31
1.4188	0.016650	-0.000645	61868.50	35.31
1.4166	0.016612	-0.000302	61871.50	35.25
1.4182	0.016667	-0.000158	61874.50	35.29
1.4193	0.016801	-0.000573	61877.50	35.32
1.4199	0.016795	-0.000206	61880.50	35.33
1.4210	0.016541	-0.000543	61883.50	35.36
1.4204	0.016834	-0.000277	61886.50	35.35
1.4248	0.016967	-0.000419	61889.50	35.45
1.4243	0.016785	-0.000331	61892.50	35.44
1.4264	0.016967	-0.000428	61895.50	35.49
1.4248	0.016907	-0.000364	61898.50	35.45
1.4275	0.016702	-0.000453	61901.50	35.52
1.4292	0.016814	-0.000517	61904.50	35.56
1.4297	0.016573	-0.000577	61907.50	35.57
1.4303	0.016628	-0.000457	61910.50	35.59
1.4303	0.016703	-0.000555	61913.50	35.59
1.4286	0.016682	-0.000574	61916.50	35.55
1.4325	0.016584	-0.000586	61919.50	35.64
1.4341	0.016734	-0.000537	61922.50	35.68
1.4352	0.016627	-0.000418	61925.50	35.71
1.4336	0.016786	-0.000527	61928.50	35.67
1.4352	0.016788	-0.000407	61931.50	35.71
1.4363	0.016718	-0.000464	61934.50	35.73
1.4390	0.016601	-0.000499	61937.50	35.80
1.4401	0.016625	-0.000294	61940.50	35.83
1.4379	0.016687	-0.000493	61943.50	35.77
1.4412	0.016637	-0.000396	61946.50	35.86
1.4423	0.016713	-0.000396	61949.50	35.88
1.4423	0.016758	-0.000694	61952.50	35.88
1.4439	0.016856	-0.000604	61955.50	35.92
1.4445	0.016798	-0.000501	61958.50	35.94
1.4456	0.016781	-0.000613	61961.50	35.96
1.4467	0.016667	-0.000537	61964.50	35.99
1.4467	0.016719	-0.000513	61967.50	35.99
1.4478	0.016756	-0.000328	61970.50	36.02
1.4505	0.016794	-0.000409	61973.50	36.08
1.4494	0.016696	-0.000674	61976.50	36.06
1.4521	0.016419	-0.000617	61979.50	36.12
1.4560	0.016575	-0.000695	61982.50	36.22
1.4565	0.016660	-0.000457	61985.50	36.23
1.4571	0.016578	-0.000716	61988.50	36.24
1.4604	0.016670	-0.000632	61991.50	36.32
1.4604	0.016708	-0.000574	61994.50	36.32
1.4631	0.016756	-0.000419	61997.50	36.39
1.4642	0.016838	-0.000536	62000.50	36.42
1.4658	0.016786	-0.000375	62003.50	36.46
1.4675	0.016766	-0.000530	62006.50	36.50
1.4707	0.016724	-0.000469	62009.50	36.58
1.4729	0.016747	-0.000537	62012.50	36.63
1.4751	0.016706	-0.000558	62015.50	36.69
1.4773	0.016676	-0.000527	62018.50	36.74
1.4779	0.016789	-0.000425	62021.50	36.75
1.4806	0.016630	-0.000441	62024.50	36.82
1.4844	0.016595	-0.000633	62027.50	36.91
1.4844	0.016724	-0.000374	62030.50	36.91
1.4877	0.016695	-0.000576	62033.50	36.99
1.4904	0.016714	-0.000495	62036.50	37.06
1.4904	0.016627	-0.000451	62039.50	37.06
1.4932	0.016700	-0.000604	62042.50	37.13
1.4943	0.016749	-0.000382	62045.50	37.15
1.4992	0.016507	-0.000450	62048.50	37.28
1.5008	0.016713	-0.000540	62051.50	37.32
1.5036	0.016954	-0.000498	62054.50	37.38
1.5047	0.016754	-0.000598	62057.50	37.41
1.5047	0.016784	-0.000403	62060.50	37.41
