1.5112	0.014721	-0.003400	57410.64	37.57
1.5112	0.014675	-0.003340	57413.64	37.57
1.5112	0.014635	-0.003415	57416.64	37.57
1.5112	0.014673	-0.003347	57419.64	37.57
1.5085	0.014704	-0.003548	57422.64	37.50
1.5107	0.014731	-0.003468	57425.64	37.56
1.5096	0.014591	-0.003398	57428.64	37.53
1.5090	0.014650	-0.003428	57431.64	37.52
1.5074	0.014733	-0.003491	57434.64	37.48
1.5052	0.014654	-0.003416	57437.64	37.42
1.5052	0.014675	-0.003441	57440.64	37.42
1.5057	0.014675	-0.003574	57443.64	37.44
1.5052	0.014705	-0.003389	57446.64	37.42
1.5047	0.014687	-0.003508	57449.64	37.41
1.5047	0.014685	-0.003482	57452.64	37.41
1.5014	0.014706	-0.003379	57455.64	37.33
1.5019	0.014721	-0.003418	57458.64	37.34
1.5025	0.014598	-0.003390	57461.64	37.36
1.5025	0.014667	-0.003478	57464.64	37.36
1.5003	0.014613	-0.003371	57467.64	37.30
1.4986	0.014705	-0.003357	57470.64	37.26
1.5003	0.014707	-0.003343	57473.64	37.30
1.5003	0.014808	-0.003331	57476.64	37.30
1.4975	0.014694	-0.003272	57479.64	37.24
1.4981	0.014726	-0.003319	57482.64	37.25
1.4981	0.014717	-0.003355	57485.64	37.25
1.4948	0.014736	-0.003490	57488.64	37.17
1.4965	0.014654	-0.003438	57491.64	37.21
1.4981	0.014645	-0.003521	57494.64	37.25
1.4954	0.014631	-0.003474	57497.64	37.18
1.4959	0.014754	-0.003311	57500.64	37.20
1.4937	0.014652	-0.003524	57503.64	37.14
1.4932	0.014635	-0.003421	57506.64	37.13
1.4926	0.014722	-0.003233	57509.64	37.11
1.4943	0.014837	-0.003292	57512.64	37.15
1.4915	0.014659	-0.003409	57515.64	37.09
1.4910	0.014700	-0.003425	57518.64	37.07
1.4921	0.014623	-0.003433	57521.64	37.10
1.4899	0.013292	-0.003480	57524.64	37.05
1.4915	0.014619	-0.003368	57527.64	37.09
1.4893	0.014750	-0.003207	57530.64	37.03
1.4910	0.014614	-0.003423	57533.64	37.07
1.4882	0.014609	-0.003336	57536.64	37.01
1.4882	0.014818	-0.004756	57539.64	37.01
1.4899	0.014726	-0.003242	57542.64	37.05
1.4904	0.014716	-0.003369	57545.64	37.06
1.4910	0.014727	-0.003417	57548.64	37.07
1.4904	0.013846	-0.003400	57551.64	37.06
1.4904	0.014543	-0.004774	57554.64	37.06
1.4932	0.014797	-0.003335	57557.64	37.13
1.4921	0.013391	-0.003404	57560.64	37.10
1.4926	0.014602	-0.003518	57563.64	37.11
1.4954	0.014552	-0.003385	57566.64	37.18
1.4970	0.014762	-0.003444	57569.64	37.22
1.4959	0.014716	-0.003356	57572.64	37.20
1.4970	0.014757	-0.003445	57575.64	37.22
1.4986	0.014526	-0.003474	57578.64	37.26
1.4970	0.014529	-0.003544	57581.64	37.22
1.5003	0.014557	-0.004270	57584.64	37.30
1.4997	0.014486	-0.003589	57587.64	37.29
1.5003	0.014593	-0.003517	57590.64	37.30
1.5003	0.014609	-0.003542	57593.64	37.30
1.5019	0.014599	-0.003412	57596.64	37.34
1.5019	0.014605	-0.003413	57599.64	37.34
1.5041	0.014688	-0.003343	57602.64	37.40
1.5058	0.014763	-0.003390	57605.64	37.44
1.5058	0.014709	-0.003454	57608.64	37.44
1.5063	0.014606	-0.003507	57611.64	37.45
1.5079	0.014620	-0.003478	57614.64	37.49
1.5090	0.014554	-0.003518	57617.64	37.52
1.5096	0.014611	-0.003369	57620.64	37.53
1.5101	0.014472	-0.003542	57623.64	37.54
1.5101	0.014592	-0.003501	57626.64	37.54
1.5107	0.014638	-0.003532	57629.64	37.56
1.5112	0.014569	-0.003362	57632.64	37.57
1.5129	0.014861	-0.003306	57635.64	37.61
1.5107	0.014726	-0.003443	57638.64	37.56
1.5123	0.014717	-0.003358	57641.64	37.60
1.5134	0.014741	-0.004799	57644.64	37.62
1.5134	0.014722	-0.003418	57647.64	37.62
1.5150	0.014770	-0.003403	57650.64	37.66
1.5167	0.014695	-0.003458	57653.64	37.70
1.5167	0.014602	-0.003360	57656.64	37.70
1.5161	0.014726	-0.003384	57659.64	37.69
1.5172	0.014617	-0.003468	57662.64	37.72
1.5178	0.014720	-0.003427	57665.64	37.73
1.5172	0.014811	-0.003329	57668.64	37.72
1.5183	0.014734	-0.003361	57671.64	37.74
1.5194	0.014713	-0.003431	57674.64	37.77
1.5189	0.014680	-0.003308	57677.64	37.76
1.5189	0.014658	-0.003336	57680.64	37.76
1.5200	0.014599	-0.003430	57683.64	37.78
1.5211	0.014648	-0.003422	57686.64	37.81
1.5211	0.014679	-0.003407	57689.64	37.81
1.5200	0.014720	-0.003345	57692.64	37.78
1.5211	0.014701	-0.003428	57695.64	37.81
1.5216	0.014671	-0.003266	57698.64	37.82
1.5216	0.014812	-0.003357	57701.64	37.82
1.5227	0.014809	-0.003291	57704.64	37.85
1.5243	0.014707	-0.003448	57707.64	37.89
1.5227	0.014777	-0.003327	57710.64	37.85
1.5254	0.014881	-0.003323	57713.64	37.92
1.5238	0.014754	-0.004472	57716.64	37.88
1.5249	0.014844	-0.003259	57719.64	37.90
1.5265	0.014803	-0.003253	57722.64	37.94
1.5271	0.014749	-0.003367	57725.64	37.96
1.5243	0.014740	-0.003204	57728.64	37.89
1.5260	0.014721	-0.003332	57731.64	37.93
1.5265	0.014786	-0.003348	57734.64	37.94
1.5260	0.014695	-0.003305	57737.64	37.93
1.5276	0.014940	-0.003211	57740.64	37.97
1.5287	0.014891	-0.003228	57743.64	38.00
1.5282	0.014744	-0.003150	57746.64	37.98
1.5287	0.014789	-0.003220	57749.64	38.00
1.5298	0.014877	-0.003366	57752.64	38.03
1.5298	0.014857	-0.003309	57755.64	38.03
1.5298	0.014835	-0.003197	57758.64	38.03
1.5293	0.014845	-0.003226	57761.64	38.01
1.5304	0.014854	-0.003311	57764.64	38.04
1.5320	0.014856	-0.003308	57767.64	38.08
1.5304	0.014938	-0.003265	57770.64	38.04
1.5304	0.013390	-0.003241	57773.64	38.04
1.5320	0.014862	-0.003288	57776.64	38.08
1.5326	0.014836	-0.003236	57779.64	38.09
1.5315	0.014875	-0.003254	57782.64	38.07
1.5309	0.014909	-0.003190	57785.64	38.05
1.5320	0.014924	-0.003272	57788.64	38.08
1.5325	0.014748	-0.003254	57791.64	38.09
1.5315	0.014864	-0.003166	57794.64	38.07
1.5325	0.014853	-0.003311	57797.64	38.09
1.5315	0.014880	-0.003208	57800.64	38.07
1.5325	0.014871	-0.003245	57803.64	38.09
1.5342	0.015161	-0.003057	57806.64	38.13
1.5336	0.014987	-0.003061	57809.64	38.12
1.5342	0.015042	-0.003043	57812.64	38.13
1.5358	0.015016	-0.003219	57815.64	38.17
1.5353	0.015155	-0.003015	57818.64	38.16
1.5353	0.014585	-0.003042	57821.64	38.16
1.5342	0.014991	-0.003037	57824.64	38.13
1.5364	0.013555	-0.003060	57827.64	38.19
1.5358	0.015079	-0.003113	57830.64	38.17
1.5364	0.015047	-0.002987	57833.64	38.19
1.5353	0.014964	-0.003140	57836.64	38.16
1.5375	0.015031	-0.003112	57839.64	38.21
1.5375	0.013524	-0.003253	57842.64	38.21
1.5358	0.014944	-0.003128	57845.64	38.17
1.5380	0.015048	-0.003018	57848.64	38.23
1.5364	0.015048	-0.003083	57851.64	38.19
1.5353	0.015017	-0.003167	57854.64	38.16
1.5386	0.015043	-0.003136	57857.64	38.24
1.5386	0.014731	-0.003153	57860.64	38.24
1.5386	0.014946	-0.003263	57863.64	38.24
1.5386	0.014778	-0.003178	57866.64	38.24
1.5386	0.014835	-0.003250	57869.64	38.24
1.5380	0.014831	-0.003180	57872.64	38.23
1.5375	0.014798	-0.003137	57875.64	38.21
1.5397	0.014138	-0.002953	57878.64	38.27
1.5391	0.014994	-0.003075	57881.64	38.25
1.5391	0.014967	-0.003195	57884.64	38.25
1.5375	0.014751	-0.003234	57887.64	38.21
1.5408	0.014984	-0.003147	57890.64	38.29
1.5413	0.014929	-0.003054	57893.64	38.31
1.5413	0.014916	-0.003059	57896.64	38.31
1.5391	0.014805	-0.003174	57899.64	38.25
1.5391	0.014868	-0.003182	57902.64	38.25
1.5408	0.014958	-0.003115	57905.64	38.29
1.5397	0.014978	-0.003146	57908.64	38.27
1.5424	0.014848	-0.003239	57911.64	38.33
1.5418	0.014662	-0.003490	57914.64	38.32
1.5391	0.014598	-0.003350	57917.64	38.25
1.5418	0.014712	-0.003563	57920.64	38.32
1.5413	0.014742	-0.003416	57923.64	38.31
1.5419	0.014903	-0.003340	57926.64	38.32
1.5418	0.013305	-0.003276	57929.64	38.32
1.5408	0.014848	-0.003166	57932.64	38.29
1.5418	0.015192	-0.003213	57935.64	38.32
1.5424	0.014970	-0.003052	57938.64	38.33
1.5429	0.014963	-0.003142	57941.64	38.35
1.5435	0.014879	-0.003251	57944.64	38.36
1.5451	0.014881	-0.003239	57947.64	38.40
1.5429	0.014888	-0.004666	57950.64	38.35
1.5424	0.015038	-0.003145	57953.64	38.33
1.5457	0.014881	-0.003084	57956.64	38.41
1.5424	0.014950	-0.003087	57959.64	38.33
1.5413	0.014906	-0.003264	57962.64	38.31
1.5424	0.015047	-0.003166	57965.64	38.33
1.5419	0.014915	-0.003222	57968.64	38.32
1.5424	0.014934	-0.003141	57971.64	38.33
1.5418	0.014920	-0.003063	57974.64	38.32
1.5413	0.015029	-0.003062	57977.64	38.31
1.5435	0.014906	-0.004530	57980.64	38.36
1.5424	0.015071	-0.003100	57983.64	38.33
1.5435	0.015010	-0.002920	57986.64	38.36
1.5413	0.014965	-0.003191	57989.64	38.31
1.5429	0.014870	-0.003178	57992.64	38.35
1.5429	0.014957	-0.003008	57995.64	38.35
1.5419	0.014892	-0.003078	57998.64	38.32
1.5418	0.015010	-0.003074	58001.64	38.32
1.5440	0.015010	-0.003112	58004.64	38.37
1.5440	0.015041	-0.002971	58007.64	38.37
1.5424	0.015093	-0.003140	58010.64	38.33
1.5424	0.014850	-0.003129	58013.64	38.33
1.5429	0.015006	-0.003443	58016.64	38.35
1.5429	0.015080	-0.003038	58019.64	38.35
1.5424	0.015040	-0.003045	58022.64	38.33
1.5435	0.015202	-0.003111	58025.64	38.36
1.5440	0.014898	-0.003044	58028.64	38.37
1.5429	0.015136	-0.004557	58031.64	38.35
1.5424	0.015080	-0.003139	58034.64	38.33
1.5435	0.015064	-0.003048	58037.64	38.36
1.5429	0.015188	-0.003062	58040.64	38.35
1.5435	0.015097	-0.003063	58043.64	38.36
1.5440	0.014986	-0.003014	58046.64	38.37
1.5440	0.015038	-0.003020	58049.64	38.37
1.5440	0.015043	-0.003074	58052.64	38.37
1.5457	0.015093	-0.002851	58055.64	38.41
1.5429	0.015028	-0.003018	58058.64	38.35
1.5429	0.015166	-0.003028	58061.64	38.35
1.5446	0.015108	-0.002963	58064.64	38.39
1.5435	0.015010	-0.003180	58067.64	38.36
1.5446	0.015000	-0.003097	58070.64	38.39
1.5424	0.015019	-0.003111	58073.64	38.33
1.5462	0.015031	-0.002775	58076.64	38.43
1.5440	0.015079	-0.002882	58079.64	38.37
1.5457	0.015110	-0.003101	58082.64	38.41
1.5440	0.015011	-0.002964	58085.64	38.37
1.5457	0.015054	-0.002912	58088.64	38.41
1.5457	0.014959	-0.002848	58091.64	38.41
1.5473	0.015240	-0.002924	58094.64	38.45
1.5435	0.015240	-0.002871	58097.64	38.36
1.5468	0.015271	-0.002969	58100.64	38.44
1.5462	0.015166	-0.003063	58103.64	38.43
1.5473	0.015074	-0.002935	58106.64	38.45
1.5457	0.015033	-0.002878	58109.64	38.41
1.5451	0.015216	-0.002903	58112.64	38.40
1.5462	0.015119	-0.003274	58115.64	38.43
1.5446	0.015132	-0.002952	58118.64	38.39
1.5462	0.015092	-0.002997	58121.64	38.43
1.5462	0.015093	-0.003109	58124.64	38.43
1.5479	0.014985	-0.002968	58127.64	38.47
1.5473	0.015060	-0.002992	58130.64	38.45
1.5462	0.015233	-0.002993	58133.64	38.43
1.5446	0.015111	-0.003037	58136.64	38.39
1.5462	0.014957	-0.003081	58139.64	38.43
1.5451	0.014959	-0.003227	58142.64	38.40
1.5457	0.014891	-0.003668	58145.64	38.41
1.5462	0.014889	-0.003228	58148.64	38.43
1.5457	0.015003	-0.003058	58151.64	38.41
1.5446	0.014872	-0.002981	58154.64	38.39
1.5451	0.014960	-0.003118	58157.64	38.40
1.5451	0.015051	-0.003106	58160.64	38.40
1.5457	0.014917	-0.002993	58163.64	38.41
1.5451	0.015177	-0.003197	58166.64	38.40
1.5468	0.014989	-0.003170	58169.64	38.44
1.5462	0.015157	-0.002929	58172.64	38.43
1.5484	0.015006	-0.003033	58175.64	38.48
1.5479	0.015195	-0.003048	58178.64	38.47
1.5457	0.015083	-0.003032	58181.64	38.41
1.5484	0.015216	-0.002952	58184.64	38.48
1.5457	0.015139	-0.002953	58187.64	38.41
1.5457	0.015179	-0.002939	58190.64	38.41
1.5457	0.015050	-0.003123	58193.64	38.41
1.5473	0.014328	-0.003147	58196.64	38.45
1.5479	0.014919	-0.003208	58199.64	38.47
1.5457	0.015062	-0.003114	58202.64	38.41
1.5479	0.015065	-0.003081	58205.64	38.47
1.5490	0.015028	-0.003125	58208.64	38.49
1.5468	0.014988	-0.003046	58211.64	38.44
1.5484	0.015020	-0.003158	58214.64	38.48
1.5462	0.014926	-0.003159	58217.64	38.43
1.5479	0.014961	-0.003017	58220.64	38.47
1.5484	0.013523	-0.003071	58223.64	38.48
1.5462	0.014997	-0.003038	58226.64	38.43
1.5473	0.015001	-0.003160	58229.64	38.45
1.5490	0.015129	-0.003006	58232.64	38.49
1.5451	0.014921	-0.003115	58235.64	38.40
1.5490	0.014931	-0.003092	58238.64	38.49
1.5484	0.014908	-0.003086	58241.64	38.48
1.5484	0.014907	-0.003027	58244.64	38.48
1.5490	0.015020	-0.003177	58247.64	38.49
1.5473	0.014866	-0.003082	58250.64	38.45
1.5462	0.015043	-0.003033	58253.64	38.43
1.5490	0.014958	-0.002927	58256.64	38.49
1.5484	0.014840	-0.003240	58259.64	38.48
1.5468	0.014970	-0.003046	58262.64	38.44
1.5506	0.014863	-0.003213	58265.64	38.53
1.5506	0.015027	-0.003120	58268.64	38.53
1.5511	0.014943	-0.003333	58271.64	38.55
1.5511	0.014585	-0.003252	58274.64	38.55
1.5484	0.014811	-0.003388	58277.64	38.48
1.5490	0.014838	-0.003340	58280.64	38.49
1.5501	0.014793	-0.003222	58283.64	38.52
1.5495	0.014663	-0.003308	58286.64	38.51
1.5479	0.014788	-0.003210	58289.64	38.47
1.5501	0.015084	-0.003141	58292.64	38.52
1.5490	0.014619	-0.003197	58295.64	38.49
1.5490	0.015034	-0.003030	58298.64	38.49
1.5495	0.014820	-0.003285	58301.64	38.51
1.5501	0.013284	-0.003176	58304.64	38.52
1.5506	0.014653	-0.003526	58307.64	38.53
1.5490	0.014751	-0.003354	58310.64	38.49
1.5490	0.014864	-0.003221	58313.64	38.49
1.5517	0.014645	-0.003182	58316.64	38.56
1.5506	0.014743	-0.003305	58319.64	38.53
1.5506	0.014743	-0.003331	58322.64	38.53
1.5522	0.014884	-0.003416	58325.64	38.57
1.5501	0.014858	-0.003384	58328.64	38.52
1.5511	0.014667	-0.003326	58331.64	38.55
1.5522	0.014780	-0.003574	58334.64	38.57
1.5511	0.014737	-0.003319	58337.64	38.55
1.5501	0.014839	-0.003362	58340.64	38.52
1.5511	0.014820	-0.003276	58343.64	38.55
1.5501	0.014640	-0.003293	58346.64	38.52
1.5522	0.014776	-0.003222	58349.64	38.57
1.5501	0.014976	-0.003154	58352.64	38.52
1.5501	0.015084	-0.003027	58355.64	38.52
1.5522	0.014071	-0.002973	58358.64	38.57
1.5528	0.014865	-0.002977	58361.64	38.59
1.5495	0.014895	-0.002912	58364.64	38.51
1.5522	0.014424	-0.003057	58367.64	38.57
1.5501	0.015132	-0.002998	58370.64	38.52
1.5522	0.015047	-0.003101	58373.64	38.57
1.5528	0.015054	-0.003144	58376.64	38.59
1.5522	0.014855	-0.003102	58379.64	38.57
1.5533	0.014764	-0.003185	58382.64	38.60
1.5511	0.014893	-0.003199	58385.64	38.55
1.5533	0.014973	-0.003058	58388.64	38.60
1.5528	0.014870	-0.003009	58391.64	38.59
1.5544	0.014852	-0.003102	58394.64	38.63
1.5533	0.014784	-0.003171	58397.64	38.60
1.5539	0.014841	-0.003235	58400.64	38.61
1.5528	0.014891	-0.003108	58403.64	38.59
1.5528	0.014988	-0.003100	58406.64	38.59
1.5550	0.014935	-0.003157	58409.64	38.64
1.5533	0.014981	-0.003132	58412.64	38.60
1.5528	0.014922	-0.003048	58415.64	38.59
1.5544	0.015005	-0.003149	58418.64	38.63
1.5550	0.014993	-0.003083	58421.64	38.64
1.5550	0.014759	-0.003113	58424.64	38.64
1.5555	0.014997	-0.002949	58427.64	38.65
1.5561	0.015197	-0.002779	58430.64	38.67
1.5588	0.015068	-0.003099	58433.64	38.73
1.5572	0.015002	-0.002900	58436.64	38.69
1.5577	0.015071	-0.002857	58439.64	38.71
1.5610	0.015061	-0.002915	58442.64	38.79
1.5615	0.015191	-0.002865	58445.64	38.80
1.5621	0.015172	-0.002983	58448.64	38.81
1.5621	0.015265	-0.002929	58451.64	38.81
1.5632	0.015290	-0.002900	58454.64	38.84
1.5615	0.015069	-0.002961	58457.64	38.80
1.5632	0.014536	-0.002933	58460.64	38.84
1.5659	0.014450	-0.002983	58463.64	38.91
1.5637	0.015118	-0.002897	58466.64	38.85
1.5665	0.015297	-0.002794	58469.64	38.92
1.5648	0.015151	-0.002906	58472.64	38.88
1.5659	0.015187	-0.002849	58475.64	38.91
1.5659	0.015139	-0.002981	58478.64	38.91
1.5676	0.014930	-0.002805	58481.64	38.95
1.5670	0.015250	-0.002885	58484.64	38.93
1.5659	0.015221	-0.002974	58487.64	38.91
1.5676	0.015194	-0.002971	58490.64	38.95
1.5670	0.015069	-0.002868	58493.64	38.93
1.5665	0.015115	-0.002995	58496.64	38.92
1.5692	0.015180	-0.002953	58499.64	38.99
1.5687	0.015294	-0.002722	58502.64	38.97
1.5697	0.015285	-0.004319	58505.64	39.00
1.5692	0.015276	-0.002887	58508.64	38.99
1.5687	0.015340	-0.002739	58511.64	38.97
1.5697	0.015313	-0.002639	58514.64	39.00
1.5703	0.015299	-0.002854	58517.64	39.01
1.5714	0.015398	-0.002802	58520.64	39.04
1.5714	0.015167	-0.002694	58523.64	39.04
1.5719	0.015413	-0.002631	58526.64	39.06
1.5725	0.015275	-0.002919	58529.64	39.07
1.5719	0.015319	-0.002863	58532.64	39.06
1.5714	0.015196	-0.003032	58535.64	39.04
1.5670	0.014666	-0.003110	58538.64	38.93
1.5643	0.014620	-0.003391	58541.64	38.87
1.5610	0.014870	-0.004350	58544.64	38.79
1.5594	0.014868	-0.003325	58547.64	38.75
1.5566	0.014619	-0.003238	58550.64	38.68
1.5561	0.014743	-0.003183	58553.64	38.67
1.5550	0.014952	-0.003367	58556.64	38.64
1.5517	0.014842	-0.003086	58559.64	38.56
1.5528	0.014693	-0.003170	58562.64	38.59
1.5506	0.014633	-0.003300	58565.64	38.53
1.5501	0.014802	-0.003470	58568.64	38.52
1.5473	0.014477	-0.003143	58571.64	38.45
1.5468	0.014569	-0.003361	58574.64	38.44
1.5462	0.014661	-0.003332	58577.64	38.43
1.5451	0.014659	-0.003377	58580.64	38.40
1.5451	0.014505	-0.003279	58583.64	38.40
1.5435	0.014499	-0.003345	58586.64	38.36
1.5424	0.014627	-0.003428	58589.64	38.33
1.5408	0.014518	-0.004847	58592.64	38.29
1.5402	0.014579	-0.003418	58595.64	38.28
1.5391	0.014391	-0.003451	58598.64	38.25
1.5397	0.014493	-0.003355	58601.64	38.27
1.5397	0.014638	-0.003577	58604.64	38.27
1.5380	0.013077	-0.003207	58607.64	38.23
1.5408	0.014586	-0.003225	58610.64	38.29
1.5386	0.014519	-0.003375	58613.64	38.24
1.5397	0.014588	-0.003152	58616.64	38.27
1.5402	0.014662	-0.003214	58619.64	38.28
1.5391	0.014681	-0.003135	58622.64	38.25
1.5402	0.014709	-0.003194	58625.64	38.28
1.5408	0.014634	-0.003111	58628.64	38.29
1.5402	0.014757	-0.003112	58631.64	38.28
1.5424	0.014777	-0.003046	58634.64	38.33
1.5391	0.014916	-0.003034	58637.64	38.25
1.5413	0.014874	-0.003135	58640.64	38.31
1.5440	0.014922	-0.002996	58643.64	38.37
1.5418	0.014722	-0.003028	58646.64	38.32
1.5435	0.014822	-0.003140	58649.64	38.36
1.5440	0.014907	-0.003086	58652.64	38.37
1.5435	0.014845	-0.003244	58655.64	38.36
1.5440	0.014799	-0.003288	58658.64	38.37
1.5462	0.014694	-0.003230	58661.64	38.43
1.5451	0.014786	-0.003115	58664.64	38.40
1.5468	0.014666	-0.003327	58667.64	38.44
1.5479	0.014689	-0.003125	58670.64	38.47
1.5473	0.014737	-0.003348	58673.64	38.45
1.5468	0.014721	-0.003215	58676.64	38.44
1.5484	0.014877	-0.003099	58679.64	38.48
1.5495	0.014794	-0.003163	58682.64	38.51
1.5495	0.014826	-0.003120	58685.64	38.51
1.5490	0.014798	-0.003109	58688.64	38.49
1.5484	0.014843	-0.003181	58691.64	38.48
1.5484	0.014967	-0.003108	58694.64	38.48
1.5490	0.014728	-0.003074	58697.64	38.49
1.5506	0.014924	-0.003015	58700.64	38.53
1.5490	0.014852	-0.003102	58703.64	38.49
1.5506	0.014910	-0.003009	58706.64	38.53
1.5501	0.014853	-0.003135	58709.64	38.52
1.5511	0.015043	-0.003070	58712.64	38.55
1.5511	0.014775	-0.003101	58715.64	38.55
1.5528	0.014909	-0.003122	58718.64	38.59
1.5533	0.014736	-0.003126	58721.64	38.60
1.5533	0.014997	-0.003006	58724.64	38.60
1.5522	0.015059	-0.003144	58727.64	38.57
1.5522	0.014963	-0.003153	58730.64	38.57
1.5539	0.014851	-0.002951	58733.64	38.61
1.5533	0.014611	-0.003087	58736.64	38.60
1.5528	0.014940	-0.003223	58739.64	38.59
1.5533	0.014883	-0.003200	58742.64	38.60
1.5544	0.014875	-0.003108	58745.64	38.63
1.5539	0.014760	-0.003017	58748.64	38.61
1.5544	0.014557	-0.003038	58751.64	38.63
1.5533	0.015047	-0.002706	58754.64	38.60
1.5544	0.015119	-0.002858	58757.64	38.63
1.5544	0.013909	-0.002861	58760.64	38.63
1.5555	0.014981	-0.002881	58763.64	38.65
1.5544	0.014972	-0.002941	58766.64	38.63
1.5544	0.014891	-0.003009	58769.64	38.63
1.5539	0.014958	-0.002968	58772.64	38.61
1.5544	0.014897	-0.002960	58775.64	38.63
1.5561	0.014938	-0.002878	58778.64	38.67
1.5566	0.015012	-0.002795	58781.64	38.68
1.5555	0.014964	-0.003102	58784.64	38.65
1.5550	0.014894	-0.003050	58787.64	38.64
1.5555	0.014880	-0.002879	58790.64	38.65
1.5566	0.014922	-0.002926	58793.64	38.68
1.5550	0.015007	-0.002822	58796.64	38.64
1.5577	0.014954	-0.003042	58799.64	38.71
1.5566	0.015108	-0.002842	58802.64	38.68
1.5583	0.014998	-0.002992	58805.64	38.72
1.5588	0.015081	-0.002827	58808.64	38.73
1.5610	0.014932	-0.002898	58811.64	38.79
1.5583	0.014731	-0.002942	58814.64	38.72
1.5599	0.014830	-0.003002	58817.64	38.76
1.5588	0.014861	-0.003039	58820.64	38.73
1.5621	0.014987	-0.003024	58823.64	38.81
1.5632	0.014993	-0.002885	58826.64	38.84
1.5621	0.014944	-0.003146	58829.64	38.81
1.5632	0.015032	-0.002939	58832.64	38.84
1.5643	0.014976	-0.002827	58835.64	38.87
1.5637	0.014944	-0.002960	58838.64	38.85
1.5659	0.014808	-0.002956	58841.64	38.91
1.5681	0.014894	-0.002921	58844.64	38.96
1.5665	0.014977	-0.002997	58847.64	38.92
1.5654	0.014951	-0.002804	58850.64	38.89
1.5665	0.015106	-0.002917	58853.64	38.92
1.5670	0.014991	-0.002765	58856.64	38.93
1.5708	0.014958	-0.002879	58859.64	39.03
1.5708	0.015169	-0.003002	58862.64	39.03
1.5714	0.015046	-0.002838	58865.64	39.04
1.5725	0.015105	-0.002840	58868.64	39.07
1.5708	0.015064	-0.002882	58871.64	39.03
1.5725	0.015241	-0.002702	58874.64	39.07
1.5725	0.015152	-0.002795	58877.64	39.07
1.5730	0.015230	-0.002772	58880.64	39.08
1.5730	0.015197	-0.002564	58883.64	39.08
1.5736	0.015333	-0.002557	58886.64	39.10
1.5747	0.015399	-0.002720	58889.64	39.12
1.5769	0.014953	-0.002943	58892.64	39.18
1.5779	0.015051	-0.002862	58895.64	39.20
1.5758	0.015085	-0.003035	58898.64	39.15
1.5741	0.014897	-0.003054	58901.64	39.11
1.5763	0.015162	-0.002916	58904.64	39.16
1.5769	0.015202	-0.002924	58907.64	39.18
1.5769	0.015108	-0.003123	58910.64	39.18
1.5790	0.015196	-0.002916	58913.64	39.23
1.5807	0.015123	-0.002801	58916.64	39.27
1.5790	0.015048	-0.002957	58919.64	39.23
1.5785	0.014795	-0.003232	58922.64	39.22
1.5785	0.015237	-0.002911	58925.64	39.22
1.5801	0.015197	-0.003109	58928.64	39.26
1.5790	0.015149	-0.002834	58931.64	39.23
1.5801	0.015112	-0.003085	58934.64	39.26
1.5790	0.015073	-0.002955	58937.64	39.23
1.5818	0.015209	-0.003074	58940.64	39.30
1.5807	0.015184	-0.003162	58943.64	39.27
1.5790	0.015081	-0.003079	58946.64	39.23
1.5807	0.014051	-0.003069	58949.64	39.27
1.5801	0.015080	-0.003245	58952.64	39.26
1.5807	0.015034	-0.003025	58955.64	39.27
1.5818	0.014483	-0.003069	58958.64	39.30
1.5818	0.015162	-0.003061	58961.64	39.30
1.5807	0.014994	-0.003113	58964.64	39.27
1.5812	0.015007	-0.002981	58967.64	39.28
1.5807	0.015048	-0.003245	58970.64	39.27
1.5823	0.015219	-0.003086	58973.64	39.31
1.5823	0.013793	-0.003159	58976.64	39.31
1.5823	0.015232	-0.003051	58979.64	39.31
1.5840	0.015282	-0.002978	58982.64	39.35
1.5807	0.015199	-0.003065	58985.64	39.27
1.5823	0.015101	-0.003104	58988.64	39.31
1.5801	0.015026	-0.003165	58991.64	39.26
1.5818	0.015207	-0.003137	58994.64	39.30
1.5823	0.015313	-0.002992	58997.64	39.31
1.5845	0.015141	-0.003085	59000.64	39.36
1.5834	0.015150	-0.003286	59003.64	39.34
1.5840	0.015193	-0.003210	59006.64	39.35
1.5829	0.015053	-0.003074	59009.64	39.32
1.5862	0.014993	-0.003177	59012.64	39.40
1.5829	0.015091	-0.003305	59015.64	39.32
1.5834	0.015148	-0.003472	59018.64	39.34
1.5823	0.014883	-0.003455	59021.64	39.31
1.5845	0.015289	-0.003300	59024.64	39.36
1.5856	0.015080	-0.003265	59027.64	39.39
1.5851	0.015305	-0.003372	59030.64	39.38
1.5834	0.015148	-0.003242	59033.64	39.34
1.5862	0.015180	-0.003582	59036.64	39.40
1.5834	0.015106	-0.003145	59039.64	39.34
1.5851	0.015315	-0.002928	59042.64	39.38
1.5851	0.015244	-0.003232	59045.64	39.38
1.5872	0.015304	-0.003141	59048.64	39.43
1.5856	0.015358	-0.003169	59051.64	39.39
1.5829	0.015108	-0.003231	59054.64	39.32
1.5801	0.014966	-0.003505	59057.64	39.26
1.5763	0.015003	-0.003532	59060.64	39.16
1.5725	0.015016	-0.004829	59063.64	39.07
1.5681	0.015054	-0.003576	59066.64	38.96
1.5654	0.014980	-0.003415	59069.64	38.89
1.5621	0.014922	-0.003788	59072.64	38.81
1.5610	0.015106	-0.003407	59075.64	38.79
1.5583	0.014998	-0.003571	59078.64	38.72
1.5561	0.014906	-0.003579	59081.64	38.67
1.5550	0.014973	-0.003450	59084.64	38.64
1.5561	0.014963	-0.003376	59087.64	38.67
1.5522	0.014659	-0.003282	59090.64	38.57
1.5528	0.015000	-0.003430	59093.64	38.59
1.5490	0.014894	-0.003457	59096.64	38.49
1.5506	0.014837	-0.003345	59099.64	38.53
1.5479	0.014919	-0.003415	59102.64	38.47
1.5457	0.014839	-0.003397	59105.64	38.41
1.5495	0.014898	-0.003341	59108.64	38.51
1.5468	0.014403	-0.003301	59111.64	38.44
1.5479	0.014841	-0.003458	59114.64	38.47
1.5446	0.014863	-0.003375	59117.64	38.39
1.5462	0.014796	-0.003577	59120.64	38.43
1.5451	0.014777	-0.003492	59123.64	38.40
1.5440	0.014885	-0.003296	59126.64	38.37
1.5418	0.014591	-0.003406	59129.64	38.32
1.5424	0.014732	-0.003369	59132.64	38.33
1.5418	0.014559	-0.003382	59135.64	38.32
1.5408	0.014921	-0.003385	59138.64	38.29
1.5408	0.014602	-0.003347	59141.64	38.29
1.5418	0.014713	-0.003399	59144.64	38.32
1.5397	0.014774	-0.003427	59147.64	38.27
1.5402	0.014727	-0.003192	59150.64	38.28
1.5391	0.014768	-0.003426	59153.64	38.25
1.5380	0.014673	-0.003480	59156.64	38.23
1.5413	0.014627	-0.003461	59159.64	38.31
1.5369	0.014685	-0.003427	59162.64	38.20
1.5408	0.014549	-0.003447	59165.64	38.29
1.5375	0.014744	-0.003429	59168.64	38.21
1.5380	0.014682	-0.003407	59171.64	38.23
1.5380	0.014701	-0.003427	59174.64	38.23
1.5375	0.014477	-0.003251	59177.64	38.21
1.5358	0.014569	-0.003400	59180.64	38.17
1.5364	0.014749	-0.003357	59183.64	38.19
1.5364	0.014844	-0.003339	59186.64	38.19
1.5369	0.014654	-0.003456	59189.64	38.20
1.5353	0.014626	-0.003437	59192.64	38.16
1.5347	0.014580	-0.003475	59195.64	38.15
1.5358	0.014618	-0.003274	59198.64	38.17
1.5358	0.014474	-0.003357	59201.64	38.17
1.5353	0.014512	-0.003540	59204.64	38.16
1.5347	0.014595	-0.003376	59207.64	38.15
1.5369	0.014405	-0.003400	59210.64	38.20
1.5342	0.014596	-0.003285	59213.64	38.13
1.5358	0.014635	-0.003209	59216.64	38.17
1.5353	0.014682	-0.003210	59219.64	38.16
1.5353	0.014529	-0.003206	59222.64	38.16
1.5375	0.014719	-0.003292	59225.64	38.21
1.5364	0.014523	-0.003291	59228.64	38.19
1.5358	0.014502	-0.003145	59231.64	38.17
1.5369	0.014442	-0.003327	59234.64	38.20
1.5364	0.014651	-0.003238	59237.64	38.19
1.5336	0.014622	-0.003387	59240.64	38.12
1.5331	0.014610	-0.003301	59243.64	38.11
1.5336	0.014622	-0.003280	59246.64	38.12
1.5326	0.014514	-0.003424	59249.64	38.09
1.5331	0.014517	-0.003364	59252.64	38.11
1.5364	0.014581	-0.003319	59255.64	38.19
1.5353	0.014575	-0.003434	59258.64	38.16
1.5369	0.014492	-0.003268	59261.64	38.20
1.5347	0.014534	-0.003264	59264.64	38.15
1.5347	0.014541	-0.003265	59267.64	38.15
1.5380	0.014615	-0.003261	59270.64	38.23
1.5364	0.014666	-0.003116	59273.64	38.19
1.5397	0.014802	-0.003089	59276.64	38.27
1.5397	0.014758	-0.003135	59279.64	38.27
1.5413	0.014855	-0.003159	59282.64	38.31
1.5397	0.014780	-0.003172	59285.64	38.27
1.5397	0.014629	-0.003231	59288.64	38.27
1.5408	0.014655	-0.003044	59291.64	38.29
1.5413	0.014772	-0.003144	59294.64	38.31
1.5429	0.014664	-0.003259	59297.64	38.35
1.5429	0.014594	-0.003244	59300.64	38.35
1.5429	0.014679	-0.003095	59303.64	38.35
1.5440	0.014666	-0.003185	59306.64	38.37
1.5446	0.014525	-0.003305	59309.64	38.39
1.5451	0.014777	-0.003376	59312.64	38.40
1.5473	0.014635	-0.003030	59315.64	38.45
1.5468	0.013446	-0.003160	59318.64	38.44
1.5468	0.014756	-0.003267	59321.64	38.44
1.5479	0.014776	-0.003293	59324.64	38.47
1.5490	0.013322	-0.003314	59327.64	38.49
1.5495	0.014742	-0.003303	59330.64	38.51
1.5495	0.014744	-0.003235	59333.64	38.51
1.5506	0.014777	-0.003262	59336.64	38.53
1.5495	0.014936	-0.003146	59339.64	38.51
1.5506	0.014798	-0.003149	59342.64	38.53
1.5511	0.014878	-0.003098	59345.64	38.55
1.5517	0.014809	-0.002983	59348.64	38.56
1.5522	0.014768	-0.003123	59351.64	38.57
1.5522	0.014864	-0.003139	59354.64	38.57
1.5517	0.014756	-0.002982	59357.64	38.56
1.5522	0.014728	-0.003068	59360.64	38.57
1.5533	0.014692	-0.003118	59363.64	38.60
1.5528	0.014841	-0.003089	59366.64	38.59
1.5539	0.014785	-0.003111	59369.64	38.61
1.5544	0.014817	-0.003039	59372.64	38.63
1.5555	0.014799	-0.003141	59375.64	38.65
1.5561	0.014791	-0.003257	59378.64	38.67
1.5550	0.014785	-0.003093	59381.64	38.64
1.5566	0.014673	-0.003046	59384.64	38.68
1.5566	0.014747	-0.003022	59387.64	38.68
1.5561	0.014687	-0.003041	59390.64	38.67
1.5550	0.014841	-0.003219	59393.64	38.64
1.5577	0.014583	-0.003366	59396.64	38.71
1.5583	0.014553	-0.003330	59399.64	38.72
1.5588	0.014605	-0.003123	59402.64	38.73
1.5577	0.014726	-0.003152	59405.64	38.71
1.5561	0.014614	-0.003319	59408.64	38.67
1.5588	0.014745	-0.003147	59411.64	38.73
1.5583	0.014798	-0.003183	59414.64	38.72
1.5604	0.014644	-0.003179	59417.64	38.77
1.5577	0.014650	-0.003095	59420.64	38.71
1.5577	0.014704	-0.003230	59423.64	38.71
1.5588	0.014612	-0.004629	59426.64	38.73
1.5610	0.014725	-0.003146	59429.64	38.79
1.5610	0.014705	-0.003233	59432.64	38.79
1.5599	0.013710	-0.003149	59435.64	38.76
1.5604	0.014682	-0.003130	59438.64	38.77
1.5599	0.014897	-0.003020	59441.64	38.76
1.5621	0.014826	-0.003010	59444.64	38.81
1.5599	0.014822	-0.003042	59447.64	38.76
1.5610	0.014768	-0.003079	59450.64	38.79
1.5621	0.014920	-0.003065	59453.64	38.81
1.5621	0.014759	-0.003023	59456.64	38.81
1.5610	0.014761	-0.002987	59459.64	38.79
1.5637	0.014844	-0.003138	59462.64	38.85
1.5637	0.014788	-0.003044	59465.64	38.85
1.5648	0.014908	-0.002944	59468.64	38.88
1.5670	0.014896	-0.002951	59471.64	38.93
1.5665	0.014830	-0.002934	59474.64	38.92
1.5665	0.014862	-0.003002	59477.64	38.92
1.5676	0.013959	-0.003044	59480.64	38.95
1.5697	0.014870	-0.002960	59483.64	39.00
1.5681	0.014933	-0.002921	59486.64	38.96
1.5681	0.013480	-0.002962	59489.64	38.96
1.5708	0.013488	-0.002947	59492.64	39.03
1.5703	0.014989	-0.002992	59495.64	39.01
1.5719	0.014966	-0.002941	59498.64	39.06
1.5719	0.014966	-0.002873	59501.64	39.06
1.5725	0.014949	-0.002950	59504.64	39.07
1.5736	0.014918	-0.003006	59507.64	39.10
1.5741	0.014929	-0.002807	59510.64	39.11
1.5758	0.014963	-0.002900	59513.64	39.15
1.5752	0.014979	-0.002923	59516.64	39.14
1.5774	0.015007	-0.002847	59519.64	39.19
1.5763	0.014907	-0.002929	59522.64	39.16
1.5790	0.015044	-0.003000	59525.64	39.23
1.5785	0.014942	-0.002919	59528.64	39.22
1.5774	0.014951	-0.002996	59531.64	39.19
1.5790	0.015066	-0.002944	59534.64	39.23
1.5801	0.015024	-0.002968	59537.64	39.26
1.5807	0.014942	-0.002917	59540.64	39.27
1.5796	0.014946	-0.003047	59543.64	39.24
1.5807	0.014949	-0.002982	59546.64	39.27
1.5796	0.014917	-0.004416	59549.64	39.24
1.5807	0.015002	-0.003089	59552.64	39.27
1.5818	0.014916	-0.003003	59555.64	39.30
1.5818	0.014985	-0.003006	59558.64	39.30
1.5840	0.015012	-0.002994	59561.64	39.35
1.5840	0.014999	-0.003093	59564.64	39.35
1.5829	0.014945	-0.003021	59567.64	39.32
1.5829	0.015042	-0.002988	59570.64	39.32
1.5840	0.015015	-0.003037	59573.64	39.35
1.5829	0.015019	-0.003120	59576.64	39.32
1.5851	0.014954	-0.003102	59579.64	39.38
1.5851	0.013692	-0.003144	59582.64	39.38
1.5845	0.013679	-0.003056	59585.64	39.36
1.5845	0.015058	-0.003078	59588.64	39.36
1.5845	0.015057	-0.003167	59591.64	39.36
1.5845	0.015016	-0.003160	59594.64	39.36
1.5856	0.014989	-0.003086	59597.64	39.39
1.5872	0.015039	-0.003145	59600.64	39.43
1.5862	0.015028	-0.003153	59603.64	39.40
1.5856	0.015048	-0.003124	59606.64	39.39
1.5862	0.015145	-0.003042	59609.64	39.40
1.5872	0.014990	-0.004501	59612.64	39.43
1.5851	0.015017	-0.002998	59615.64	39.38
1.5878	0.015269	-0.003084	59618.64	39.44
1.5878	0.015236	-0.002993	59621.64	39.44
1.5862	0.015109	-0.003126	59624.64	39.40
1.5872	0.015005	-0.003231	59627.64	39.43
1.5872	0.015113	-0.003200	59630.64	39.43
1.5878	0.015085	-0.003333	59633.64	39.44
1.5856	0.015135	-0.003164	59636.64	39.39
1.5867	0.015102	-0.003249	59639.64	39.42
1.5856	0.015323	-0.003219	59642.64	39.39
1.5867	0.015139	-0.003291	59645.64	39.42
1.5856	0.015103	-0.003274	59648.64	39.39
1.5872	0.015216	-0.003222	59651.64	39.43
1.5867	0.015150	-0.003275	59654.64	39.42
1.5872	0.015152	-0.003322	59657.64	39.43
1.5878	0.015151	-0.003348	59660.64	39.44
1.5878	0.015115	-0.003315	59663.64	39.44
1.5883	0.015152	-0.003223	59666.64	39.46
1.5883	0.015161	-0.003259	59669.64	39.46
1.5872	0.015145	-0.003317	59672.64	39.43
1.5872	0.015238	-0.003328	59675.64	39.43
1.5900	0.015194	-0.003350	59678.64	39.50
1.5894	0.015167	-0.003302	59681.64	39.48
1.5905	0.015061	-0.003266	59684.64	39.51
1.5889	0.015262	-0.003303	59687.64	39.47
1.5872	0.015137	-0.003364	59690.64	39.43
1.5889	0.015132	-0.004238	59693.64	39.47
1.5889	0.015175	-0.003410	59696.64	39.47
1.5905	0.015157	-0.003422	59699.64	39.51
1.5900	0.015240	-0.003397	59702.64	39.50
1.5900	0.015124	-0.003547	59705.64	39.50
1.5889	0.014986	-0.003464	59708.64	39.47
1.5911	0.015176	-0.003461	59711.64	39.52
1.5916	0.015035	-0.003589	59714.64	39.54
1.5911	0.015092	-0.003509	59717.64	39.52
1.5911	0.015081	-0.003466	59720.64	39.52
1.5911	0.015089	-0.003489	59723.64	39.52
1.5916	0.015115	-0.003492	59726.64	39.54
1.5916	0.015172	-0.003508	59729.64	39.54
1.5911	0.015243	-0.003543	59732.64	39.52
1.5900	0.015157	-0.003506	59735.64	39.50
1.5916	0.015247	-0.003496	59738.64	39.54
1.5900	0.015331	-0.003644	59741.64	39.50
1.5916	0.015275	-0.003576	59744.64	39.54
1.5922	0.015229	-0.003651	59747.64	39.55
1.5916	0.015329	-0.003406	59750.64	39.54
1.5900	0.015501	-0.003536	59753.64	39.50
1.5922	0.015513	-0.003417	59756.64	39.55
1.5911	0.015573	-0.003587	59759.64	39.52
1.5845	0.015209	-0.003606	59762.64	39.36
1.5807	0.015208	-0.003803	59765.64	39.27
1.5763	0.015100	-0.003737	59768.64	39.16
1.5736	0.015219	-0.003631	59771.64	39.10
1.5714	0.015155	-0.003670	59774.64	39.04
1.5692	0.015139	-0.003735	59777.64	38.99
1.5654	0.015072	-0.003720	59780.64	38.89
1.5648	0.015408	-0.003647	59783.64	38.88
1.5621	0.015133	-0.003762	59786.64	38.81
1.5588	0.015094	-0.003695	59789.64	38.73
1.5577	0.015002	-0.003696	59792.64	38.71
1.5572	0.014993	-0.003777	59795.64	38.69
1.5561	0.013518	-0.003736	59798.64	38.67
1.5533	0.015073	-0.003656	59801.64	38.60
1.5522	0.015128	-0.003768	59804.64	38.57
1.5517	0.015002	-0.003802	59807.64	38.56
1.5522	0.014952	-0.003575	59810.64	38.57
1.5501	0.014950	-0.003759	59813.64	38.52
1.5490	0.015047	-0.003656	59816.64	38.49
1.5501	0.014958	-0.003668	59819.64	38.52
1.5490	0.015002	-0.003737	59822.64	38.49
1.5468	0.014845	-0.003746	59825.64	38.44
1.5462	0.014920	-0.004753	59828.64	38.43
1.5462	0.014916	-0.003561	59831.64	38.43
1.5440	0.014972	-0.003768	59834.64	38.37
1.5435	0.014848	-0.003722	59837.64	38.36
1.5440	0.014920	-0.003669	59840.64	38.37
1.5440	0.014879	-0.003675	59843.64	38.37
1.5435	0.014853	-0.003587	59846.64	38.36
1.5451	0.014845	-0.003768	59849.64	38.40
1.5440	0.014842	-0.003648	59852.64	38.37
1.5418	0.014809	-0.003621	59855.64	38.32
1.5413	0.014796	-0.003785	59858.64	38.31
1.5418	0.014920	-0.003540	59861.64	38.32
1.5424	0.014816	-0.003600	59864.64	38.33
1.5424	0.014764	-0.003607	59867.64	38.33
1.5391	0.014797	-0.003546	59870.64	38.25
1.5397	0.014771	-0.003636	59873.64	38.27
1.5380	0.014673	-0.003715	59876.64	38.23
1.5397	0.014713	-0.003580	59879.64	38.27
1.5380	0.014645	-0.003656	59882.64	38.23
1.5402	0.014743	-0.003610	59885.64	38.28
1.5386	0.014736	-0.003691	59888.64	38.24
1.5375	0.014770	-0.003586	59891.64	38.21
1.5380	0.014809	-0.003647	59894.64	38.23
1.5397	0.014786	-0.003495	59897.64	38.27
1.5380	0.014823	-0.003416	59900.64	38.23
1.5380	0.014826	-0.003389	59903.64	38.23
1.5386	0.014890	-0.003475	59906.64	38.24
1.5364	0.014836	-0.003494	59909.64	38.19
1.5380	0.014841	-0.003524	59912.64	38.23
1.5386	0.014783	-0.003317	59915.64	38.24
1.5380	0.014782	-0.003468	59918.64	38.23
1.5380	0.014783	-0.003517	59921.64	38.23
1.5369	0.014768	-0.003413	59924.64	38.20
1.5369	0.014794	-0.003390	59927.64	38.20
1.5369	0.014831	-0.003333	59930.64	38.20
1.5375	0.014694	-0.003433	59933.64	38.21
1.5369	0.014926	-0.003439	59936.64	38.20
1.5375	0.014780	-0.003395	59939.64	38.21
1.5375	0.014849	-0.003440	59942.64	38.21
1.5375	0.014757	-0.003398	59945.64	38.21
1.5380	0.014703	-0.003437	59948.64	38.23
1.5375	0.014619	-0.003402	59951.64	38.21
1.5380	0.014704	-0.003374	59954.64	38.23
1.5369	0.014679	-0.003415	59957.64	38.20
1.5369	0.014637	-0.003439	59960.64	38.20
1.5369	0.014618	-0.003439	59963.64	38.20
1.5358	0.014655	-0.003300	59966.64	38.17
1.5358	0.014638	-0.003370	59969.64	38.17
1.5364	0.014563	-0.003504	59972.64	38.19
1.5358	0.014660	-0.003316	59975.64	38.17
1.5375	0.014714	-0.003342	59978.64	38.21
1.5375	0.014624	-0.003267	59981.64	38.21
1.5353	0.014591	-0.003289	59984.64	38.16
1.5380	0.014719	-0.003360	59987.64	38.23
1.5369	0.014615	-0.003249	59990.64	38.20
1.5369	0.014692	-0.003379	59993.64	38.20
1.5369	0.013352	-0.003342	59996.64	38.20
1.5347	0.014686	-0.003291	59999.64	38.15
1.5375	0.014642	-0.003370	60002.64	38.21
1.5353	0.014490	-0.003293	60005.64	38.16
1.5358	0.014503	-0.003327	60008.64	38.17
1.5364	0.014446	-0.003282	60011.64	38.19
1.5353	0.014420	-0.003350	60014.64	38.16
1.5369	0.014471	-0.003303	60017.64	38.20
1.5364	0.014580	-0.003368	60020.64	38.19
1.5369	0.014336	-0.003334	60023.64	38.20
1.5369	0.014389	-0.003289	60026.64	38.20
1.5353	0.014411	-0.003294	60029.64	38.16
1.5380	0.014410	-0.003382	60032.64	38.23
1.5386	0.014546	-0.003201	60035.64	38.24
1.5380	0.014471	-0.003304	60038.64	38.23
1.5386	0.014502	-0.003261	60041.64	38.24
1.5397	0.014487	-0.003370	60044.64	38.27
1.5413	0.014608	-0.003300	60047.64	38.31
1.5402	0.013693	-0.003239	60050.64	38.28
1.5413	0.014558	-0.003255	60053.64	38.31
1.5429	0.014555	-0.003093	60056.64	38.35
1.5435	0.014586	-0.003195	60059.64	38.36
1.5429	0.013784	-0.003172	60062.64	38.35
1.5457	0.013903	-0.003164	60065.64	38.41
1.5457	0.014567	-0.003179	60068.64	38.41
1.5462	0.014575	-0.003262	60071.64	38.43
1.5479	0.014658	-0.003115	60074.64	38.47
1.5462	0.014734	-0.003144	60077.64	38.43
1.5484	0.014687	-0.003032	60080.64	38.48
1.5490	0.014588	-0.003147	60083.64	38.49
1.5501	0.014723	-0.003154	60086.64	38.52
1.5522	0.014709	-0.003109	60089.64	38.57
1.5501	0.014641	-0.003101	60092.64	38.52
1.5501	0.014635	-0.003248	60095.64	38.52
1.5501	0.013227	-0.003139	60098.64	38.52
1.5528	0.014600	-0.003139	60101.64	38.59
1.5517	0.014769	-0.003222	60104.64	38.56
1.5528	0.014604	-0.003137	60107.64	38.59
1.5539	0.014588	-0.003095	60110.64	38.61
1.5550	0.014694	-0.003300	60113.64	38.64
1.5550	0.014718	-0.003106	60116.64	38.64
1.5550	0.014767	-0.002934	60119.64	38.64
1.5550	0.014418	-0.002906	60122.64	38.64
1.5561	0.014449	-0.002974	60125.64	38.67
1.5550	0.014772	-0.003133	60128.64	38.64
1.5555	0.014696	-0.002849	60131.64	38.65
1.5566	0.014664	-0.003068	60134.64	38.68
1.5572	0.014737	-0.003127	60137.64	38.69
1.5566	0.014637	-0.003096	60140.64	38.68
1.5572	0.014832	-0.003045	60143.64	38.69
1.5572	0.014720	-0.002977	60146.64	38.69
1.5593	0.014749	-0.002923	60149.64	38.75
1.5577	0.014916	-0.002936	60152.64	38.71
1.5588	0.014853	-0.002956	60155.64	38.73
1.5594	0.014868	-0.003012	60158.64	38.75
1.5604	0.014744	-0.003010	60161.64	38.77
1.5599	0.014820	-0.002950	60164.64	38.76
1.5599	0.014608	-0.003043	60167.64	38.76
1.5621	0.014782	-0.003017	60170.64	38.81
1.5594	0.014798	-0.002968	60173.64	38.75
1.5626	0.014804	-0.003617	60176.64	38.83
1.5594	0.014828	-0.002859	60179.64	38.75
1.5615	0.014996	-0.002932	60182.64	38.80
1.5599	0.014764	-0.003083	60185.64	38.76
1.5621	0.014663	-0.003042	60188.64	38.81
1.5621	0.014730	-0.003055	60191.64	38.81
1.5604	0.014731	-0.003099	60194.64	38.77
1.5621	0.014704	-0.003044	60197.64	38.81
1.5610	0.014667	-0.003052	60200.64	38.79
1.5626	0.014737	-0.003032	60203.64	38.83
1.5648	0.014696	-0.003116	60206.64	38.88
1.5632	0.014715	-0.003055	60209.64	38.84
1.5637	0.014763	-0.003110	60212.64	38.85
1.5643	0.014799	-0.003087	60215.64	38.87
1.5632	0.014784	-0.002962	60218.64	38.84
1.5665	0.014695	-0.004343	60221.64	38.92
1.5659	0.014728	-0.002986	60224.64	38.91
1.5659	0.014826	-0.003054	60227.64	38.91
1.5670	0.014767	-0.003096	60230.64	38.93
1.5665	0.014726	-0.002995	60233.64	38.92
1.5686	0.014763	-0.003539	60236.64	38.97
1.5676	0.014809	-0.002942	60239.64	38.95
1.5681	0.014843	-0.003739	60242.64	38.96
1.5719	0.014886	-0.003951	60245.64	39.06
1.5692	0.014954	-0.002998	60248.64	38.99
1.5708	0.014253	-0.002839	60251.64	39.03
1.5714	0.014909	-0.002843	60254.64	39.04
1.5730	0.014921	-0.002820	60257.64	39.08
1.5747	0.014854	-0.002954	60260.64	39.12
1.5741	0.014885	-0.002947	60263.64	39.11
1.5758	0.015027	-0.002792	60266.64	39.15
1.5763	0.014872	-0.002725	60269.64	39.16
1.5769	0.014976	-0.002762	60272.64	39.18
1.5779	0.014981	-0.002765	60275.64	39.20
1.5790	0.014987	-0.002798	60278.64	39.23
1.5790	0.014963	-0.002788	60281.64	39.23
1.5790	0.014948	-0.002889	60284.64	39.23
1.5807	0.014958	-0.002828	60287.64	39.27
1.5812	0.015016	-0.002771	60290.64	39.28
1.5807	0.014957	-0.002800	60293.64	39.27
1.5818	0.015003	-0.002781	60296.64	39.30
1.5801	0.015015	-0.002732	60299.64	39.26
1.5818	0.015116	-0.002732	60302.64	39.30
1.5823	0.015046	-0.002794	60305.64	39.31
1.5840	0.015007	-0.002818	60308.64	39.35
1.5845	0.015060	-0.002834	60311.64	39.36
1.5851	0.014942	-0.002833	60314.64	39.38
1.5845	0.015100	-0.002880	60317.64	39.36
1.5834	0.015094	-0.002859	60320.64	39.34
1.5856	0.015060	-0.003001	60323.64	39.39
1.5872	0.015092	-0.002896	60326.64	39.43
1.5862	0.015112	-0.002981	60329.64	39.40
1.5862	0.015091	-0.002900	60332.64	39.40
1.5867	0.015023	-0.002983	60335.64	39.42
1.5878	0.014938	-0.002887	60338.64	39.44
1.5862	0.015054	-0.002911	60341.64	39.40
1.5883	0.015015	-0.003003	60344.64	39.46
1.5883	0.015143	-0.002959	60347.64	39.46
1.5872	0.015165	-0.002946	60350.64	39.43
1.5883	0.014911	-0.003003	60353.64	39.46
1.5878	0.015028	-0.002927	60356.64	39.44
1.5889	0.014952	-0.003002	60359.64	39.47
1.5894	0.015017	-0.002954	60362.64	39.48
1.5878	0.014987	-0.003098	60365.64	39.44
1.5889	0.014984	-0.003113	60368.64	39.47
1.5911	0.015073	-0.003031	60371.64	39.52
1.5889	0.015042	-0.002971	60374.64	39.47
1.5900	0.014981	-0.003110	60377.64	39.50
1.5911	0.014975	-0.003071	60380.64	39.52
1.5900	0.015042	-0.003081	60383.64	39.50
1.5911	0.014975	-0.003081	60386.64	39.52
1.5889	0.015130	-0.003116	60389.64	39.47
1.5905	0.014977	-0.003151	60392.64	39.51
1.5905	0.015002	-0.003242	60395.64	39.51
1.5911	0.015014	-0.003220	60398.64	39.52
1.5922	0.015060	-0.003173	60401.64	39.55
1.5894	0.015067	-0.003194	60404.64	39.48
1.5938	0.015109	-0.003090	60407.64	39.59
1.5900	0.015124	-0.003228	60410.64	39.50
1.5922	0.014996	-0.004645	60413.64	39.55
1.5911	0.014997	-0.003084	60416.64	39.52
1.5905	0.014992	-0.003061	60419.64	39.51
1.5905	0.015081	-0.003125	60422.64	39.51
1.5916	0.015023	-0.003095	60425.64	39.54
1.5938	0.015148	-0.003212	60428.64	39.59
1.5922	0.015075	-0.003249	60431.64	39.55
1.5916	0.015053	-0.003196	60434.64	39.54
1.5933	0.015102	-0.003237	60437.64	39.58
1.5922	0.015084	-0.003322	60440.64	39.55
1.5922	0.014963	-0.003250	60443.64	39.55
1.5922	0.015110	-0.003342	60446.64	39.55
1.5933	0.015064	-0.003206	60449.64	39.58
1.5933	0.015041	-0.003355	60452.64	39.58
1.5916	0.015061	-0.003338	60455.64	39.54
1.5927	0.015064	-0.003345	60458.64	39.56
1.5938	0.015042	-0.003302	60461.64	39.59
1.5938	0.015099	-0.003367	60464.64	39.59
1.5938	0.015087	-0.003433	60467.64	39.59
1.5927	0.015095	-0.003444	60470.64	39.56
1.5933	0.015118	-0.003395	60473.64	39.58
1.5927	0.015124	-0.003292	60476.64	39.56
1.5938	0.015054	-0.003416	60479.64	39.59
1.5938	0.015183	-0.003433	60482.64	39.59
1.5933	0.015050	-0.003501	60485.64	39.58
1.5944	0.015107	-0.003389	60488.64	39.60
1.5944	0.015093	-0.003493	60491.64	39.60
1.5949	0.015096	-0.003430	60494.64	39.62
1.5933	0.015048	-0.003501	60497.64	39.58
1.5944	0.015078	-0.003530	60500.64	39.60
1.5954	0.015186	-0.003422	60503.64	39.63
1.5944	0.015060	-0.003547	60506.64	39.60
1.5944	0.015146	-0.003577	60509.64	39.60
1.5933	0.015218	-0.003547	60512.64	39.58
1.5938	0.015136	-0.003523	60515.64	39.59
1.5944	0.015186	-0.003519	60518.64	39.60
1.5944	0.015226	-0.003537	60521.64	39.60
1.5944	0.015274	-0.003494	60524.64	39.60
1.5954	0.015195	-0.003561	60527.64	39.63
1.5944	0.015243	-0.003557	60530.64	39.60
1.5955	0.015264	-0.003655	60533.64	39.63
1.5944	0.015337	-0.003504	60536.64	39.60
1.5933	0.015351	-0.003632	60539.64	39.58
1.5927	0.015316	-0.003663	60542.64	39.56
1.5927	0.015350	-0.003660	60545.64	39.56
1.5933	0.015325	-0.003712	60548.64	39.58
1.5927	0.015236	-0.003725	60551.64	39.56
1.5916	0.015300	-0.003765	60554.64	39.54
1.5944	0.015306	-0.003803	60557.64	39.60
1.5927	0.015355	-0.003790	60560.64	39.56
1.5944	0.015332	-0.003691	60563.64	39.60
1.5927	0.015249	-0.003659	60566.64	39.56
1.5949	0.015376	-0.003782	60569.64	39.62
1.5949	0.015253	-0.003813	60572.64	39.62
1.5927	0.015308	-0.003934	60575.64	39.56
1.5933	0.015448	-0.003871	60578.64	39.58
1.5927	0.015353	-0.003878	60581.64	39.56
1.5933	0.015336	-0.003854	60584.64	39.58
1.5954	0.015411	-0.003904	60587.64	39.63
1.5938	0.014200	-0.003728	60590.64	39.59
1.5949	0.015590	-0.003705	60593.64	39.62
1.5916	0.015551	-0.003714	60596.64	39.54
1.5922	0.014085	-0.003612	60599.64	39.55
1.5938	0.015520	-0.003684	60602.64	39.59
1.5938	0.014053	-0.003614	60605.64	39.59
1.5927	0.015567	-0.003707	60608.64	39.56
1.5911	0.015693	-0.003737	60611.64	39.52
1.5938	0.015687	-0.003786	60614.64	39.59
1.5916	0.015562	-0.003770	60617.64	39.54
1.5927	0.015560	-0.003639	60620.64	39.56
1.5916	0.015592	-0.004656	60623.64	39.54
1.5851	0.015524	-0.003741	60626.64	39.38
1.5823	0.015448	-0.003818	60629.64	39.31
1.5774	0.015529	-0.003783	60632.64	39.19
1.5741	0.015503	-0.003794	60635.64	39.11
1.5719	0.015574	-0.003789	60638.64	39.06
1.5714	0.015585	-0.003653	60641.64	39.04
1.5676	0.015570	-0.003574	60644.64	38.95
1.5648	0.015597	-0.003759	60647.64	38.88
1.5643	0.015428	-0.003650	60650.64	38.87
1.5643	0.015543	-0.003463	60653.64	38.87
1.5610	0.015758	-0.003521	60656.64	38.79
1.5577	0.015646	-0.003682	60659.64	38.71
1.5588	0.015622	-0.003555	60662.64	38.73
1.5588	0.015474	-0.003501	60665.64	38.73
1.5566	0.015614	-0.003502	60668.64	38.68
1.5561	0.015595	-0.003504	60671.64	38.67
1.5550	0.015493	-0.003524	60674.64	38.64
1.5528	0.014803	-0.003566	60677.64	38.59
1.5533	0.013888	-0.003497	60680.64	38.60
1.5522	0.015534	-0.003696	60683.64	38.57
1.5506	0.013963	-0.003537	60686.64	38.53
1.5511	0.015572	-0.003615	60689.64	38.55
1.5501	0.015412	-0.003519	60692.64	38.52
1.5506	0.015463	-0.003499	60695.64	38.53
1.5506	0.015437	-0.004323	60698.64	38.53
1.5484	0.015475	-0.003370	60701.64	38.48
1.5473	0.015466	-0.003511	60704.64	38.45
1.5468	0.015560	-0.003497	60707.64	38.44
1.5462	0.015323	-0.003591	60710.64	38.43
1.5468	0.015230	-0.003667	60713.64	38.44
1.5446	0.015130	-0.005145	60716.64	38.39
1.5446	0.015228	-0.003614	60719.64	38.39
1.5435	0.015132	-0.003626	60722.64	38.36
1.5424	0.015113	-0.003704	60725.64	38.33
1.5451	0.015129	-0.003606	60728.64	38.40
1.5418	0.015149	-0.003511	60731.64	38.32
1.5419	0.015146	-0.003475	60734.64	38.32
1.5429	0.015182	-0.003418	60737.64	38.35
1.5397	0.015075	-0.003495	60740.64	38.27
1.5419	0.015095	-0.003557	60743.64	38.32
1.5418	0.014942	-0.003707	60746.64	38.32
1.5397	0.015097	-0.003605	60749.64	38.27
1.5408	0.015174	-0.005039	60752.64	38.29
1.5397	0.015134	-0.003510	60755.64	38.27
1.5386	0.015094	-0.003542	60758.64	38.24
1.5413	0.015097	-0.003511	60761.64	38.31
1.5397	0.015123	-0.003468	60764.64	38.27
1.5386	0.015101	-0.003396	60767.64	38.24
1.5380	0.015125	-0.003412	60770.64	38.23
1.5397	0.014963	-0.003515	60773.64	38.27
1.5380	0.015017	-0.003519	60776.64	38.23
1.5369	0.015027	-0.003469	60779.64	38.20
1.5380	0.015080	-0.004273	60782.64	38.23
1.5386	0.015169	-0.003462	60785.64	38.24
1.5375	0.014991	-0.003412	60788.64	38.21
1.5391	0.014888	-0.003353	60791.64	38.25
1.5386	0.015033	-0.003393	60794.64	38.24
1.5358	0.015094	-0.003525	60797.64	38.17
1.5386	0.014991	-0.004929	60800.64	38.24
1.5364	0.014902	-0.003395	60803.64	38.19
1.5353	0.014989	-0.003342	60806.64	38.16
1.5369	0.015015	-0.003368	60809.64	38.20
1.5380	0.014952	-0.003466	60812.64	38.23
1.5364	0.014988	-0.003511	60815.64	38.19
1.5375	0.014929	-0.003422	60818.64	38.21
1.5369	0.014856	-0.003384	60821.64	38.20
1.5358	0.014894	-0.003387	60824.64	38.17
1.5358	0.014787	-0.003466	60827.64	38.17
1.5347	0.014917	-0.003393	60830.64	38.15
1.5375	0.014716	-0.003284	60833.64	38.21
1.5358	0.014917	-0.003315	60836.64	38.17
1.5358	0.014840	-0.003367	60839.64	38.17
1.5347	0.014959	-0.003327	60842.64	38.15
1.5342	0.013272	-0.003455	60845.64	38.13
1.5342	0.014818	-0.003386	60848.64	38.13
1.5358	0.014826	-0.003277	60851.64	38.17
1.5375	0.014989	-0.003491	60854.64	38.21
1.5353	0.014879	-0.003317	60857.64	38.16
1.5380	0.014696	-0.003325	60860.64	38.23
1.5375	0.014743	-0.003219	60863.64	38.21
1.5375	0.014683	-0.003330	60866.64	38.21
1.5369	0.014727	-0.003325	60869.64	38.20
1.5364	0.014723	-0.003373	60872.64	38.19
1.5380	0.014798	-0.003307	60875.64	38.23
1.5358	0.014742	-0.003328	60878.64	38.17
1.5364	0.014783	-0.003253	60881.64	38.19
1.5358	0.014750	-0.003359	60884.64	38.17
1.5369	0.014754	-0.003311	60887.64	38.20
1.5375	0.014033	-0.003163	60890.64	38.21
1.5358	0.014640	-0.003413	60893.64	38.17
1.5353	0.014638	-0.003327	60896.64	38.16
1.5347	0.014690	-0.003315	60899.64	38.15
1.5358	0.014744	-0.003306	60902.64	38.17
1.5347	0.014668	-0.003280	60905.64	38.15
1.5336	0.014593	-0.003319	60908.64	38.12
1.5347	0.014598	-0.003330	60911.64	38.15
1.5347	0.014709	-0.003284	60914.64	38.15
1.5358	0.014668	-0.003329	60917.64	38.17
1.5347	0.014714	-0.003328	60920.64	38.15
1.5342	0.014777	-0.003157	60923.64	38.13
1.5353	0.014713	-0.003126	60926.64	38.16
1.5364	0.014614	-0.003247	60929.64	38.19
1.5358	0.014701	-0.003280	60932.64	38.17
1.5353	0.014520	-0.003258	60935.64	38.16
1.5347	0.014584	-0.003328	60938.64	38.15
1.5358	0.014577	-0.003240	60941.64	38.17
1.5375	0.014653	-0.003263	60944.64	38.21
1.5358	0.014526	-0.003331	60947.64	38.17
1.5364	0.014605	-0.003295	60950.64	38.19
1.5364	0.014550	-0.003179	60953.64	38.19
1.5364	0.014602	-0.003245	60956.64	38.19
1.5364	0.014610	-0.003179	60959.64	38.19
1.5347	0.014660	-0.003133	60962.64	38.15
1.5353	0.014601	-0.003352	60965.64	38.16
1.5353	0.014621	-0.003117	60968.64	38.16
1.5358	0.014594	-0.003193	60971.64	38.17
1.5358	0.014573	-0.003091	60974.64	38.17
1.5342	0.014592	-0.003291	60977.64	38.13
1.5358	0.014577	-0.003185	60980.64	38.17
1.5364	0.014689	-0.003146	60983.64	38.19
1.5358	0.014559	-0.003057	60986.64	38.17
1.5380	0.014604	-0.003085	60989.64	38.23
1.5386	0.014646	-0.003170	60992.64	38.24
1.5386	0.014553	-0.003061	60995.64	38.24
1.5369	0.014627	-0.003188	60998.64	38.20
1.5375	0.014617	-0.003073	61001.64	38.21
1.5397	0.014648	-0.003063	61004.64	38.27
1.5397	0.014703	-0.002969	61007.64	38.27
1.5402	0.014592	-0.003068	61010.64	38.28
1.5413	0.014668	-0.003176	61013.64	38.31
1.5413	0.014613	-0.003064	61016.64	38.31
1.5424	0.014609	-0.002997	61019.64	38.33
1.5451	0.014636	-0.003005	61022.64	38.40
1.5451	0.014750	-0.003083	61025.64	38.40
1.5440	0.014686	-0.003149	61028.64	38.37
1.5473	0.014664	-0.003068	61031.64	38.45
1.5473	0.014678	-0.003025	61034.64	38.45
1.5457	0.014648	-0.003041	61037.64	38.41
1.5479	0.014698	-0.003030	61040.64	38.47
1.5473	0.014783	-0.003023	61043.64	38.45
1.5473	0.014714	-0.003019	61046.64	38.45
1.5490	0.014592	-0.003185	61049.64	38.49
1.5501	0.014515	-0.003192	61052.64	38.52
1.5506	0.014517	-0.003201	61055.64	38.53
1.5511	0.014547	-0.003250	61058.64	38.55
1.5501	0.014565	-0.003188	61061.64	38.52
1.5501	0.014421	-0.003206	61064.64	38.52
1.5506	0.014573	-0.003168	61067.64	38.53
1.5528	0.014645	-0.003178	61070.64	38.59
1.5522	0.014602	-0.003205	61073.64	38.57
1.5517	0.014592	-0.003194	61076.64	38.56
1.5539	0.014722	-0.003109	61079.64	38.61
1.5528	0.014701	-0.003219	61082.64	38.59
1.5555	0.014644	-0.003049	61085.64	38.65
1.5539	0.014638	-0.003114	61088.64	38.61
1.5544	0.014694	-0.003008	61091.64	38.63
1.5555	0.014651	-0.003117	61094.64	38.65
1.5555	0.014702	-0.003177	61097.64	38.65
1.5550	0.014665	-0.003146	61100.64	38.64
1.5555	0.014707	-0.003285	61103.64	38.65
1.5572	0.014674	-0.003162	61106.64	38.69
1.5561	0.014592	-0.003159	61109.64	38.67
1.5561	0.014593	-0.003118	61112.64	38.67
1.5572	0.014615	-0.003089	61115.64	38.69
1.5588	0.014682	-0.003071	61118.64	38.73
1.5594	0.014707	-0.003114	61121.64	38.75
1.5577	0.014647	-0.003071	61124.64	38.71
1.5588	0.014732	-0.002996	61127.64	38.73
1.5604	0.014722	-0.002964	61130.64	38.77
1.5572	0.014699	-0.003051	61133.64	38.69
1.5566	0.014774	-0.003015	61136.64	38.68
1.5577	0.013218	-0.002982	61139.64	38.71
1.5566	0.014719	-0.003020	61142.64	38.68
1.5599	0.014703	-0.003066	61145.64	38.76
1.5588	0.014827	-0.002980	61148.64	38.73
1.5599	0.013300	-0.003050	61151.64	38.76
1.5588	0.014678	-0.002997	61154.64	38.73
1.5610	0.014769	-0.002994	61157.64	38.79
1.5599	0.014851	-0.003001	61160.64	38.76
1.5610	0.014746	-0.002919	61163.64	38.79
1.5610	0.014760	-0.002996	61166.64	38.79
1.5621	0.014754	-0.002965	61169.64	38.81
1.5632	0.014839	-0.002951	61172.64	38.84
1.5632	0.014834	-0.002898	61175.64	38.84
1.5621	0.014800	-0.002744	61178.64	38.81
1.5643	0.014897	-0.002922	61181.64	38.87
1.5637	0.014783	-0.002821	61184.64	38.85
1.5637	0.014876	-0.002805	61187.64	38.85
1.5665	0.014851	-0.004392	61190.64	38.92
1.5659	0.014962	-0.003010	61193.64	38.91
1.5654	0.014932	-0.002731	61196.64	38.89
1.5670	0.014989	-0.002790	61199.64	38.93
1.5681	0.014979	-0.002861	61202.64	38.96
1.5676	0.014935	-0.002731	61205.64	38.95
1.5681	0.014917	-0.002744	61208.64	38.96
1.5681	0.014906	-0.002806	61211.64	38.96
1.5719	0.014923	-0.002797	61214.64	39.06
1.5714	0.015095	-0.002734	61217.64	39.04
1.5719	0.014976	-0.002790	61220.64	39.06
1.5730	0.015035	-0.002781	61223.64	39.08
1.5714	0.014990	-0.002589	61226.64	39.04
1.5747	0.014967	-0.002746	61229.64	39.12
1.5758	0.015002	-0.002828	61232.64	39.15
1.5769	0.015000	-0.002697	61235.64	39.18
1.5747	0.015152	-0.002659	61238.64	39.12
1.5769	0.015075	-0.002763	61241.64	39.18
1.5769	0.015119	-0.002624	61244.64	39.18
1.5763	0.015126	-0.002613	61247.64	39.16
1.5790	0.015251	-0.002671	61250.64	39.23
1.5774	0.015026	-0.002638	61253.64	39.19
1.5785	0.015110	-0.002693	61256.64	39.22
1.5801	0.015222	-0.002732	61259.64	39.26
1.5812	0.015230	-0.002751	61262.64	39.28
1.5801	0.015010	-0.002788	61265.64	39.26
1.5818	0.015134	-0.002775	61268.64	39.30
1.5823	0.015105	-0.002621	61271.64	39.31
1.5807	0.015089	-0.002759	61274.64	39.27
1.5812	0.015272	-0.002708	61277.64	39.28
1.5801	0.015118	-0.002951	61280.64	39.26
1.5823	0.015160	-0.003339	61283.64	39.31
1.5840	0.015053	-0.002844	61286.64	39.35
1.5845	0.015189	-0.002880	61289.64	39.36
1.5823	0.015039	-0.002770	61292.64	39.31
1.5851	0.015047	-0.002858	61295.64	39.38
1.5856	0.015118	-0.002821	61298.64	39.39
1.5823	0.015177	-0.002818	61301.64	39.31
1.5829	0.015156	-0.002849	61304.64	39.32
1.5851	0.015137	-0.002947	61307.64	39.38
1.5845	0.014994	-0.002705	61310.64	39.36
1.5840	0.015163	-0.002870	61313.64	39.35
1.5834	0.015110	-0.002892	61316.64	39.34
1.5856	0.015134	-0.002758	61319.64	39.39
1.5840	0.015216	-0.004408	61322.64	39.35
1.5867	0.015272	-0.002840	61325.64	39.42
1.5862	0.015169	-0.002841	61328.64	39.40
1.5840	0.015258	-0.002884	61331.64	39.35
1.5851	0.015188	-0.002867	61334.64	39.38
1.5867	0.015202	-0.003006	61337.64	39.42
1.5862	0.015159	-0.002960	61340.64	39.40
1.5862	0.015136	-0.003028	61343.64	39.40
1.5845	0.015118	-0.002886	61346.64	39.36
1.5894	0.015170	-0.002943	61349.64	39.48
1.5851	0.015250	-0.002991	61352.64	39.38
1.5878	0.015219	-0.002886	61355.64	39.44
1.5878	0.015204	-0.004530	61358.64	39.44
1.5872	0.015205	-0.002977	61361.64	39.43
1.5883	0.015141	-0.002982	61364.64	39.46
1.5851	0.015242	-0.003592	61367.64	39.38
1.5862	0.015250	-0.002997	61370.64	39.40
1.5872	0.015108	-0.002883	61373.64	39.43
1.5894	0.015215	-0.002975	61376.64	39.48
1.5889	0.015160	-0.002990	61379.64	39.47
1.5894	0.015211	-0.003092	61382.64	39.48
1.5894	0.015192	-0.003143	61385.64	39.48
1.5878	0.015119	-0.003049	61388.64	39.44
1.5889	0.015100	-0.003113	61391.64	39.47
1.5894	0.015195	-0.003082	61394.64	39.48
1.5872	0.015168	-0.003105	61397.64	39.43
1.5894	0.015209	-0.003164	61400.64	39.48
1.5883	0.015306	-0.003036	61403.64	39.46
1.5894	0.015180	-0.003149	61406.64	39.48
1.5883	0.015175	-0.003159	61409.64	39.46
1.5878	0.015149	-0.003327	61412.64	39.44
1.5916	0.015091	-0.003242	61415.64	39.54
1.5900	0.015015	-0.003316	61418.64	39.50
1.5905	0.015298	-0.003137	61421.64	39.51
1.5911	0.015114	-0.003260	61424.64	39.52
1.5889	0.015146	-0.003289	61427.64	39.47
1.5905	0.015080	-0.003328	61430.64	39.51
1.5905	0.015203	-0.003235	61433.64	39.51
1.5900	0.015110	-0.003147	61436.64	39.50
1.5905	0.015214	-0.003309	61439.64	39.51
1.5905	0.015324	-0.003253	61442.64	39.51
1.5883	0.015186	-0.003301	61445.64	39.46
1.5894	0.015085	-0.003308	61448.64	39.48
1.5933	0.015080	-0.003370	61451.64	39.58
1.5911	0.015326	-0.003389	61454.64	39.52
1.5922	0.015260	-0.004225	61457.64	39.55
1.5916	0.015231	-0.003385	61460.64	39.54
1.5900	0.015211	-0.003221	61463.64	39.50
1.5922	0.015262	-0.003350	61466.64	39.55
1.5911	0.015306	-0.003247	61469.64	39.52
1.5894	0.015414	-0.003385	61472.64	39.48
1.5916	0.015319	-0.003371	61475.64	39.54
1.5922	0.015376	-0.003307	61478.64	39.55
1.5905	0.015296	-0.003271	61481.64	39.51
1.5889	0.015348	-0.003286	61484.64	39.47
1.5911	0.015306	-0.003315	61487.64	39.52
1.5916	0.015262	-0.003346	61490.64	39.54
1.5905	0.015378	-0.003414	61493.64	39.51
1.5916	0.015432	-0.003422	61496.64	39.54
1.5911	0.015375	-0.003426	61499.64	39.52
1.5916	0.015444	-0.003561	61502.64	39.54
1.5922	0.015338	-0.003469	61505.64	39.55
1.5911	0.015395	-0.003502	61508.64	39.52
1.5900	0.015426	-0.003418	61511.64	39.50
1.5916	0.015499	-0.003437	61514.64	39.54
1.5916	0.015400	-0.003470	61517.64	39.54
1.5905	0.015501	-0.003520	61520.64	39.51
1.5905	0.015435	-0.003535	61523.64	39.51
1.5927	0.015435	-0.003560	61526.64	39.56
1.5894	0.015403	-0.003607	61529.64	39.48
1.5916	0.015425	-0.003621	61532.64	39.54
1.5916	0.015524	-0.003605	61535.64	39.54
1.5905	0.015498	-0.003626	61538.64	39.51
1.5911	0.015430	-0.003583	61541.64	39.52
1.5905	0.015517	-0.003626	61544.64	39.51
1.5883	0.015543	-0.003654	61547.64	39.46
1.5883	0.015613	-0.003661	61550.64	39.46
1.5911	0.015583	-0.003681	61553.64	39.52
1.5916	0.015601	-0.003566	61556.64	39.54
1.5900	0.015484	-0.003713	61559.64	39.50
1.5905	0.015609	-0.003713	61562.64	39.51
1.5905	0.015548	-0.003751	61565.64	39.51
1.5889	0.015566	-0.003681	61568.64	39.47
1.5889	0.015567	-0.003800	61571.64	39.47
1.5900	0.015543	-0.003759	61574.64	39.50
1.5894	0.015516	-0.003862	61577.64	39.48
1.5911	0.015612	-0.003801	61580.64	39.52
1.5900	0.015640	-0.003779	61583.64	39.50
1.5878	0.015594	-0.003821	61586.64	39.44
1.5900	0.015526	-0.003785	61589.64	39.50
1.5894	0.015539	-0.003820	61592.64	39.48
1.5900	0.015615	-0.003895	61595.64	39.50
1.5900	0.015628	-0.003862	61598.64	39.50
1.5878	0.015461	-0.003904	61601.64	39.44
1.5889	0.015582	-0.003922	61604.64	39.47
1.5883	0.015759	-0.003824	61607.64	39.46
1.5911	0.015676	-0.003842	61610.64	39.52
1.5905	0.015604	-0.003807	61613.64	39.51
1.5889	0.015527	-0.003899	61616.64	39.47
1.5900	0.015651	-0.003901	61619.64	39.50
1.5905	0.015735	-0.003897	61622.64	39.51
1.5922	0.015692	-0.003927	61625.64	39.55
1.5894	0.015734	-0.003959	61628.64	39.48
1.5905	0.015639	-0.003975	61631.64	39.51
1.5883	0.015683	-0.003999	61634.64	39.46
1.5911	0.015642	-0.003990	61637.64	39.52
1.5900	0.015604	-0.003932	61640.64	39.50
1.5916	0.015648	-0.003986	61643.64	39.54
1.5916	0.015603	-0.004002	61646.64	39.54
1.5894	0.015631	-0.004049	61649.64	39.48
1.5911	0.015581	-0.003999	61652.64	39.52
1.5894	0.015622	-0.004092	61655.64	39.48
1.5916	0.015654	-0.004087	61658.64	39.54
1.5911	0.015669	-0.004000	61661.64	39.52
1.5894	0.014126	-0.004079	61664.64	39.48
1.5883	0.015742	-0.003897	61667.64	39.46
1.5900	0.015705	-0.004103	61670.64	39.50
1.5900	0.015633	-0.004114	61673.64	39.50
1.5900	0.015668	-0.004075	61676.64	39.50
1.5911	0.015681	-0.004176	61679.64	39.52
1.5889	0.015642	-0.004145	61682.64	39.47
1.5883	0.015664	-0.004264	61685.64	39.46
1.5900	0.015481	-0.004214	61688.64	39.50
1.5900	0.014235	-0.004165	61691.64	39.50
1.5894	0.015676	-0.004288	61694.64	39.48
1.5894	0.015657	-0.004184	61697.64	39.48
1.5900	0.015648	-0.004250	61700.64	39.50
1.5900	0.015689	-0.004232	61703.64	39.50
1.5922	0.015587	-0.004242	61706.64	39.55
1.5916	0.015589	-0.004145	61709.64	39.54
1.5889	0.015548	-0.004244	61712.64	39.47
1.5900	0.015610	-0.005246	61715.64	39.50
1.5900	0.015640	-0.004277	61718.64	39.50
1.5900	0.015587	-0.004295	61721.64	39.50
1.5911	0.015746	-0.004322	61724.64	39.52
1.5894	0.015629	-0.004217	61727.64	39.48
1.5889	0.015693	-0.004217	61730.64	39.47
1.5883	0.015746	-0.004370	61733.64	39.46
1.5878	0.015719	-0.004423	61736.64	39.44
1.5900	0.015743	-0.004315	61739.64	39.50
1.5894	0.015762	-0.004403	61742.64	39.48
1.5889	0.015655	-0.004389	61745.64	39.47
1.5900	0.015792	-0.004453	61748.64	39.50
1.5911	0.015734	-0.004374	61751.64	39.52
1.5889	0.015727	-0.004482	61754.64	39.47
1.5883	0.015777	-0.004517	61757.64	39.46
1.5889	0.015837	-0.004659	61760.64	39.47
1.5889	0.015580	-0.004564	61763.64	39.47
1.5894	0.015593	-0.004574	61766.64	39.48
1.5889	0.015647	-0.004671	61769.64	39.47
1.5894	0.015722	-0.004573	61772.64	39.48
1.5889	0.015719	-0.004568	61775.64	39.47
1.5900	0.015563	-0.004601	61778.64	39.50
1.5911	0.015637	-0.004582	61781.64	39.52
1.5889	0.015524	-0.004564	61784.64	39.47
1.5889	0.015657	-0.004669	61787.64	39.47
1.5900	0.015720	-0.004612	61790.64	39.50
1.5894	0.015710	-0.004617	61793.64	39.48
1.5894	0.015671	-0.004655	61796.64	39.48
1.5911	0.015765	-0.004699	61799.64	39.52
1.5916	0.015756	-0.004643	61802.64	39.54
1.5911	0.015638	-0.004666	61805.64	39.52
1.5905	0.015744	-0.004676	61808.64	39.51
1.5900	0.015908	-0.004498	61811.64	39.50
1.5922	0.015802	-0.004454	61814.64	39.55
1.5889	0.015888	-0.004537	61817.64	39.47
1.5905	0.015865	-0.004548	61820.64	39.51
1.5900	0.015784	-0.004582	61823.64	39.50
1.5916	0.015909	-0.004397	61826.64	39.54
1.5922	0.015843	-0.005330	61829.64	39.55
1.5900	0.015810	-0.004676	61832.64	39.50
1.5916	0.015754	-0.004557	61835.64	39.54
1.5905	0.016058	-0.004486	61838.64	39.51
1.5894	0.015951	-0.004528	61841.64	39.48
1.5878	0.015995	-0.004408	61844.64	39.44
1.5889	0.016061	-0.004438	61847.64	39.47
1.5878	0.016000	-0.004426	61850.64	39.44
1.5911	0.015947	-0.004564	61853.64	39.52
1.5889	0.016007	-0.004521	61856.64	39.47
1.5894	0.015972	-0.004393	61859.64	39.48
1.5883	0.016045	-0.004525	61862.64	39.46
1.5911	0.015976	-0.004402	61865.64	39.52
1.5894	0.015974	-0.004524	61868.64	39.48
1.5900	0.016015	-0.004535	61871.64	39.50
1.5900	0.015868	-0.004534	61874.64	39.50
1.5889	0.015877	-0.004598	61877.64	39.47
1.5883	0.016068	-0.004444	61880.64	39.46
1.5900	0.015975	-0.004526	61883.64	39.50
1.5883	0.016052	-0.004569	61886.64	39.46
1.5889	0.016197	-0.005060	61889.64	39.47
1.5883	0.016297	-0.004112	61892.64	39.46
1.5829	0.016482	-0.004047	61895.64	39.32
1.5823	0.016641	-0.004065	61898.64	39.31
1.5779	0.016607	-0.003997	61901.64	39.20
1.5736	0.016556	-0.003868	61904.64	39.10
1.5719	0.016532	-0.004007	61907.64	39.06
1.5686	0.016522	-0.003986	61910.64	38.97
1.5670	0.016594	-0.004060	61913.64	38.93
1.5654	0.016572	-0.003922	61916.64	38.89
1.5648	0.015861	-0.003899	61919.64	38.88
1.5643	0.016529	-0.003959	61922.64	38.87
1.5632	0.016516	-0.003963	61925.64	38.84
1.5583	0.016521	-0.003963	61928.64	38.72
1.5599	0.016517	-0.003883	61931.64	38.76
1.5572	0.016518	-0.004038	61934.64	38.69
1.5572	0.016472	-0.003831	61937.64	38.69
1.5550	0.016501	-0.003871	61940.64	38.64
1.5544	0.016565	-0.003902	61943.64	38.63
1.5533	0.016517	-0.003829	61946.64	38.60
1.5511	0.016529	-0.003872	61949.64	38.55
1.5522	0.016404	-0.003849	61952.64	38.57
1.5501	0.016570	-0.003884	61955.64	38.52
1.5501	0.016527	-0.003846	61958.64	38.52
1.5495	0.016509	-0.003970	61961.64	38.51
1.5468	0.016391	-0.003897	61964.64	38.44
1.5457	0.016490	-0.003839	61967.64	38.41
1.5462	0.016445	-0.003780	61970.64	38.43
1.5446	0.016445	-0.003803	61973.64	38.39
1.5457	0.016411	-0.003885	61976.64	38.41
1.5429	0.016418	-0.003857	61979.64	38.35
1.5446	0.016383	-0.003867	61982.64	38.39
1.5429	0.016301	-0.003965	61985.64	38.35
1.5424	0.016287	-0.003859	61988.64	38.33
1.5413	0.015667	-0.003829	61991.64	38.31
1.5429	0.016324	-0.003831	61994.64	38.35
1.5419	0.016289	-0.003823	61997.64	38.32
1.5418	0.016272	-0.003984	62000.64	38.32
1.5391	0.016248	-0.003863	62003.64	38.25
1.5397	0.016225	-0.003896	62006.64	38.27
1.5413	0.016248	-0.003905	62009.64	38.31
1.5408	0.016283	-0.003839	62012.64	38.29
1.5402	0.016256	-0.003924	62015.64	38.28
1.5413	0.016226	-0.003865	62018.64	38.31
1.5402	0.016276	-0.003752	62021.64	38.28
1.5391	0.016157	-0.003804	62024.64	38.25
1.5380	0.016245	-0.003869	62027.64	38.23
1.5380	0.016111	-0.003925	62030.64	38.23
1.5402	0.016167	-0.003844	62033.64	38.28
1.5380	0.016064	-0.003871	62036.64	38.23
1.5375	0.016128	-0.003887	62039.64	38.21
1.5375	0.016154	-0.003823	62042.64	38.21
1.5386	0.016153	-0.003831	62045.64	38.24
1.5380	0.016014	-0.003787	62048.64	38.23
1.5375	0.016019	-0.003955	62051.64	38.21
1.5364	0.016095	-0.003846	62054.64	38.19
1.5369	0.016144	-0.003704	62057.64	38.20
1.5375	0.016053	-0.003740	62060.64	38.21
1.5375	0.015988	-0.003822	62063.64	38.21
1.5364	0.015958	-0.003844	62066.64	38.19
1.5364	0.015980	-0.003818	62069.64	38.19
1.5353	0.016006	-0.003686	62072.64	38.16
1.5358	0.015969	-0.003766	62075.64	38.17
1.5358	0.015952	-0.003777	62078.64	38.17
1.5364	0.015947	-0.003740	62081.64	38.19
1.5347	0.015764	-0.003821	62084.64	38.15
1.5342	0.015834	-0.003742	62087.64	38.13
1.5347	0.015866	-0.003914	62090.64	38.15
1.5336	0.015738	-0.003817	62093.64	38.12
1.5342	0.015756	-0.003935	62096.64	38.13
1.5336	0.015780	-0.003665	62099.64	38.12
1.5347	0.015940	-0.003821	62102.64	38.15
1.5331	0.015717	-0.003820	62105.64	38.11
1.5326	0.015627	-0.003952	62108.64	38.09
1.5315	0.015648	-0.003890	62111.64	38.07
1.5336	0.015744	-0.003884	62114.64	38.12
1.5331	0.015667	-0.003890	62117.64	38.11
1.5331	0.015622	-0.003878	62120.64	38.11
1.5325	0.015562	-0.003781	62123.64	38.09
1.5342	0.015719	-0.003804	62126.64	38.13
1.5326	0.015667	-0.003790	62129.64	38.09
1.5315	0.015621	-0.003859	62132.64	38.07
1.5320	0.015731	-0.003849	62135.64	38.08
1.5315	0.015730	-0.003750	62138.64	38.07
1.5320	0.015662	-0.003603	62141.64	38.08
1.5320	0.015702	-0.003743	62144.64	38.08
1.5309	0.015734	-0.003642	62147.64	38.05
1.5320	0.015678	-0.003687	62150.64	38.08
1.5320	0.015631	-0.003532	62153.64	38.08
1.5320	0.015643	-0.003651	62156.64	38.08
1.5293	0.015569	-0.003599	62159.64	38.01
1.5298	0.015697	-0.003684	62162.64	38.03
1.5276	0.015752	-0.003719	62165.64	37.97
1.5293	0.015635	-0.003702	62168.64	38.01
1.5320	0.015634	-0.003499	62171.64	38.08
1.5309	0.015616	-0.003573	62174.64	38.05
1.5298	0.015683	-0.003539	62177.64	38.03
1.5315	0.015622	-0.003630	62180.64	38.07
1.5298	0.015589	-0.003683	62183.64	38.03
1.5304	0.015628	-0.003449	62186.64	38.04
1.5315	0.015556	-0.003578	62189.64	38.07
1.5304	0.015562	-0.003574	62192.64	38.04
1.5287	0.015613	-0.003516	62195.64	38.00
1.5304	0.015533	-0.003530	62198.64	38.04
1.5309	0.015603	-0.003490	62201.64	38.05
1.5315	0.015497	-0.003569	62204.64	38.07
1.5320	0.015570	-0.003636	62207.64	38.08
1.5325	0.015432	-0.003467	62210.64	38.09
1.5315	0.015511	-0.003591	62213.64	38.07
1.5331	0.015493	-0.003522	62216.64	38.11
1.5315	0.013923	-0.003415	62219.64	38.07
1.5315	0.015445	-0.003540	62222.64	38.07
1.5320	0.015431	-0.003466	62225.64	38.08
1.5331	0.015514	-0.003477	62228.64	38.11
1.5315	0.015436	-0.003480	62231.64	38.07
1.5304	0.015348	-0.003504	62234.64	38.04
1.5331	0.014756	-0.003522	62237.64	38.11
1.5320	0.015420	-0.003433	62240.64	38.08
1.5309	0.015379	-0.003589	62243.64	38.05
1.5325	0.015373	-0.003427	62246.64	38.09
1.5325	0.015369	-0.003557	62249.64	38.09
1.5331	0.013792	-0.003425	62252.64	38.11
1.5331	0.015298	-0.003513	62255.64	38.11
1.5331	0.015394	-0.003547	62258.64	38.11
1.5325	0.015302	-0.003367	62261.64	38.09
1.5325	0.015206	-0.003572	62264.64	38.09
1.5331	0.015370	-0.003496	62267.64	38.11
1.5347	0.015241	-0.003393	62270.64	38.15
1.5331	0.015279	-0.003488	62273.64	38.11
1.5331	0.015215	-0.003478	62276.64	38.11
1.5331	0.015138	-0.003372	62279.64	38.11
1.5342	0.015286	-0.003435	62282.64	38.13
1.5325	0.015214	-0.003457	62285.64	38.09
1.5358	0.015152	-0.003526	62288.64	38.17
1.5331	0.015210	-0.003444	62291.64	38.11
1.5320	0.015069	-0.003440	62294.64	38.08
1.5336	0.015135	-0.003543	62297.64	38.12
1.5336	0.015028	-0.003489	62300.64	38.12
1.5336	0.015058	-0.003513	62303.64	38.12
1.5347	0.015100	-0.003522	62306.64	38.15
1.5353	0.015145	-0.003434	62309.64	38.16
1.5358	0.015164	-0.003445	62312.64	38.17
1.5358	0.015054	-0.003376	62315.64	38.17
1.5358	0.015078	-0.003471	62318.64	38.17
1.5358	0.015133	-0.003455	62321.64	38.17
1.5331	0.015083	-0.003488	62324.64	38.11
1.5326	0.015045	-0.003260	62327.64	38.09
1.5353	0.015067	-0.003353	62330.64	38.16
1.5342	0.013462	-0.003425	62333.64	38.13
1.5347	0.014993	-0.003426	62336.64	38.15
1.5364	0.015003	-0.003261	62339.64	38.19
1.5320	0.014961	-0.003470	62342.64	38.08
1.5353	0.015012	-0.003520	62345.64	38.16
1.5347	0.015058	-0.003596	62348.64	38.15
1.5364	0.015003	-0.004200	62351.64	38.19
1.5336	0.014912	-0.003407	62354.64	38.12
1.5347	0.014974	-0.003550	62357.64	38.15
1.5347	0.015018	-0.004019	62360.64	38.15
1.5331	0.014915	-0.003225	62363.64	38.11
1.5353	0.014896	-0.004864	62366.64	38.16
1.5342	0.015059	-0.003476	62369.64	38.13
1.5347	0.015008	-0.003403	62372.64	38.15
1.5364	0.014946	-0.003433	62375.64	38.19
1.5342	0.014817	-0.003357	62378.64	38.13
1.5358	0.014986	-0.003341	62381.64	38.17
1.5358	0.014895	-0.003290	62384.64	38.17
1.5364	0.014961	-0.003306	62387.64	38.19
1.5358	0.014878	-0.003208	62390.64	38.17
1.5347	0.014017	-0.003356	62393.64	38.15
1.5347	0.014745	-0.003327	62396.64	38.15
1.5347	0.014888	-0.003304	62399.64	38.15
1.5375	0.014836	-0.003313	62402.64	38.21
1.5353	0.014869	-0.003273	62405.64	38.16
1.5358	0.014909	-0.003292	62408.64	38.17
1.5347	0.014877	-0.003252	62411.64	38.15
1.5347	0.014801	-0.003279	62414.64	38.15
1.5358	0.014802	-0.003226	62417.64	38.17
1.5353	0.014890	-0.004504	62420.64	38.16
1.5364	0.014774	-0.003475	62423.64	38.19
1.5369	0.014702	-0.003328	62426.64	38.20
1.5353	0.014698	-0.003345	62429.64	38.16
1.5364	0.014680	-0.003421	62432.64	38.19
1.5375	0.014669	-0.003394	62435.64	38.21
1.5353	0.014733	-0.003348	62438.64	38.16
1.5364	0.014574	-0.003225	62441.64	38.19
1.5375	0.014734	-0.003373	62444.64	38.21
1.5364	0.014656	-0.004870	62447.64	38.19
1.5380	0.014613	-0.004793	62450.64	38.23
1.5380	0.014663	-0.003430	62453.64	38.23
1.5375	0.014517	-0.004795	62456.64	38.21
1.5380	0.014619	-0.003375	62459.64	38.23
1.5380	0.014531	-0.003488	62462.64	38.23
1.5380	0.014522	-0.003354	62465.64	38.23
1.5391	0.014563	-0.003382	62468.64	38.25
1.5386	0.014620	-0.003255	62471.64	38.24
1.5358	0.014531	-0.003327	62474.64	38.17
1.5364	0.014758	-0.003398	62477.64	38.19
1.5380	0.014710	-0.003219	62480.64	38.23
1.5369	0.014655	-0.003187	62483.64	38.20
1.5386	0.014593	-0.003271	62486.64	38.24
1.5375	0.014631	-0.003304	62489.64	38.21
1.5380	0.014658	-0.003162	62492.64	38.23
1.5353	0.014581	-0.003321	62495.64	38.16
1.5358	0.014572	-0.003176	62498.64	38.17
1.5369	0.014702	-0.003200	62501.64	38.20
1.5358	0.014629	-0.003206	62504.64	38.17
1.5380	0.014599	-0.003272	62507.64	38.23
1.5369	0.014659	-0.003162	62510.64	38.20
1.5358	0.014654	-0.003285	62513.64	38.17
1.5375	0.014602	-0.003145	62516.64	38.21
1.5386	0.014665	-0.003034	62519.64	38.24
1.5369	0.014570	-0.003222	62522.64	38.20
1.5364	0.014601	-0.003155	62525.64	38.19
1.5375	0.014516	-0.003284	62528.64	38.21
1.5364	0.014500	-0.003171	62531.64	38.19
1.5342	0.014624	-0.003222	62534.64	38.13
1.5342	0.014520	-0.003240	62537.64	38.13
1.5364	0.014537	-0.003206	62540.64	38.19
1.5358	0.014500	-0.003112	62543.64	38.17
1.5375	0.014497	-0.003179	62546.64	38.21
1.5358	0.014566	-0.003255	62549.64	38.17
1.5386	0.014700	-0.003057	62552.64	38.24
1.5380	0.014628	-0.003090	62555.64	38.23
1.5402	0.014619	-0.003057	62558.64	38.28
1.5418	0.014558	-0.002988	62561.64	38.32
1.5429	0.014686	-0.003079	62564.64	38.35
1.5424	0.014651	-0.002991	62567.64	38.33
1.5435	0.014632	-0.003004	62570.64	38.36
1.5446	0.014635	-0.002969	62573.64	38.39
1.5435	0.014715	-0.003002	62576.64	38.36
1.5446	0.014639	-0.002890	62579.64	38.39
1.5473	0.014725	-0.003074	62582.64	38.45
1.5468	0.014715	-0.003028	62585.64	38.44
1.5473	0.014676	-0.002951	62588.64	38.45
1.5484	0.014737	-0.003018	62591.64	38.48
1.5479	0.014800	-0.002905	62594.64	38.47
1.5484	0.014734	-0.003009	62597.64	38.48
1.5490	0.014709	-0.003061	62600.64	38.49
1.5479	0.014744	-0.002952	62603.64	38.47
1.5495	0.014747	-0.002920	62606.64	38.51
1.5495	0.014694	-0.002916	62609.64	38.51
1.5511	0.014739	-0.002976	62612.64	38.55
1.5501	0.014568	-0.003024	62615.64	38.52
1.5517	0.014746	-0.002971	62618.64	38.56
1.5533	0.014732	-0.003005	62621.64	38.60
1.5528	0.014726	-0.003070	62624.64	38.59
1.5533	0.014692	-0.003031	62627.64	38.60
1.5544	0.014770	-0.002962	62630.64	38.63
1.5533	0.014759	-0.002833	62633.64	38.60
1.5533	0.014734	-0.003016	62636.64	38.60
1.5539	0.014755	-0.002887	62639.64	38.61
1.5555	0.014745	-0.003019	62642.64	38.65
1.5555	0.014737	-0.002978	62645.64	38.65
1.5561	0.014633	-0.002983	62648.64	38.67
1.5555	0.014723	-0.002853	62651.64	38.65
1.5566	0.014925	-0.002893	62654.64	38.68
1.5594	0.014740	-0.002961	62657.64	38.75
1.5583	0.014889	-0.003000	62660.64	38.72
1.5583	0.014729	-0.002852	62663.64	38.72
1.5588	0.014938	-0.002937	62666.64	38.73
1.5599	0.014723	-0.003079	62669.64	38.76
