1.7158	0.015501	-0.003684	53711.22	42.57
1.7158	0.015490	-0.003561	53714.22	42.57
1.7163	0.015287	-0.003457	53717.22	42.58
1.7163	0.015484	-0.003467	53720.22	42.58
1.7158	0.015521	-0.003380	53723.22	42.57
1.7152	0.015464	-0.003534	53726.22	42.55
1.7141	0.015356	-0.003553	53729.22	42.53
1.7130	0.015584	-0.003463	53732.22	42.50
1.7130	0.015478	-0.003610	53735.22	42.50
1.7136	0.015692	-0.003512	53738.22	42.51
1.7130	0.015518	-0.003422	53741.22	42.50
1.7130	0.015488	-0.003484	53744.22	42.50
1.7125	0.015559	-0.003307	53747.22	42.49
1.7103	0.015579	-0.003513	53750.22	42.43
1.7114	0.015397	-0.003414	53753.22	42.46
1.7098	0.015559	-0.003315	53756.22	42.42
1.7098	0.015610	-0.003363	53759.22	42.42
1.7098	0.015568	-0.003421	53762.22	42.42
1.7092	0.015413	-0.003640	53765.22	42.41
1.7087	0.015535	-0.003454	53768.22	42.39
1.7087	0.015380	-0.003471	53771.22	42.39
1.7065	0.015511	-0.003400	53774.22	42.34
1.7065	0.015530	-0.003671	53777.22	42.34
1.7065	0.015509	-0.003654	53780.22	42.34
1.7054	0.015436	-0.003601	53783.22	42.31
1.7065	0.015520	-0.003426	53786.22	42.34
1.7054	0.015365	-0.003580	53789.22	42.31
1.7043	0.015508	-0.003485	53792.22	42.29
1.7059	0.015424	-0.003426	53795.22	42.33
1.7048	0.015478	-0.003588	53798.22	42.30
1.7048	0.015603	-0.003318	53801.22	42.30
1.7043	0.015505	-0.003203	53804.22	42.29
1.7037	0.015404	-0.003259	53807.22	42.27
1.7021	0.015614	-0.003318	53810.22	42.23
1.7027	0.015546	-0.003404	53813.22	42.25
1.7010	0.015572	-0.003293	53816.22	42.21
1.7016	0.015385	-0.003345	53819.22	42.22
1.7010	0.015603	-0.003273	53822.22	42.21
1.7005	0.015667	-0.003487	53825.22	42.19
1.6999	0.015732	-0.003385	53828.22	42.18
1.7005	0.016018	-0.003417	53831.22	42.19
1.6999	0.015988	-0.003366	53834.22	42.18
1.7005	0.015687	-0.003369	53837.22	42.19
1.6999	0.015446	-0.003336	53840.22	42.18
1.6983	0.015608	-0.003476	53843.22	42.14
1.6972	0.015540	-0.003431	53846.22	42.11
1.6983	0.015435	-0.003344	53849.22	42.14
1.6983	0.015766	-0.003441	53852.22	42.14
1.6955	0.015722	-0.003329	53855.22	42.07
1.6950	0.015549	-0.003334	53858.22	42.06
1.6955	0.015522	-0.003495	53861.22	42.07
1.6939	0.015727	-0.003313	53864.22	42.03
1.6917	0.015535	-0.003347	53867.22	41.98
1.6895	0.015617	-0.003347	53870.22	41.93
1.6873	0.015735	-0.003303	53873.22	41.87
1.6868	0.015646	-0.003322	53876.22	41.86
1.6857	0.015367	-0.003394	53879.22	41.83
1.6830	0.015357	-0.003565	53882.22	41.77
1.6813	0.015972	-0.003223	53885.22	41.73
1.6808	0.015573	-0.003545	53888.22	41.71
1.6797	0.015692	-0.003294	53891.22	41.69
1.6769	0.015517	-0.003199	53894.22	41.62
1.6748	0.015650	-0.003342	53897.22	41.57
1.6731	0.015529	-0.003273	53900.22	41.53
1.6704	0.015633	-0.003308	53903.22	41.46
1.6693	0.015727	-0.003238	53906.22	41.43
1.6676	0.015830	-0.003260	53909.22	41.39
1.6660	0.015810	-0.003248	53912.22	41.35
1.6633	0.015986	-0.002801	53915.22	41.29
1.6622	0.015571	-0.003095	53918.22	41.26
1.6583	0.015513	-0.003497	53921.22	41.17
1.6556	0.015643	-0.003038	53924.22	41.10
1.6562	0.015791	-0.002908	53927.22	41.11
1.6529	0.016008	-0.002868	53930.22	41.03
1.6518	0.016010	-0.002928	53933.22	41.01
1.6507	0.015992	-0.002969	53936.22	40.98
1.6469	0.015930	-0.003075	53939.22	40.89
1.6447	0.015623	-0.002832	53942.22	40.83
1.6430	0.015933	-0.002882	53945.22	40.79
1.6452	0.015870	-0.002814	53948.22	40.85
1.6436	0.015871	-0.002973	53951.22	40.81
1.6419	0.015921	-0.002986	53954.22	40.77
1.6414	0.015934	-0.002969	53957.22	40.75
1.6381	0.015990	-0.002907	53960.22	40.67
1.6376	0.016089	-0.002960	53963.22	40.66
1.6359	0.015739	-0.003100	53966.22	40.62
1.6376	0.015992	-0.002929	53969.22	40.66
1.6337	0.015963	-0.002948	53972.22	40.56
1.6337	0.015956	-0.002954	53975.22	40.56
1.6326	0.016060	-0.002921	53978.22	40.54
1.6299	0.015884	-0.002922	53981.22	40.47
1.6283	0.015915	-0.002882	53984.22	40.43
1.6272	0.015998	-0.002909	53987.22	40.40
1.6272	0.016070	-0.002951	53990.22	40.40
1.6239	0.015847	-0.002979	53993.22	40.32
1.6244	0.015880	-0.002997	53996.22	40.34
1.6223	0.015938	-0.002961	53999.22	40.28
1.6195	0.015919	-0.003007	54002.22	40.22
1.6190	0.015881	-0.003019	54005.22	40.20
1.6157	0.015936	-0.003086	54008.22	40.12
1.6151	0.015999	-0.002791	54011.22	40.11
1.6124	0.015939	-0.002703	54014.22	40.04
1.6113	0.015799	-0.002896	54017.22	40.02
1.6075	0.016013	-0.002906	54020.22	39.92
1.6064	0.015923	-0.002954	54023.22	39.90
1.6058	0.015898	-0.003035	54026.22	39.88
1.6020	0.015719	-0.003105	54029.22	39.79
1.6037	0.015827	-0.002851	54032.22	39.83
1.5971	0.015836	-0.002992	54035.22	39.67
1.5965	0.015453	-0.002987	54038.22	39.66
1.5949	0.015861	-0.003032	54041.22	39.62
1.5933	0.015751	-0.003299	54044.22	39.58
1.5933	0.015820	-0.003336	54047.22	39.58
1.5889	0.015420	-0.003221	54050.22	39.47
1.5856	0.015399	-0.003410	54053.22	39.39
1.5862	0.015425	-0.003116	54056.22	39.40
1.5867	0.015422	-0.003352	54059.22	39.42
1.5823	0.015715	-0.003408	54062.22	39.31
1.5801	0.015520	-0.003383	54065.22	39.26
1.5763	0.015477	-0.003315	54068.22	39.16
1.5747	0.015622	-0.003149	54071.22	39.12
1.5714	0.015679	-0.003254	54074.22	39.04
1.5714	0.015608	-0.003192	54077.22	39.04
1.5659	0.015552	-0.003239	54080.22	38.91
1.5632	0.015877	-0.003091	54083.22	38.84
1.5632	0.015571	-0.003273	54086.22	38.84
1.5588	0.015816	-0.003198	54089.22	38.73
1.5599	0.015728	-0.003196	54092.22	38.76
1.5539	0.015895	-0.003021	54095.22	38.61
1.5511	0.015443	-0.003188	54098.22	38.55
1.5490	0.015648	-0.003068	54101.22	38.49
1.5468	0.015765	-0.003022	54104.22	38.44
1.5451	0.015441	-0.003004	54107.22	38.40
1.5468	0.015779	-0.003280	54110.22	38.44
1.5429	0.015776	-0.003155	54113.22	38.35
1.5413	0.015638	-0.003141	54116.22	38.31
1.5386	0.015996	-0.002935	54119.22	38.24
1.5375	0.015705	-0.003373	54122.22	38.21
1.5380	0.015634	-0.003423	54125.22	38.23
1.5358	0.015635	-0.003245	54128.22	38.17
1.5326	0.015582	-0.003290	54131.22	38.09
1.5287	0.015551	-0.003322	54134.22	38.00
1.5287	0.015612	-0.003124	54137.22	38.00
1.5265	0.015470	-0.003309	54140.22	37.94
1.5249	0.015673	-0.003124	54143.22	37.90
1.5233	0.015557	-0.003068	54146.22	37.86
1.5216	0.015562	-0.003246	54149.22	37.82
1.5205	0.015585	-0.003086	54152.22	37.80
1.5194	0.015704	-0.003191	54155.22	37.77
1.5145	0.015615	-0.003153	54158.22	37.65
1.5150	0.015648	-0.003184	54161.22	37.66
1.5107	0.015576	-0.003233	54164.22	37.56
1.5107	0.015650	-0.003043	54167.22	37.56
1.5047	0.015528	-0.003227	54170.22	37.41
1.5047	0.015535	-0.003131	54173.22	37.41
1.5030	0.015507	-0.003081	54176.22	37.37
1.5008	0.015978	-0.003278	54179.22	37.32
1.4992	0.015842	-0.002856	54182.22	37.28
1.4981	0.015787	-0.003090	54185.22	37.25
1.4965	0.015638	-0.002946	54188.22	37.21
1.4937	0.015991	-0.002854	54191.22	37.14
1.4943	0.016040	-0.002870	54194.22	37.15
1.4915	0.015481	-0.002859	54197.22	37.09
1.4899	0.015419	-0.003041	54200.22	37.05
1.4877	0.015516	-0.003153	54203.22	36.99
1.4866	0.015585	-0.003236	54206.22	36.97
1.4833	0.015562	-0.003155	54209.22	36.89
1.4817	0.015685	-0.003035	54212.22	36.85
1.4817	0.015582	-0.003198	54215.22	36.85
1.4789	0.015646	-0.003113	54218.22	36.78
1.4762	0.015987	-0.002723	54221.22	36.71
1.4746	0.015589	-0.003126	54224.22	36.67
1.4707	0.015850	-0.003220	54227.22	36.58
1.4691	0.015511	-0.003159	54230.22	36.54
1.4675	0.015515	-0.003105	54233.22	36.50
1.4636	0.015662	-0.003152	54236.22	36.40
1.4614	0.015601	-0.003118	54239.22	36.35
1.4598	0.015586	-0.003115	54242.22	36.31
1.4576	0.015662	-0.003104	54245.22	36.26
1.4538	0.015543	-0.003082	54248.22	36.16
1.4538	0.015681	-0.003022	54251.22	36.16
1.4494	0.015554	-0.003152	54254.22	36.06
1.4461	0.015588	-0.003083	54257.22	35.98
1.4445	0.015683	-0.002910	54260.22	35.94
1.4390	0.015633	-0.003002	54263.22	35.80
1.4379	0.015676	-0.003012	54266.22	35.77
1.4368	0.015542	-0.003099	54269.22	35.75
1.4325	0.015673	-0.003070	54272.22	35.64
1.4297	0.015656	-0.002849	54275.22	35.57
1.4281	0.015598	-0.003063	54278.22	35.53
1.4237	0.015554	-0.003049	54281.22	35.43
1.4237	0.015741	-0.003038	54284.22	35.43
1.4204	0.015640	-0.002940	54287.22	35.35
1.4177	0.015408	-0.003230	54290.22	35.28
1.4161	0.015746	-0.003060	54293.22	35.24
1.4139	0.015624	-0.003133	54296.22	35.18
1.4117	0.015585	-0.002959	54299.22	35.13
1.4095	0.015487	-0.003000	54302.22	35.08
1.4057	0.015666	-0.002943	54305.22	34.98
1.4024	0.015731	-0.003011	54308.22	34.90
1.4018	0.015698	-0.003064	54311.22	34.89
1.3969	0.015616	-0.002956	54314.22	34.77
1.3953	0.015563	-0.002979	54317.22	34.73
1.3914	0.015597	-0.002978	54320.22	34.63
1.3882	0.015488	-0.003017	54323.22	34.55
1.3860	0.015677	-0.003108	54326.22	34.50
1.3838	0.015678	-0.002976	54329.22	34.45
1.3800	0.015542	-0.002875	54332.22	34.35
1.3772	0.015705	-0.003065	54335.22	34.29
1.3739	0.015579	-0.003029	54338.22	34.20
1.3712	0.015543	-0.003057	54341.22	34.14
1.3690	0.015602	-0.003082	54344.22	34.08
1.3641	0.015697	-0.002830	54347.22	33.96
1.3603	0.015592	-0.003021	54350.22	33.87
1.3586	0.015775	-0.002984	54353.22	33.83
1.3553	0.015563	-0.002911	54356.22	33.75
1.3499	0.015650	-0.003059	54359.22	33.61
1.3482	0.015558	-0.002920	54362.22	33.57
1.3439	0.015592	-0.002943	54365.22	33.47
1.3406	0.015590	-0.003006	54368.22	33.39
1.3362	0.015573	-0.002900	54371.22	33.28
1.3313	0.015754	-0.002937	54374.22	33.16
1.3296	0.015624	-0.002920	54377.22	33.12
1.3242	0.015573	-0.003087	54380.22	32.98
1.3198	0.015439	-0.002892	54383.22	32.87
1.3165	0.015579	-0.002969	54386.22	32.79
1.3121	0.015504	-0.003012	54389.22	32.69
1.3072	0.015476	-0.003057	54392.22	32.57
1.3039	0.015698	-0.003083	54395.22	32.48
1.2974	0.015635	-0.002911	54398.22	32.32
1.2924	0.015634	-0.002866	54401.22	32.20
1.2881	0.015674	-0.002932	54404.22	32.09
1.2831	0.015683	-0.002880	54407.22	31.97
1.2766	0.015453	-0.002941	54410.22	31.81
1.2733	0.015704	-0.002797	54413.22	31.73
1.2662	0.015451	-0.002914	54416.22	31.56
1.2607	0.015432	-0.003127	54419.22	31.42
1.2552	0.015539	-0.002984	54422.22	31.29
1.2481	0.015448	-0.002900	54425.22	31.11
1.2454	0.015459	-0.002964	54428.22	31.04
1.2372	0.015427	-0.003022	54431.22	30.84
1.2334	0.015424	-0.002936	54434.22	30.75
1.2290	0.015502	-0.002996	54437.22	30.64
1.2186	0.015536	-0.002785	54440.22	30.38
1.2159	0.015628	-0.002822	54443.22	30.32
1.2098	0.015559	-0.002680	54446.22	30.17
1.2016	0.015647	-0.002752	54449.22	29.97
1.1962	0.015687	-0.002748	54452.22	29.83
1.1885	0.015772	-0.002683	54455.22	29.64
1.1841	0.015737	-0.002670	54458.22	29.53
1.1770	0.015728	-0.002835	54461.22	29.36
1.1721	0.015617	-0.002781	54464.22	29.24
1.1645	0.015575	-0.002666	54467.22	29.05
1.1579	0.015800	-0.002783	54470.22	28.89
1.1480	0.015602	-0.002683	54473.22	28.64
1.1453	0.015771	-0.002614	54476.22	28.58
1.1344	0.015688	-0.002716	54479.22	28.31
1.1278	0.015865	-0.002468	54482.22	28.14
1.1174	0.015958	-0.002598	54485.22	27.89
1.1092	0.015723	-0.002602	54488.22	27.69
1.0999	0.015754	-0.002572	54491.22	27.46
1.0851	0.015948	-0.002619	54494.22	27.09
1.0775	0.015712	-0.002338	54497.22	26.90
1.0682	0.015870	-0.002456	54500.22	26.67
1.0567	0.015779	-0.002335	54503.22	26.39
1.0452	0.015743	-0.002419	54506.22	26.10
1.0392	0.015839	-0.002321	54509.22	25.95
1.0244	0.016022	-0.002429	54512.22	25.59
1.0102	0.016086	-0.002329	54515.22	25.24
1.0009	0.015925	-0.002419	54518.22	25.01
0.9894	0.015658	-0.002490	54521.22	24.72
0.9774	0.015950	-0.002428	54524.22	24.42
0.9654	0.015801	-0.002247	54527.22	24.13
0.9550	0.015888	-0.002294	54530.22	23.87
0.9418	0.015838	-0.002412	54533.22	23.54
0.9325	0.016029	-0.002353	54536.22	23.31
0.9189	0.015806	-0.002456	54539.22	22.97
0.9074	0.015730	-0.002448	54542.22	22.69
0.8954	0.015774	-0.002424	54545.22	22.39
0.8833	0.015647	-0.002192	54548.22	22.09
0.8702	0.015720	-0.002405	54551.22	21.76
0.8598	0.015796	-0.002329	54554.22	21.51
0.8500	0.015787	-0.002318	54557.22	21.26
0.8335	0.015782	-0.002199	54560.22	20.85
0.8215	0.015841	-0.002156	54563.22	20.55
0.8111	0.015863	-0.002154	54566.22	20.30
0.8002	0.015946	-0.002243	54569.22	20.02
0.7882	0.015759	-0.002284	54572.22	19.72
0.7778	0.016283	-0.001798	54575.22	19.47
0.7657	0.016101	-0.002267	54578.22	19.17
0.7542	0.016023	-0.002058	54581.22	18.88
0.7439	0.016054	-0.002090	54584.22	18.62
0.7324	0.015866	-0.002234	54587.22	18.34
0.7203	0.015742	-0.002206	54590.22	18.04
0.7116	0.015864	-0.002120	54593.22	17.82
0.7001	0.016076	-0.002022	54596.22	17.53
0.6892	0.015855	-0.002209	54599.22	17.26
0.6826	0.015707	-0.002216	54602.22	17.10
0.6711	0.015657	-0.002219	54605.22	16.81
0.6613	0.015817	-0.002088	54608.22	16.56
0.6514	0.015899	-0.002109	54611.22	16.32
0.6383	0.015692	-0.002126	54614.22	15.99
0.6230	0.015801	-0.002080	54617.22	15.61
0.6109	0.015749	-0.002005	54620.22	15.31
0.6016	0.015804	-0.002070	54623.22	15.08
0.5852	0.015722	-0.001940	54626.22	14.67
0.5798	0.015687	-0.001770	54629.22	14.53
0.5699	0.015635	-0.002162	54632.22	14.28
0.5584	0.016029	-0.001680	54635.22	14.00
0.5398	0.015892	-0.002131	54638.22	13.53
0.5262	0.015739	-0.002034	54641.22	13.19
0.5130	0.015660	-0.002135	54644.22	12.86
0.4999	0.015453	-0.002138	54647.22	12.53
0.4857	0.015600	-0.002559	54650.22	12.18
0.4780	0.015426	-0.002331	54653.22	11.99
0.4649	0.015586	-0.001934	54656.22	11.66
0.4518	0.015507	-0.002210	54659.22	11.33
0.4408	0.015592	-0.002139	54662.22	11.05
0.4321	0.015466	-0.002201	54665.22	10.84
0.4184	0.015527	-0.002286	54668.22	10.49
0.4053	0.015563	-0.002318	54671.22	10.16
0.4020	0.015385	-0.002195	54674.22	10.08
0.3916	0.015405	-0.002257	54677.22	9.82
0.3878	0.015430	-0.002327	54680.22	9.73
0.3785	0.015690	-0.001747	54683.22	9.49
0.3714	0.015830	-0.001830	54686.22	9.31
0.3632	0.015969	-0.001774	54689.22	9.11
0.3539	0.015861	-0.001802	54692.22	8.88
0.3468	0.015921	-0.001928	54695.22	8.70
0.3418	0.015424	-0.002188	54698.22	8.57
0.3336	0.015481	-0.002285	54701.22	8.37
0.3238	0.015446	-0.002351	54704.22	8.12
0.3172	0.015381	-0.002147	54707.22	7.96
0.3074	0.015913	-0.001911	54710.22	7.71
0.3036	0.015654	-0.001919	54713.22	7.62
0.2964	0.015669	-0.002021	54716.22	7.44
0.2866	0.015959	-0.001979	54719.22	7.19
0.2795	0.015727	-0.002014	54722.22	7.01
0.2713	0.015798	-0.002026	54725.22	6.81
0.2653	0.015716	-0.002100	54728.22	6.66
0.2587	0.015488	-0.002365	54731.22	6.49
0.2527	0.015870	-0.002157	54734.22	6.34
0.2428	0.015749	-0.001960	54737.22	6.09
0.2352	0.015986	-0.002008	54740.22	5.90
0.2308	0.015813	-0.001931	54743.22	5.79
0.2215	0.015918	-0.002071	54746.22	5.56
0.2133	0.015919	-0.002062	54749.22	5.35
0.2084	0.016005	-0.002001	54752.22	5.23
0.2018	0.016063	-0.001969	54755.22	5.06
0.1931	0.016025	-0.002048	54758.22	4.84
0.1860	0.016086	-0.002066	54761.22	4.67
0.1805	0.016182	-0.002031	54764.22	4.53
0.1734	0.016165	-0.002054	54767.22	4.35
0.1652	0.016191	-0.002098	54770.22	4.14
0.1575	0.016360	-0.001919	54773.22	3.95
0.1504	0.016270	-0.001934	54776.22	3.77
0.1444	0.016260	-0.002112	54779.22	3.62
0.1367	0.016399	-0.002066	54782.22	3.43
0.1302	0.016421	-0.002155	54785.22	3.27
0.1220	0.016319	-0.002168	54788.22	3.06
0.1160	0.016533	-0.002154	54791.22	2.91
0.1078	0.016443	-0.002140	54794.22	2.70
0.1006	0.016408	-0.002224	54797.22	2.52
0.0930	0.016536	-0.002073	54800.22	2.33
0.0848	0.016569	-0.002145	54803.22	2.13
0.0777	0.016771	-0.001941	54806.22	1.95
0.0727	0.016898	-0.001822	54809.22	1.83
0.0656	0.016586	-0.002159	54812.22	1.65
0.0607	0.016799	-0.002149	54815.22	1.52
0.0514	0.016844	-0.002020	54818.22	1.29
0.0432	0.016843	-0.002188	54821.22	1.08
0.0356	0.016880	-0.002052	54824.22	0.89
0.0252	0.016768	-0.002138	54827.22	0.63
0.0126	0.017065	-0.002183	54830.22	0.32
0.0022	0.017224	-0.002136	54833.22	0.05
-0.0099	0.017087	-0.002177	54836.22	-0.25
-0.0208	0.017208	-0.002103	54839.22	-0.52
-0.0334	0.017208	-0.002028	54842.22	-0.84
-0.0449	0.017312	-0.002115	54845.22	-1.13
-0.0520	0.017399	-0.002094	54848.22	-1.31
-0.0678	0.017475	-0.002103	54851.22	-1.71
-0.0744	0.017710	-0.002089	54854.22	-1.88
-0.0875	0.017640	-0.002020	54857.22	-2.21
-0.0946	0.017643	-0.002219	54860.22	-2.39
-0.1056	0.017768	-0.002168	54863.22	-2.67
-0.1138	0.017682	-0.002162	54866.22	-2.88
-0.1242	0.017878	-0.002170	54869.22	-3.14
-0.1400	0.017858	-0.002285	54872.22	-3.54
-0.1482	0.017918	-0.002149	54875.22	-3.75
-0.1597	0.018213	-0.002087	54878.22	-4.05
-0.1701	0.018051	-0.002075	54881.22	-4.31
-0.1843	0.018094	-0.001962	54884.22	-4.67
-0.1947	0.018331	-0.002123	54887.22	-4.94
-0.2095	0.018216	-0.002004	54890.22	-5.32
-0.2182	0.018313	-0.001948	54893.22	-5.54
-0.2319	0.018545	-0.002081	54896.22	-5.89
-0.2390	0.018737	-0.002115	54899.22	-6.07
-0.2478	0.018376	-0.002127	54902.22	-6.30
-0.2582	0.018487	-0.002234	54905.22	-6.56
-0.2707	0.018541	-0.002261	54908.22	-6.88
-0.2773	0.018537	-0.002162	54911.22	-7.05
-0.2861	0.018598	-0.002102	54914.22	-7.28
-0.2954	0.018551	-0.002179	54917.22	-7.51
-0.3101	0.018898	-0.001987	54920.22	-7.89
-0.3156	0.018541	-0.002364	54923.22	-8.03
-0.3260	0.018700	-0.002331	54926.22	-8.30
-0.3386	0.018654	-0.002159	54929.22	-8.62
-0.3457	0.018347	-0.002438	54932.22	-8.81
-0.3490	0.018599	-0.002466	54935.22	-8.89
-0.3593	0.018625	-0.002446	54938.22	-9.16
-0.3714	0.018812	-0.002455	54941.22	-9.47
-0.3829	0.019032	-0.002155	54944.22	-9.76
-0.3933	0.019201	-0.001932	54947.22	-10.03
-0.4037	0.019375	-0.001851	54950.22	-10.30
-0.4091	0.019416	-0.002022	54953.22	-10.44
-0.4184	0.019445	-0.001917	54956.22	-10.68
-0.4283	0.019283	-0.002081	54959.22	-10.93
-0.4337	0.019210	-0.002257	54962.22	-11.08
-0.4430	0.019197	-0.002139	54965.22	-11.32
-0.4562	0.019306	-0.002161	54968.22	-11.66
-0.4715	0.019065	-0.002433	54971.22	-12.05
-0.4791	0.019175	-0.002452	54974.22	-12.25
-0.4890	0.018873	-0.002586	54977.22	-12.50
-0.5026	0.018801	-0.002651	54980.22	-12.86
-0.5059	0.018739	-0.002494	54983.22	-12.94
-0.5212	0.018814	-0.002659	54986.22	-13.34
-0.5322	0.018690	-0.002669	54989.22	-13.62
-0.5420	0.018947	-0.002664	54992.22	-13.88
-0.5491	0.018809	-0.002741	54995.22	-14.06
-0.5612	0.018856	-0.002826	54998.22	-14.37
-0.5710	0.018743	-0.002764	55001.22	-14.63
-0.5869	0.018699	-0.002652	55004.22	-15.04
-0.6011	0.018875	-0.002605	55007.22	-15.41
-0.6120	0.018833	-0.002716	55010.22	-15.69
-0.6213	0.018912	-0.002660	55013.22	-15.94
-0.6377	0.018867	-0.002707	55016.22	-16.36
-0.6487	0.018806	-0.002648	55019.22	-16.65
-0.6580	0.018686	-0.002599	55022.22	-16.89
-0.6689	0.018704	-0.002829	55025.22	-17.17
-0.6875	0.018710	-0.002514	55028.22	-17.66
-0.6913	0.018657	-0.002683	55031.22	-17.76
-0.7012	0.018745	-0.002711	55034.22	-18.01
-0.7121	0.018725	-0.002664	55037.22	-18.30
-0.7236	0.018687	-0.002849	55040.22	-18.60
-0.7291	0.018503	-0.002802	55043.22	-18.74
-0.7367	0.018472	-0.002791	55046.22	-18.94
-0.7449	0.018630	-0.002749	55049.22	-19.16
-0.7581	0.018594	-0.002709	55052.22	-19.50
-0.7603	0.018462	-0.002998	55055.22	-19.56
-0.7696	0.018689	-0.002817	55058.22	-19.80
-0.7832	0.018640	-0.002806	55061.22	-20.16
-0.7947	0.018417	-0.002825	55064.22	-20.46
-0.8024	0.018632	-0.002858	55067.22	-20.66
-0.8117	0.018621	-0.002519	55070.22	-20.90
-0.8237	0.018679	-0.002703	55073.22	-21.22
-0.8297	0.018622	-0.002669	55076.22	-21.38
-0.8396	0.018771	-0.002682	55079.22	-21.63
-0.8516	0.018823	-0.002463	55082.22	-21.95
-0.8593	0.018668	-0.002553	55085.22	-22.15
-0.8713	0.018408	-0.002440	55088.22	-22.47
-0.8800	0.018523	-0.002760	55091.22	-22.70
-0.8828	0.018484	-0.002671	55094.22	-22.77
-0.8948	0.018681	-0.002496	55097.22	-23.08
-0.9047	0.018560	-0.002642	55100.22	-23.34
-0.9101	0.018641	-0.002669	55103.22	-23.49
-0.9178	0.018594	-0.002283	55106.22	-23.69
-0.9271	0.018684	-0.002556	55109.22	-23.93
-0.9320	0.018659	-0.002385	55112.22	-24.06
-0.9347	0.018536	-0.002501	55115.22	-24.14
-0.9413	0.018787	-0.002380	55118.22	-24.31
-0.9555	0.018496	-0.002429	55121.22	-24.68
-0.9621	0.018542	-0.002472	55124.22	-24.86
-0.9719	0.018588	-0.002494	55127.22	-25.12
-0.9818	0.018853	-0.002356	55130.22	-25.38
-0.9889	0.018693	-0.002446	55133.22	-25.56
-0.9998	0.018810	-0.002346	55136.22	-25.85
-1.0047	0.018601	-0.002209	55139.22	-25.98
-1.0108	0.019025	-0.002176	55142.22	-26.14
-1.0222	0.018963	-0.002382	55145.22	-26.45
-1.0332	0.018975	-0.002114	55148.22	-26.74
-1.0414	0.018966	-0.001937	55151.22	-26.95
-1.0474	0.018900	-0.002091	55154.22	-27.11
-1.0562	0.018686	-0.002143	55157.22	-27.34
-1.0600	0.018609	-0.002334	55160.22	-27.45
-1.0655	0.018594	-0.002356	55163.22	-27.59
-1.0748	0.018630	-0.002117	55166.22	-27.84
-1.0824	0.018670	-0.002313	55169.22	-28.04
-1.0846	0.018804	-0.002373	55172.22	-28.10
-1.0895	0.018682	-0.002239	55175.22	-28.23
-1.1016	0.018509	-0.002405	55178.22	-28.55
-1.1054	0.018615	-0.002273	55181.22	-28.65
-1.1098	0.018612	-0.002148	55184.22	-28.77
-1.1147	0.018738	-0.001948	55187.22	-28.90
-1.1218	0.018998	-0.002152	55190.22	-29.09
-1.1223	0.018500	-0.002394	55193.22	-29.10
-1.1273	0.018463	-0.002271	55196.22	-29.23
-1.1338	0.018550	-0.002385	55199.22	-29.41
-1.1398	0.018602	-0.002300	55202.22	-29.57
-1.1382	0.018454	-0.002425	55205.22	-29.52
-1.1442	0.018695	-0.002284	55208.22	-29.68
-1.1480	0.018497	-0.001960	55211.22	-29.79
-1.1497	0.018660	-0.002305	55214.22	-29.83
-1.1497	0.018446	-0.002273	55217.22	-29.83
-1.1552	0.018456	-0.002320	55220.22	-29.97
-1.1601	0.018445	-0.002324	55223.22	-30.11
-1.1557	0.018348	-0.002389	55226.22	-29.99
-1.1562	0.018471	-0.002472	55229.22	-30.00
-1.1524	0.018426	-0.002461	55232.22	-29.90
-1.1453	0.018329	-0.002397	55235.22	-29.71
-1.1404	0.018482	-0.002563	55238.22	-29.58
-1.1366	0.018276	-0.002392	55241.22	-29.48
-1.1284	0.018404	-0.002658	55244.22	-29.26
-1.1218	0.018199	-0.002540	55247.22	-29.09
-1.1136	0.018533	-0.002660	55250.22	-28.87
-1.1037	0.018269	-0.002885	55253.22	-28.61
-1.0983	0.018075	-0.002709	55256.22	-28.46
-1.0901	0.018358	-0.002496	55259.22	-28.24
-1.0841	0.018281	-0.002419	55262.22	-28.08
-1.0758	0.018217	-0.002658	55265.22	-27.87
-1.0660	0.018339	-0.002673	55268.22	-27.60
-1.0578	0.018389	-0.002527	55271.22	-27.39
-1.0501	0.018386	-0.002531	55274.22	-27.18
-1.0387	0.018324	-0.002790	55277.22	-26.88
-1.0294	0.018425	-0.002705	55280.22	-26.63
-1.0201	0.018426	-0.002531	55283.22	-26.39
-1.0135	0.018283	-0.002656	55286.22	-26.21
-1.0009	0.018335	-0.002748	55289.22	-25.88
-0.9949	0.018268	-0.002713	55292.22	-25.72
-0.9872	0.018252	-0.002560	55295.22	-25.52
-0.9801	0.018138	-0.002777	55298.22	-25.33
-0.9692	0.018328	-0.002699	55301.22	-25.04
-0.9621	0.018371	-0.002737	55304.22	-24.86
-0.9522	0.018371	-0.002735	55307.22	-24.60
-0.9435	0.018290	-0.002784	55310.22	-24.37
-0.9364	0.018259	-0.002797	55313.22	-24.18
-0.9271	0.018298	-0.002910	55316.22	-23.93
-0.9178	0.018281	-0.002676	55319.22	-23.69
-0.9090	0.018320	-0.002687	55322.22	-23.46
-0.9030	0.018360	-0.002900	55325.22	-23.30
-0.8937	0.018249	-0.002736	55328.22	-23.06
-0.8861	0.018205	-0.002779	55331.22	-22.85
-0.8789	0.018286	-0.002839	55334.22	-22.67
-0.8713	0.018525	-0.002833	55337.22	-22.47
-0.8636	0.018229	-0.002946	55340.22	-22.26
-0.8571	0.018408	-0.002758	55343.22	-22.09
-0.8478	0.018313	-0.003112	55346.22	-21.85
-0.8418	0.018086	-0.002995	55349.22	-21.69
-0.8314	0.018293	-0.003072	55352.22	-21.42
-0.8243	0.018198	-0.002938	55355.22	-21.23
-0.8182	0.018213	-0.002870	55358.22	-21.07
-0.8106	0.018238	-0.002936	55361.22	-20.87
-0.8024	0.018271	-0.002996	55364.22	-20.66
-0.7942	0.018255	-0.002955	55367.22	-20.44
-0.7882	0.018229	-0.002915	55370.22	-20.29
-0.7789	0.018423	-0.003039	55373.22	-20.04
-0.7739	0.018327	-0.002847	55376.22	-19.91
-0.7646	0.018357	-0.002935	55379.22	-19.67
-0.7570	0.018410	-0.003049	55382.22	-19.47
-0.7537	0.018472	-0.003126	55385.22	-19.39
-0.7449	0.018479	-0.002979	55388.22	-19.16
-0.7373	0.018400	-0.003006	55391.22	-18.96
-0.7307	0.018487	-0.002909	55394.22	-18.79
-0.7253	0.018366	-0.003003	55397.22	-18.64
-0.7192	0.018263	-0.002921	55400.22	-18.49
-0.7121	0.018305	-0.003041	55403.22	-18.30
-0.7039	0.018443	-0.003047	55406.22	-18.09
-0.6990	0.018348	-0.002943	55409.22	-17.96
-0.6913	0.018446	-0.002810	55412.22	-17.76
-0.6837	0.018423	-0.002821	55415.22	-17.56
-0.6760	0.018490	-0.002870	55418.22	-17.36
-0.6689	0.018462	-0.002871	55421.22	-17.17
-0.6645	0.018438	-0.002889	55424.22	-17.06
-0.6585	0.018479	-0.003018	55427.22	-16.90
-0.6525	0.018534	-0.003142	55430.22	-16.75
-0.6449	0.018423	-0.003149	55433.22	-16.55
-0.6383	0.018559	-0.003156	55436.22	-16.38
-0.6339	0.018483	-0.003158	55439.22	-16.26
-0.6268	0.018515	-0.002950	55442.22	-16.08
-0.6208	0.018235	-0.003046	55445.22	-15.92
-0.6142	0.018293	-0.003001	55448.22	-15.75
-0.6088	0.018345	-0.003042	55451.22	-15.61
-0.6055	0.018466	-0.002975	55454.22	-15.52
-0.5962	0.018484	-0.003011	55457.22	-15.28
-0.5929	0.018363	-0.003207	55460.22	-15.20
-0.5880	0.018310	-0.003066	55463.22	-15.07
-0.5825	0.018494	-0.003210	55466.22	-14.93
-0.5776	0.018349	-0.003190	55469.22	-14.80
-0.5705	0.018269	-0.003174	55472.22	-14.61
-0.5634	0.018365	-0.003234	55475.22	-14.43
-0.5606	0.018215	-0.003265	55478.22	-14.36
-0.5524	0.018153	-0.003213	55481.22	-14.15
-0.5393	0.018201	-0.003553	55484.22	-13.81
-0.5295	0.018200	-0.003464	55487.22	-13.55
-0.5136	0.018250	-0.003458	55490.22	-13.14
-0.5037	0.018457	-0.003236	55493.22	-12.89
-0.4912	0.018246	-0.003244	55496.22	-12.56
-0.4824	0.018321	-0.003304	55499.22	-12.33
-0.4731	0.018339	-0.003259	55502.22	-12.09
-0.4616	0.018192	-0.003524	55505.22	-11.80
-0.4518	0.018398	-0.003360	55508.22	-11.54
-0.4403	0.018246	-0.003374	55511.22	-11.25
-0.4283	0.018283	-0.003236	55514.22	-10.93
-0.4212	0.018202	-0.003268	55517.22	-10.75
-0.4097	0.018221	-0.003239	55520.22	-10.46
-0.4015	0.018381	-0.003295	55523.22	-10.24
-0.3894	0.018140	-0.003401	55526.22	-9.93
-0.3829	0.018355	-0.003415	55529.22	-9.76
-0.3725	0.018372	-0.003441	55532.22	-9.50
-0.3648	0.018360	-0.003292	55535.22	-9.30
-0.3572	0.018399	-0.003264	55538.22	-9.10
-0.3500	0.018433	-0.003343	55541.22	-8.92
-0.3408	0.018369	-0.003455	55544.22	-8.68
-0.3353	0.018342	-0.003424	55547.22	-8.54
-0.3276	0.018259	-0.003453	55550.22	-8.34
-0.3205	0.018295	-0.003426	55553.22	-8.16
-0.3134	0.018352	-0.003654	55556.22	-7.98
-0.3079	0.018156	-0.003421	55559.22	-7.84
-0.3014	0.018022	-0.003686	55562.22	-7.67
-0.2926	0.018178	-0.003610	55565.22	-7.44
-0.2850	0.018313	-0.003629	55568.22	-7.25
-0.2740	0.018051	-0.003779	55571.22	-6.97
-0.2653	0.018067	-0.003820	55574.22	-6.74
-0.2571	0.018125	-0.003669	55577.22	-6.53
-0.2494	0.017922	-0.003833	55580.22	-6.34
-0.2418	0.018065	-0.003631	55583.22	-6.14
-0.2292	0.018057	-0.003821	55586.22	-5.82
-0.2232	0.018062	-0.003815	55589.22	-5.67
-0.2160	0.017941	-0.003787	55592.22	-5.48
-0.2040	0.018000	-0.003773	55595.22	-5.18
-0.2002	0.017801	-0.004101	55598.22	-5.08
-0.1914	0.017694	-0.004121	55601.22	-4.86
-0.1832	0.017882	-0.004159	55604.22	-4.65
-0.1706	0.017476	-0.004289	55607.22	-4.33
-0.1635	0.017656	-0.004280	55610.22	-4.14
-0.1537	0.017576	-0.004171	55613.22	-3.89
-0.1422	0.017534	-0.004297	55616.22	-3.60
-0.1324	0.017549	-0.004259	55619.22	-3.35
-0.1253	0.017372	-0.004485	55622.22	-3.17
-0.1132	0.017273	-0.004366	55625.22	-2.86
-0.1045	0.017144	-0.004242	55628.22	-2.64
-0.0930	0.017235	-0.004193	55631.22	-2.35
-0.0831	0.017096	-0.004357	55634.22	-2.10
-0.0733	0.017095	-0.004184	55637.22	-1.85
-0.0624	0.017194	-0.004195	55640.22	-1.57
-0.0547	0.017047	-0.004004	55643.22	-1.38
-0.0438	0.017383	-0.003919	55646.22	-1.10
-0.0339	0.017306	-0.003688	55649.22	-0.85
-0.0208	0.017357	-0.003656	55652.22	-0.52
-0.0131	0.017279	-0.003880	55655.22	-0.33
-0.0033	0.017278	-0.003607	55658.22	-0.08
0.0049	0.017306	-0.003642	55661.22	0.12
0.0142	0.017334	-0.003624	55664.22	0.36
0.0235	0.017429	-0.003555	55667.22	0.59
0.0361	0.017381	-0.003510	55670.22	0.91
0.0427	0.017368	-0.003460	55673.22	1.07
0.0492	0.017550	-0.003293	55676.22	1.24
0.0563	0.017418	-0.003272	55679.22	1.41
0.0645	0.017484	-0.003296	55682.22	1.62
0.0706	0.017629	-0.003167	55685.22	1.77
0.0793	0.017510	-0.003234	55688.22	1.99
0.0864	0.017336	-0.003277	55691.22	2.17
0.0935	0.017312	-0.003200	55694.22	2.35
0.0995	0.017268	-0.003240	55697.22	2.50
0.1050	0.017466	-0.003156	55700.22	2.63
0.1105	0.017383	-0.002960	55703.22	2.77
0.1187	0.017401	-0.003001	55706.22	2.98
0.1214	0.017404	-0.002857	55709.22	3.05
0.1269	0.017362	-0.002856	55712.22	3.18
0.1329	0.017253	-0.003195	55715.22	3.33
0.1406	0.017314	-0.002876	55718.22	3.53
0.1422	0.017404	-0.002937	55721.22	3.57
0.1493	0.017223	-0.003096	55724.22	3.75
0.1515	0.017264	-0.003071	55727.22	3.80
0.1581	0.017284	-0.002894	55730.22	3.97
0.1635	0.017275	-0.002810	55733.22	4.10
0.1674	0.017410	-0.002774	55736.22	4.20
0.1717	0.017451	-0.002822	55739.22	4.31
0.1767	0.017637	-0.002934	55742.22	4.43
0.1805	0.017642	-0.002845	55745.22	4.53
0.1832	0.017417	-0.002838	55748.22	4.60
0.1860	0.017239	-0.002862	55751.22	4.67
0.1903	0.017398	-0.002813	55754.22	4.78
0.1969	0.017327	-0.002693	55757.22	4.94
0.2007	0.017255	-0.002622	55760.22	5.04
0.2029	0.017241	-0.002767	55763.22	5.09
0.2106	0.017309	-0.002467	55766.22	5.28
0.2144	0.017280	-0.002421	55769.22	5.38
0.2177	0.017025	-0.002609	55772.22	5.46
0.2221	0.017220	-0.002692	55775.22	5.57
0.2242	0.017316	-0.002437	55778.22	5.63
0.2292	0.017289	-0.002730	55781.22	5.75
0.2325	0.017306	-0.002561	55784.22	5.83
0.2352	0.016958	-0.002583	55787.22	5.90
0.2390	0.016920	-0.002709	55790.22	6.00
0.2418	0.017196	-0.002511	55793.22	6.07
0.2450	0.016802	-0.002482	55796.22	6.15
0.2478	0.017027	-0.002543	55799.22	6.22
0.2521	0.017058	-0.002834	55802.22	6.33
0.2527	0.017173	-0.002453	55805.22	6.34
0.2565	0.017263	-0.002469	55808.22	6.44
0.2587	0.017111	-0.002441	55811.22	6.49
0.2609	0.017161	-0.002486	55814.22	6.55
0.2625	0.017023	-0.002432	55817.22	6.59
0.2647	0.017126	-0.002440	55820.22	6.64
0.2680	0.016805	-0.002462	55823.22	6.72
0.2713	0.017156	-0.002470	55826.22	6.81
0.2707	0.016829	-0.002366	55829.22	6.79
0.2724	0.017051	-0.002564	55832.22	6.83
0.2751	0.017363	-0.002487	55835.22	6.90
0.2768	0.016809	-0.002626	55838.22	6.94
0.2789	0.016793	-0.002836	55841.22	7.00
0.2822	0.016758	-0.002725	55844.22	7.08
0.2888	0.016581	-0.002826	55847.22	7.24
0.2926	0.016646	-0.002501	55850.22	7.34
0.2981	0.016607	-0.002675	55853.22	7.48
0.3074	0.016829	-0.002762	55856.22	7.71
0.3156	0.016786	-0.002643	55859.22	7.92
0.3189	0.016649	-0.002426	55862.22	8.00
0.3287	0.016624	-0.002590	55865.22	8.25
0.3386	0.016868	-0.002548	55868.22	8.49
0.3451	0.016761	-0.002414	55871.22	8.66
0.3544	0.016696	-0.002339	55874.22	8.89
0.3654	0.016673	-0.002266	55877.22	9.16
0.3697	0.016531	-0.002405	55880.22	9.27
0.3763	0.016685	-0.002210	55883.22	9.44
0.3861	0.016627	-0.002193	55886.22	9.68
0.3944	0.016594	-0.002208	55889.22	9.89
0.4020	0.016841	-0.002097	55892.22	10.08
0.4086	0.016495	-0.001975	55895.22	10.25
0.4157	0.016306	-0.002412	55898.22	10.42
0.4239	0.016192	-0.002371	55901.22	10.63
0.4326	0.016217	-0.002025	55904.22	10.85
0.4403	0.016433	-0.002197	55907.22	11.04
0.4518	0.016413	-0.002029	55910.22	11.33
0.4633	0.016582	-0.001712	55913.22	11.62
0.4726	0.016488	-0.001752	55916.22	11.85
0.4824	0.016577	-0.001770	55919.22	12.09
0.4950	0.016695	-0.001592	55922.22	12.41
0.5021	0.016616	-0.001397	55925.22	12.59
0.5136	0.016704	-0.001470	55928.22	12.87
0.5229	0.016559	-0.001224	55931.22	13.11
0.5349	0.016889	-0.001527	55934.22	13.41
0.5442	0.016859	-0.001423	55937.22	13.64
0.5530	0.016581	-0.001263	55940.22	13.86
0.5645	0.016323	-0.001515	55943.22	14.15
0.5732	0.016524	-0.001338	55946.22	14.36
0.5841	0.016603	-0.001288	55949.22	14.64
0.5934	0.016355	-0.001389	55952.22	14.87
0.6016	0.016509	-0.001694	55955.22	15.08
0.6120	0.016115	-0.001601	55958.22	15.33
0.6213	0.016334	-0.001602	55961.22	15.57
0.6339	0.016147	-0.001509	55964.22	15.88
0.6443	0.016125	-0.001413	55967.22	16.14
0.6563	0.016248	-0.001677	55970.22	16.44
0.6673	0.015915	-0.002039	55973.22	16.71
0.6793	0.015793	-0.001769	55976.22	17.01
0.6952	0.016184	-0.001538	55979.22	17.41
0.7094	0.016086	-0.001826	55982.22	17.76
0.7214	0.016158	-0.001585	55985.22	18.06
0.7346	0.016251	-0.001268	55988.22	18.39
0.7499	0.016371	-0.001543	55991.22	18.77
0.7592	0.015928	-0.001485	55994.22	19.00
0.7745	0.016371	-0.002035	55997.22	19.38
0.7882	0.016036	-0.001575	56000.22	19.72
0.7996	0.016048	-0.001927	56003.22	20.01
0.8122	0.015524	-0.001906	56006.22	20.32
0.8243	0.015624	-0.001983	56009.22	20.62
0.8390	0.015643	-0.002231	56012.22	20.99
0.8489	0.015772	-0.002121	56015.22	21.23
0.8620	0.015600	-0.002198	56018.22	21.56
0.8762	0.015432	-0.002195	56021.22	21.91
0.8904	0.015601	-0.002226	56024.22	22.27
0.9025	0.015485	-0.002240	56027.22	22.57
0.9172	0.015094	-0.002587	56030.22	22.93
0.9325	0.014989	-0.002772	56033.22	23.31
0.9473	0.015321	-0.002261	56036.22	23.68
0.9632	0.015369	-0.002752	56039.22	24.07
0.9801	0.014917	-0.002636	56042.22	24.49
0.9960	0.015333	-0.002713	56045.22	24.88
1.0113	0.015665	-0.002664	56048.22	25.26
1.0283	0.015368	-0.002644	56051.22	25.68
1.0436	0.014878	-0.002847	56054.22	26.06
1.0540	0.015223	-0.002761	56057.22	26.32
1.0682	0.015509	-0.003504	56060.22	26.67
1.0819	0.015393	-0.002414	56063.22	27.01
1.0934	0.014466	-0.002939	56066.22	27.29
1.1076	0.015298	-0.002827	56069.22	27.64
1.1180	0.015380	-0.002260	56072.22	27.90
1.1294	0.015457	-0.002907	56075.22	28.18
1.1398	0.015759	-0.002479	56078.22	28.44
1.1519	0.015272	-0.002798	56081.22	28.74
1.1650	0.015377	-0.002789	56084.22	29.06
1.1787	0.015314	-0.002936	56087.22	29.40
1.1891	0.015310	-0.003029	56090.22	29.66
1.2016	0.014796	-0.002443	56093.22	29.97
1.2191	0.015189	-0.002873	56096.22	30.40
1.2317	0.015250	-0.003201	56099.22	30.71
1.2465	0.015866	-0.002998	56102.22	31.07
1.2629	0.015258	-0.002971	56105.22	31.48
1.2777	0.015278	-0.002889	56108.22	31.84
1.2881	0.015403	-0.002307	56111.22	32.09
1.3017	0.015276	-0.002905	56114.22	32.43
1.3176	0.015682	-0.003238	56117.22	32.82
1.3291	0.015653	-0.002998	56120.22	33.10
1.3406	0.015308	-0.002839	56123.22	33.39
1.3526	0.015137	-0.002597	56126.22	33.68
1.3619	0.015203	-0.003549	56129.22	33.91
1.3712	0.015791	-0.003135	56132.22	34.14
1.3805	0.015346	-0.001764	56135.22	34.37
1.3909	0.015712	-0.003493	56138.22	34.62
1.3980	0.015562	-0.003284	56141.22	34.80
1.4089	0.015751	-0.002223	56144.22	35.06
1.4133	0.015718	-0.003091	56147.22	35.17
1.4237	0.015573	-0.003027	56150.22	35.43
1.4308	0.015581	-0.002833	56153.22	35.60
1.4418	0.015231	-0.003617	56156.22	35.87
1.4521	0.015031	-0.003469	56159.22	36.12
1.4636	0.015139	-0.003363	56162.22	36.40
1.4740	0.015316	-0.003014	56165.22	36.66
1.4877	0.015173	-0.003164	56168.22	36.99
1.4992	0.015110	-0.003138	56171.22	37.28
1.5129	0.015530	-0.003143	56174.22	37.61
1.5243	0.015368	-0.003768	56177.22	37.89
1.5364	0.015785	-0.002726	56180.22	38.19
1.5490	0.015921	-0.002480	56183.22	38.49
1.5632	0.015194	-0.003129	56186.22	38.84
1.5747	0.015172	-0.003516	56189.22	39.12
1.5840	0.015313	-0.002959	56192.22	39.35
1.5938	0.015218	-0.002481	56195.22	39.59
1.6075	0.015422	-0.002580	56198.22	39.92
1.6140	0.015376	-0.002940	56201.22	40.08
1.6266	0.015346	-0.003184	56204.22	40.39
1.6359	0.015218	-0.003639	56207.22	40.62
1.6452	0.015160	-0.003379	56210.22	40.85
1.6594	0.014720	-0.003740	56213.22	41.19
1.6709	0.014971	-0.003591	56216.22	41.47
1.6857	0.014883	-0.003733	56219.22	41.83
1.6977	0.015143	-0.003390	56222.22	42.13
1.7109	0.015146	-0.003985	56225.22	42.45
1.7278	0.014828	-0.003783	56228.22	42.86
1.7404	0.014972	-0.003463	56231.22	43.17
1.7546	0.015395	-0.004174	56234.22	43.51
1.7666	0.015369	-0.003251	56237.22	43.81
1.7814	0.015327	-0.003627	56240.22	44.16
1.7913	0.014390	-0.003259	56243.22	44.40
1.8044	0.015571	-0.003472	56246.22	44.72
1.8175	0.015329	-0.003268	56249.22	45.04
1.8274	0.015614	-0.003895	56252.22	45.28
1.8383	0.015432	-0.003385	56255.22	45.55
1.8476	0.014948	-0.003347	56258.22	45.77
1.8558	0.015053	-0.003661	56261.22	45.97
1.8645	0.015431	-0.003268	56264.22	46.19
1.8728	0.015210	-0.003566	56267.22	46.39
1.8766	0.015838	-0.003309	56270.22	46.48
1.8848	0.015384	-0.003628	56273.22	46.68
1.8908	0.015254	-0.003593	56276.22	46.82
1.8974	0.015423	-0.003439	56279.22	46.98
1.9034	0.015858	-0.003795	56282.22	47.13
1.9078	0.014672	-0.003016	56285.22	47.24
1.9132	0.015528	-0.003583	56288.22	47.37
1.9171	0.015346	-0.003513	56291.22	47.46
1.9198	0.015355	-0.003397	56294.22	47.53
1.9214	0.015529	-0.003325	56297.22	47.57
1.9258	0.015492	-0.003604	56300.22	47.67
1.9302	0.015912	-0.003416	56303.22	47.78
1.9307	0.015499	-0.003479	56306.22	47.79
1.9335	0.015771	-0.003829	56309.22	47.86
1.9362	0.015717	-0.003227	56312.22	47.93
1.9362	0.015391	-0.003731	56315.22	47.93
1.9378	0.015327	-0.003569	56318.22	47.97
1.9395	0.014942	-0.003637	56321.22	48.01
1.9406	0.015074	-0.003668	56324.22	48.03
1.9400	0.015512	-0.003399	56327.22	48.02
1.9411	0.015431	-0.003699	56330.22	48.05
1.9400	0.015586	-0.003340	56333.22	48.02
1.9455	0.015295	-0.004486	56336.22	48.15
1.9439	0.015414	-0.003874	56339.22	48.11
1.9466	0.015973	-0.004119	56342.22	48.18
1.9471	0.015628	-0.003694	56345.22	48.19
1.9477	0.015795	-0.002968	56348.22	48.20
1.9510	0.015746	-0.003133	56351.22	48.28
1.9515	0.015278	-0.003325	56354.22	48.30
1.9532	0.015894	-0.003562	56357.22	48.34
1.9526	0.015475	-0.003660	56360.22	48.32
1.9532	0.015326	-0.003846	56363.22	48.34
1.9564	0.015932	-0.003289	56366.22	48.42
1.9532	0.015761	-0.003647	56369.22	48.34
1.9570	0.015621	-0.003800	56372.22	48.43
1.9564	0.015644	-0.003267	56375.22	48.42
1.9559	0.015369	-0.003251	56378.22	48.40
1.9608	0.015275	-0.003031	56381.22	48.52
1.9575	0.015620	-0.003124	56384.22	48.44
1.9614	0.015748	-0.003345	56387.22	48.54
1.9608	0.015310	-0.003516	56390.22	48.52
1.9603	0.015210	-0.003797	56393.22	48.51
1.9625	0.015565	-0.003445	56396.22	48.56
1.9603	0.015558	-0.003140	56399.22	48.51
1.9663	0.015283	-0.003059	56402.22	48.66
1.9630	0.015071	-0.003429	56405.22	48.58
1.9641	0.015270	-0.003659	56408.22	48.60
1.9641	0.015295	-0.003266	56411.22	48.60
1.9679	0.015833	-0.003540	56414.22	48.70
1.9663	0.015635	-0.003806	56417.22	48.66
1.9646	0.015518	-0.003711	56420.22	48.62
1.9685	0.015342	-0.003344	56423.22	48.71
1.9685	0.015602	-0.003403	56426.22	48.71
1.9668	0.015473	-0.003519	56429.22	48.67
1.9668	0.015567	-0.003529	56432.22	48.67
1.9690	0.015501	-0.003122	56435.22	48.72
1.9657	0.015219	-0.003272	56438.22	48.64
1.9674	0.015351	-0.003305	56441.22	48.68
1.9668	0.015413	-0.003471	56444.22	48.67
1.9674	0.015600	-0.003542	56447.22	48.68
1.9690	0.015589	-0.003343	56450.22	48.72
1.9663	0.015194	-0.003694	56453.22	48.66
1.9668	0.015432	-0.003728	56456.22	48.67
1.9685	0.015382	-0.003425	56459.22	48.71
1.9641	0.015503	-0.003436	56462.22	48.60
1.9652	0.015627	-0.003360	56465.22	48.63
1.9674	0.015526	-0.003484	56468.22	48.68
1.9652	0.015705	-0.003215	56471.22	48.63
1.9630	0.015542	-0.003342	56474.22	48.58
1.9641	0.015518	-0.003441	56477.22	48.60
1.9630	0.015694	-0.003601	56480.22	48.58
1.9625	0.015447	-0.003469	56483.22	48.56
1.9635	0.015336	-0.003401	56486.22	48.59
1.9630	0.015491	-0.003497	56489.22	48.58
1.9657	0.015766	-0.003371	56492.22	48.64
1.9635	0.015588	-0.003368	56495.22	48.59
1.9630	0.015485	-0.003344	56498.22	48.58
1.9625	0.015666	-0.003246	56501.22	48.56
1.9652	0.015574	-0.003441	56504.22	48.63
1.9608	0.015438	-0.003291	56507.22	48.52
1.9608	0.015273	-0.003519	56510.22	48.52
1.9614	0.015611	-0.002981	56513.22	48.54
1.9586	0.015748	-0.003045	56516.22	48.47
1.9619	0.015535	-0.003250	56519.22	48.55
1.9597	0.015569	-0.003328	56522.22	48.50
1.9608	0.015553	-0.003477	56525.22	48.52
1.9592	0.015585	-0.003468	56528.22	48.48
1.9570	0.015583	-0.003535	56531.22	48.43
1.9586	0.015756	-0.003453	56534.22	48.47
1.9581	0.015697	-0.003393	56537.22	48.46
1.9575	0.015751	-0.003174	56540.22	48.44
1.9537	0.015681	-0.003257	56543.22	48.35
1.9526	0.015676	-0.003335	56546.22	48.32
1.9526	0.015744	-0.003742	56549.22	48.32
1.9521	0.015399	-0.003269	56552.22	48.31
1.9521	0.015581	-0.003330	56555.22	48.31
1.9515	0.015556	-0.003236	56558.22	48.30
1.9504	0.015744	-0.003327	56561.22	48.27
1.9515	0.015656	-0.003152	56564.22	48.30
1.9542	0.015446	-0.003233	56567.22	48.36
1.9488	0.015557	-0.003316	56570.22	48.23
1.9504	0.015563	-0.003235	56573.22	48.27
1.9499	0.015540	-0.003307	56576.22	48.26
1.9515	0.015617	-0.003709	56579.22	48.30
1.9466	0.015552	-0.003431	56582.22	48.18
1.9482	0.015289	-0.003326	56585.22	48.22
1.9455	0.015677	-0.003648	56588.22	48.15
1.9466	0.015516	-0.003306	56591.22	48.18
1.9482	0.015554	-0.003424	56594.22	48.22
1.9450	0.015277	-0.002968	56597.22	48.14
1.9439	0.015625	-0.003238	56600.22	48.11
1.9422	0.015474	-0.003638	56603.22	48.07
1.9422	0.015569	-0.003274	56606.22	48.07
1.9406	0.015270	-0.003156	56609.22	48.03
1.9422	0.015617	-0.003696	56612.22	48.07
1.9395	0.015433	-0.003289	56615.22	48.01
1.9384	0.015790	-0.003435	56618.22	47.98
1.9395	0.015606	-0.003816	56621.22	48.01
1.9373	0.015336	-0.003753	56624.22	47.95
1.9384	0.015718	-0.003162	56627.22	47.98
1.9346	0.015681	-0.003387	56630.22	47.89
1.9362	0.015528	-0.003193	56633.22	47.93
1.9351	0.015490	-0.003766	56636.22	47.90
1.9335	0.015707	-0.003713	56639.22	47.86
1.9340	0.015331	-0.003484	56642.22	47.87
1.9329	0.015959	-0.003363	56645.22	47.85
1.9296	0.015651	-0.003761	56648.22	47.77
1.9302	0.015579	-0.003937	56651.22	47.78
1.9302	0.015611	-0.003679	56654.22	47.78
1.9291	0.015634	-0.003530	56657.22	47.75
1.9307	0.015495	-0.003434	56660.22	47.79
1.9291	0.015701	-0.003170	56663.22	47.75
1.9296	0.015716	-0.003413	56666.22	47.77
1.9296	0.015954	-0.003479	56669.22	47.77
1.9296	0.015681	-0.003499	56672.22	47.77
1.9274	0.015054	-0.003349	56675.22	47.71
1.9296	0.015940	-0.003154	56678.22	47.77
1.9247	0.015658	-0.003418	56681.22	47.65
1.9264	0.015602	-0.003443	56684.22	47.69
1.9242	0.015660	-0.003037	56687.22	47.63
1.9231	0.015583	-0.003095	56690.22	47.61
1.9236	0.015471	-0.003193	56693.22	47.62
1.9236	0.015728	-0.003322	56696.22	47.62
1.9220	0.015589	-0.003249	56699.22	47.58
1.9203	0.015501	-0.003671	56702.22	47.54
1.9192	0.015685	-0.003339	56705.22	47.51
1.9181	0.016128	-0.003125	56708.22	47.49
1.9160	0.015762	-0.003313	56711.22	47.44
1.9171	0.015503	-0.003299	56714.22	47.46
1.9171	0.015467	-0.003363	56717.22	47.46
1.9176	0.015430	-0.003550	56720.22	47.47
1.9160	0.015612	-0.003599	56723.22	47.44
1.9154	0.015518	-0.003461	56726.22	47.42
1.9127	0.015364	-0.003004	56729.22	47.36
