1.3110	0.015149	-0.001411	62724.23	32.66
1.3105	0.015137	-0.001397	62727.23	32.65
1.3088	0.015341	-0.001348	62730.23	32.61
1.3094	0.015189	-0.001233	62733.23	32.62
1.3094	0.015150	-0.001412	62736.23	32.62
1.3121	0.015264	-0.001438	62739.23	32.69
1.3094	0.015174	-0.001367	62742.23	32.62
1.3094	0.015199	-0.001390	62745.23	32.62
1.3089	0.015156	-0.001497	62748.23	32.61
1.3083	0.015219	-0.001419	62751.23	32.59
1.3072	0.015265	-0.001265	62754.23	32.57
1.3088	0.015208	-0.001355	62757.23	32.61
1.3089	0.015245	-0.001339	62760.23	32.61
1.3088	0.015175	-0.001441	62763.23	32.61
1.3094	0.015037	-0.001596	62766.23	32.62
1.3083	0.015153	-0.001511	62769.23	32.59
1.3099	0.015148	-0.001451	62772.23	32.63
1.3072	0.015224	-0.001482	62775.23	32.57
1.3083	0.015208	-0.001507	62778.23	32.59
1.3072	0.015182	-0.001431	62781.23	32.57
1.3089	0.015119	-0.001250	62784.23	32.61
1.3083	0.015197	-0.001392	62787.23	32.59
1.3078	0.015251	-0.001498	62790.23	32.58
1.3078	0.015093	-0.001380	62793.23	32.58
1.3089	0.015213	-0.001382	62796.23	32.61
1.3094	0.015098	-0.001451	62799.23	32.62
1.3072	0.015187	-0.001466	62802.23	32.57
1.3056	0.015204	-0.001380	62805.23	32.52
1.3067	0.015062	-0.001500	62808.23	32.55
1.3078	0.015259	-0.001426	62811.23	32.58
1.3078	0.015260	-0.001337	62814.23	32.58
1.3072	0.015150	-0.001330	62817.23	32.57
1.3067	0.015143	-0.001435	62820.23	32.55
1.3061	0.015217	-0.001508	62823.23	32.54
1.3067	0.015219	-0.001486	62826.23	32.55
1.3067	0.015130	-0.001345	62829.23	32.55
1.3050	0.015180	-0.001394	62832.23	32.51
1.3061	0.015157	-0.001396	62835.23	32.54
1.3078	0.015168	-0.001395	62838.23	32.58
1.3056	0.015209	-0.001403	62841.23	32.52
1.3078	0.015146	-0.001430	62844.23	32.58
1.3050	0.014973	-0.001389	62847.23	32.51
1.3061	0.015027	-0.001539	62850.23	32.54
1.3078	0.014988	-0.001424	62853.23	32.58
1.3083	0.015041	-0.001501	62856.23	32.59
1.3094	0.014964	-0.001221	62859.23	32.62
1.3110	0.014989	-0.001533	62862.23	32.66
1.3094	0.014980	-0.001486	62865.23	32.62
1.3121	0.014998	-0.001443	62868.23	32.69
1.3110	0.015030	-0.001612	62871.23	32.66
1.3116	0.014970	-0.001498	62874.23	32.67
1.3110	0.014943	-0.001570	62877.23	32.66
1.3116	0.014809	-0.001506	62880.23	32.67
1.3116	0.014978	-0.001542	62883.23	32.67
1.3127	0.014597	-0.001847	62886.23	32.70
1.3132	0.014952	-0.001866	62889.23	32.71
1.3116	0.015043	-0.001793	62892.23	32.67
1.3138	0.014920	-0.001811	62895.23	32.73
1.3121	0.014744	-0.001728	62898.23	32.69
1.3138	0.014732	-0.001806	62901.23	32.73
1.3132	0.015029	-0.001644	62904.23	32.71
1.3127	0.014896	-0.001866	62907.23	32.70
1.3138	0.014864	-0.001894	62910.23	32.73
1.3116	0.014858	-0.001864	62913.23	32.67
1.3138	0.014959	-0.001773	62916.23	32.73
1.3143	0.014942	-0.001924	62919.23	32.74
1.3149	0.014886	-0.001897	62922.23	32.75
1.3116	0.014895	-0.001883	62925.23	32.67
1.3127	0.014936	-0.001961	62928.23	32.70
1.3116	0.014749	-0.001883	62931.23	32.67
1.3116	0.014942	-0.001926	62934.23	32.67
1.3110	0.014901	-0.001921	62937.23	32.66
1.3132	0.014911	-0.001852	62940.23	32.71
1.3127	0.014837	-0.001952	62943.23	32.70
1.3127	0.014939	-0.001829	62946.23	32.70
1.3121	0.014981	-0.001953	62949.23	32.69
1.3132	0.014839	-0.001944	62952.23	32.71
1.3138	0.015080	-0.002019	62955.23	32.73
1.3127	0.014883	-0.001998	62958.23	32.70
1.3138	0.014945	-0.002050	62961.23	32.73
1.3138	0.015052	-0.002066	62964.23	32.73
1.3143	0.014864	-0.002151	62967.23	32.74
1.3149	0.014870	-0.002015	62970.23	32.75
1.3154	0.015050	-0.002077	62973.23	32.77
1.3154	0.014875	-0.002179	62976.23	32.77
1.3171	0.014991	-0.002239	62979.23	32.81
1.3149	0.014969	-0.002185	62982.23	32.75
1.3176	0.015201	-0.002275	62985.23	32.82
1.3165	0.015058	-0.002313	62988.23	32.79
1.3181	0.015098	-0.002179	62991.23	32.83
1.3171	0.015164	-0.002048	62994.23	32.81
1.3121	0.015421	-0.002152	62997.23	32.69
1.3083	0.015462	-0.002002	63000.23	32.59
1.3028	0.015571	-0.001987	63003.23	32.46
1.3006	0.015688	-0.001968	63006.23	32.40
1.2979	0.015630	-0.001790	63009.23	32.34
1.2946	0.015559	-0.001705	63012.23	32.26
1.2913	0.015665	-0.001667	63015.23	32.17
1.2903	0.015610	-0.001649	63018.23	32.15
1.2881	0.015655	-0.001707	63021.23	32.09
1.2853	0.015631	-0.001506	63024.23	32.03
1.2831	0.015654	-0.001614	63027.23	31.97
1.2826	0.015727	-0.001709	63030.23	31.96
1.2782	0.015729	-0.001527	63033.23	31.85
1.2771	0.015815	-0.001403	63036.23	31.83
1.2777	0.015812	-0.001425	63039.23	31.84
1.2760	0.015799	-0.001467	63042.23	31.80
1.2744	0.015841	-0.001369	63045.23	31.76
1.2733	0.015815	-0.001489	63048.23	31.73
1.2706	0.015714	-0.001479	63051.23	31.66
1.2700	0.015745	-0.001288	63054.23	31.65
1.2678	0.015682	-0.001273	63057.23	31.60
1.2684	0.015840	-0.001368	63060.23	31.61
1.2678	0.015842	-0.001289	63063.23	31.60
1.2662	0.015621	-0.001382	63066.23	31.56
1.2645	0.015769	-0.001352	63069.23	31.52
1.2656	0.015683	-0.001126	63072.23	31.54
1.2624	0.015623	-0.001127	63075.23	31.46
1.2613	0.015681	-0.001187	63078.23	31.43
1.2596	0.015679	-0.001055	63081.23	31.39
1.2596	0.015522	-0.001208	63084.23	31.39
1.2580	0.015639	-0.001287	63087.23	31.35
1.2591	0.015589	-0.001460	63090.23	31.38
1.2580	0.015488	-0.001439	63093.23	31.35
1.2596	0.015313	-0.001416	63096.23	31.39
1.2574	0.015498	-0.001449	63099.23	31.34
1.2580	0.015547	-0.001419	63102.23	31.35
1.2569	0.015627	-0.001371	63105.23	31.33
1.2569	0.015528	-0.001432	63108.23	31.33
1.2580	0.015544	-0.001368	63111.23	31.35
1.2580	0.015412	-0.001475	63114.23	31.35
1.2607	0.015532	-0.001534	63117.23	31.42
1.2596	0.015447	-0.001512	63120.23	31.39
1.2618	0.015463	-0.001603	63123.23	31.45
1.2613	0.015531	-0.001525	63126.23	31.43
1.2602	0.015482	-0.001607	63129.23	31.41
1.2607	0.015413	-0.001588	63132.23	31.42
1.2629	0.015358	-0.001593	63135.23	31.48
1.2624	0.015317	-0.001609	63138.23	31.46
1.2635	0.015412	-0.001624	63141.23	31.49
1.2613	0.015424	-0.001610	63144.23	31.43
1.2624	0.015330	-0.001627	63147.23	31.46
1.2624	0.015350	-0.001619	63150.23	31.46
1.2607	0.015399	-0.001708	63153.23	31.42
1.2640	0.015552	-0.001639	63156.23	31.50
1.2629	0.015468	-0.001663	63159.23	31.48
1.2618	0.015443	-0.001731	63162.23	31.45
1.2629	0.015405	-0.001598	63165.23	31.48
1.2635	0.015392	-0.001464	63168.23	31.49
1.2651	0.015426	-0.001398	63171.23	31.53
1.2640	0.015434	-0.001368	63174.23	31.50
1.2651	0.015376	-0.001540	63177.23	31.53
1.2645	0.015427	-0.001432	63180.23	31.52
1.2640	0.015435	-0.001541	63183.23	31.50
1.2656	0.015473	-0.001581	63186.23	31.54
1.2678	0.015433	-0.001765	63189.23	31.60
1.2662	0.015392	-0.001595	63192.23	31.56
1.2656	0.015284	-0.001559	63195.23	31.54
1.2673	0.015352	-0.001611	63198.23	31.58
1.2662	0.015349	-0.001609	63201.23	31.56
1.2706	0.015174	-0.001784	63204.23	31.66
1.2722	0.015441	-0.001832	63207.23	31.70
1.2749	0.015121	-0.001679	63210.23	31.77
1.2738	0.015092	-0.001969	63213.23	31.74
1.2744	0.015034	-0.002074	63216.23	31.76
1.2755	0.015015	-0.001892	63219.23	31.78
1.2782	0.015015	-0.001855	63222.23	31.85
1.2771	0.015064	-0.001828	63225.23	31.83
1.2810	0.014906	-0.002013	63228.23	31.92
1.2810	0.014879	-0.001977	63231.23	31.92
1.2826	0.014939	-0.002168	63234.23	31.96
1.2826	0.015302	-0.002305	63237.23	31.96
1.2837	0.015644	-0.002311	63240.23	31.99
1.2848	0.015643	-0.002343	63243.23	32.01
1.2859	0.016209	-0.002211	63246.23	32.04
1.2848	0.016061	-0.002159	63249.23	32.01
1.2864	0.016128	-0.002181	63252.23	32.05
1.2886	0.016083	-0.002357	63255.23	32.11
1.2881	0.016122	-0.002252	63258.23	32.09
1.2859	0.016033	-0.002353	63261.23	32.04
1.2875	0.016129	-0.002407	63264.23	32.08
1.2886	0.016037	-0.002305	63267.23	32.11
1.2870	0.016020	-0.002365	63270.23	32.07
1.2903	0.016062	-0.002439	63273.23	32.15
1.2886	0.016067	-0.002519	63276.23	32.11
1.2892	0.015940	-0.002502	63279.23	32.12
1.2897	0.015888	-0.002456	63282.23	32.13
1.2913	0.015996	-0.002449	63285.23	32.17
1.2913	0.015906	-0.002608	63288.23	32.17
1.2897	0.015964	-0.002616	63291.23	32.13
1.2930	0.016036	-0.002712	63294.23	32.22
1.2930	0.015988	-0.002452	63297.23	32.22
1.2913	0.015813	-0.002496	63300.23	32.17
1.2924	0.016039	-0.002517	63303.23	32.20
1.2924	0.016098	-0.002455	63306.23	32.20
1.2930	0.016315	-0.002538	63309.23	32.22
1.2908	0.016073	-0.002393	63312.23	32.16
1.2919	0.016286	-0.002391	63315.23	32.19
1.2930	0.016394	-0.002480	63318.23	32.22
1.2924	0.016335	-0.002368	63321.23	32.20
1.2930	0.016316	-0.002377	63324.23	32.22
1.2935	0.016365	-0.002433	63327.23	32.23
1.2935	0.016247	-0.002357	63330.23	32.23
1.2924	0.016358	-0.002472	63333.23	32.20
1.2930	0.016407	-0.002485	63336.23	32.22
1.2941	0.016409	-0.002549	63339.23	32.24
1.2935	0.016475	-0.002602	63342.23	32.23
1.2924	0.016294	-0.002754	63345.23	32.20
1.2935	0.016164	-0.002804	63348.23	32.23
1.2870	0.016292	-0.002681	63351.23	32.07
1.2826	0.016340	-0.002492	63354.23	31.96
1.2777	0.016292	-0.002679	63357.23	31.84
1.2733	0.016250	-0.002428	63360.23	31.73
1.2706	0.016083	-0.002450	63363.23	31.66
1.2667	0.016159	-0.002340	63366.23	31.57
1.2673	0.016224	-0.002399	63369.23	31.58
1.2624	0.016171	-0.002044	63372.23	31.46
1.2602	0.016333	-0.002035	63375.23	31.41
1.2591	0.016563	-0.001914	63378.23	31.38
1.2558	0.016482	-0.001900	63381.23	31.30
1.2536	0.016235	-0.001962	63384.23	31.25
1.2525	0.016210	-0.002000	63387.23	31.22
1.2492	0.016222	-0.001750	63390.23	31.14
1.2492	0.016180	-0.001798	63393.23	31.14
1.2476	0.016285	-0.001843	63396.23	31.10
1.2443	0.016057	-0.001795	63399.23	31.02
1.2438	0.016175	-0.001734	63402.23	31.00
1.2421	0.016205	-0.001718	63405.23	30.96
1.2405	0.016141	-0.001638	63408.23	30.92
1.2405	0.016190	-0.001741	63411.23	30.92
1.2388	0.016157	-0.001829	63414.23	30.88
1.2383	0.016266	-0.001701	63417.23	30.87
1.2377	0.016100	-0.001509	63420.23	30.86
1.2367	0.016326	-0.001683	63423.23	30.83
1.2361	0.016261	-0.001657	63426.23	30.82
1.2350	0.016293	-0.001703	63429.23	30.79
1.2339	0.016233	-0.001603	63432.23	30.76
1.2306	0.016371	-0.001553	63435.23	30.68
1.2317	0.016411	-0.001691	63438.23	30.71
1.2290	0.016344	-0.001858	63441.23	30.64
1.2290	0.016542	-0.001856	63444.23	30.64
1.2274	0.016638	-0.002087	63447.23	30.60
1.2279	0.016961	-0.001928	63450.23	30.61
1.2279	0.016969	-0.001926	63453.23	30.61
1.2268	0.017059	-0.001800	63456.23	30.59
1.2246	0.017136	-0.001907	63459.23	30.53
1.2235	0.017028	-0.001765	63462.23	30.51
1.2235	0.017197	-0.001808	63465.23	30.51
1.2241	0.017117	-0.001800	63468.23	30.52
1.2235	0.017041	-0.001784	63471.23	30.51
1.2208	0.017169	-0.001836	63474.23	30.44
1.2219	0.017043	-0.001816	63477.23	30.46
1.2213	0.017002	-0.001883	63480.23	30.45
1.2197	0.017021	-0.001793	63483.23	30.41
1.2191	0.017018	-0.001968	63486.23	30.40
1.2202	0.016811	-0.001930	63489.23	30.42
1.2175	0.016912	-0.001960	63492.23	30.36
1.2159	0.016824	-0.002002	63495.23	30.32
1.2175	0.016819	-0.002184	63498.23	30.36
1.2181	0.016789	-0.002142	63501.23	30.37
1.2186	0.016807	-0.002240	63504.23	30.38
1.2208	0.016765	-0.002122	63507.23	30.44
1.2224	0.016820	-0.002102	63510.23	30.48
1.2224	0.016879	-0.002085	63513.23	30.48
1.2230	0.016807	-0.002108	63516.23	30.49
1.2230	0.016910	-0.001836	63519.23	30.49
1.2241	0.016746	-0.001901	63522.23	30.52
1.2235	0.016737	-0.002117	63525.23	30.51
1.2263	0.016630	-0.002047	63528.23	30.57
1.2257	0.016863	-0.002186	63531.23	30.56
1.2263	0.016738	-0.002233	63534.23	30.57
1.2268	0.016807	-0.001974	63537.23	30.59
1.2257	0.016676	-0.002154	63540.23	30.56
1.2252	0.016490	-0.002131	63543.23	30.55
1.2241	0.016815	-0.002091	63546.23	30.52
1.2252	0.016669	-0.002170	63549.23	30.55
1.2257	0.016983	-0.001968	63552.23	30.56
1.2279	0.017019	-0.002086	63555.23	30.61
1.2263	0.016819	-0.002181	63558.23	30.57
1.2268	0.016851	-0.002145	63561.23	30.59
1.2274	0.016847	-0.001972	63564.23	30.60
1.2306	0.016860	-0.002075	63567.23	30.68
1.2268	0.016825	-0.002028	63570.23	30.59
1.2301	0.016835	-0.002042	63573.23	30.67
1.2290	0.017048	-0.001987	63576.23	30.64
1.2295	0.016824	-0.002081	63579.23	30.65
1.2290	0.016826	-0.001861	63582.23	30.64
1.2306	0.016868	-0.002044	63585.23	30.68
1.2328	0.016884	-0.001914	63588.23	30.73
1.2312	0.016747	-0.001986	63591.23	30.69
1.2345	0.016976	-0.001964	63594.23	30.77
1.2328	0.016791	-0.002077	63597.23	30.73
1.2345	0.016834	-0.002135	63600.23	30.77
1.2367	0.016757	-0.002063	63603.23	30.83
1.2394	0.016754	-0.002150	63606.23	30.90
1.2394	0.016814	-0.002094	63609.23	30.90
1.2421	0.016942	-0.002020	63612.23	30.96
1.2427	0.016901	-0.002140	63615.23	30.98
1.2443	0.016913	-0.002206	63618.23	31.02
1.2449	0.016839	-0.002114	63621.23	31.03
1.2481	0.016813	-0.002159	63624.23	31.11
1.2465	0.016847	-0.002106	63627.23	31.07
1.2492	0.016764	-0.002098	63630.23	31.14
1.2476	0.016846	-0.002190	63633.23	31.10
1.2481	0.017050	-0.002066	63636.23	31.11
1.2509	0.016832	-0.002059	63639.23	31.18
1.2509	0.016933	-0.002189	63642.23	31.18
1.2509	0.017022	-0.002161	63645.23	31.18
1.2520	0.017015	-0.002296	63648.23	31.21
1.2520	0.016964	-0.002411	63651.23	31.21
1.2531	0.016806	-0.002438	63654.23	31.23
1.2547	0.016814	-0.002290	63657.23	31.27
1.2558	0.016646	-0.002610	63660.23	31.30
1.2542	0.016737	-0.002587	63663.23	31.26
1.2552	0.016831	-0.002438	63666.23	31.29
1.2574	0.016914	-0.002359	63669.23	31.34
1.2558	0.016865	-0.002342	63672.23	31.30
1.2547	0.016977	-0.002262	63675.23	31.27
1.2542	0.017014	-0.002217	63678.23	31.26
1.2580	0.017057	-0.002285	63681.23	31.35
1.2574	0.017098	-0.002198	63684.23	31.34
1.2569	0.016954	-0.002269	63687.23	31.33
1.2580	0.017035	-0.002206	63690.23	31.35
1.2591	0.017086	-0.002335	63693.23	31.38
1.2585	0.017063	-0.002387	63696.23	31.37
1.2596	0.017109	-0.002332	63699.23	31.39
1.2574	0.017141	-0.002826	63702.23	31.34
1.2613	0.016118	-0.003678	63705.23	31.43
1.2613	0.015568	-0.003949	63708.23	31.43
1.2656	0.015400	-0.004207	63711.23	31.54
1.2651	0.015647	-0.003904	63714.23	31.53
1.2673	0.015858	-0.003850	63717.23	31.58
1.2706	0.015254	-0.004924	63720.23	31.66
1.2689	0.014457	-0.005065	63723.23	31.62
1.2706	0.014763	-0.004848	63726.23	31.66
1.2700	0.015197	-0.004414	63729.23	31.65
1.2727	0.015298	-0.004255	63732.23	31.72
1.2717	0.015907	-0.003902	63735.23	31.69
1.2722	0.016100	-0.003442	63738.23	31.70
1.2744	0.016225	-0.003439	63741.23	31.76
1.2728	0.016365	-0.003665	63744.23	31.72
1.2766	0.015856	-0.004044	63747.23	31.81
1.2766	0.015746	-0.004130	63750.23	31.81
1.2777	0.015386	-0.004485	63753.23	31.84
1.2793	0.014503	-0.005915	63756.23	31.88
1.2837	0.012318	-0.007360	63759.23	31.99
1.2842	0.013960	-0.005569	63762.23	32.00
1.2892	0.011431	-0.009459	63765.23	32.12
1.2881	0.011293	-0.008086	63768.23	32.09
1.2919	0.009188	-0.012244	63771.23	32.19
1.2985	0.005633	-0.015078	63774.23	32.35
1.3056	0.003301	-0.017417	63777.23	32.52
1.3072	0.001601	-0.018733	63780.23	32.57
1.3121	0.000564	-0.019860	63783.23	32.69
1.3165	-0.000317	-0.020774	63786.23	32.79
1.3214	-0.001521	-0.021463	63789.23	32.91
1.3165	0.002422	-0.014894	63792.23	32.79
1.3083	0.008650	-0.010246	63795.23	32.59
1.3012	0.011428	-0.008061	63798.23	32.42
1.2941	0.012705	-0.007108	63801.23	32.24
1.2919	0.013392	-0.006895	63804.23	32.19
1.2941	0.009930	-0.011026	63807.23	32.24
1.2957	0.006141	-0.014577	63810.23	32.28
1.3001	0.003570	-0.016646	63813.23	32.39
1.3061	0.001942	-0.018385	63816.23	32.54
1.3083	0.000410	-0.019579	63819.23	32.59
1.3105	-0.000722	-0.020849	63822.23	32.65
1.3105	-0.001400	-0.020890	63825.23	32.65
1.3127	-0.001527	-0.021397	63828.23	32.70
1.3138	-0.002543	-0.021969	63831.23	32.73
1.3203	-0.002927	-0.022667	63834.23	32.89
1.3214	-0.003058	-0.022765	63837.23	32.91
1.3253	-0.003508	-0.023329	63840.23	33.01
1.3296	-0.004626	-0.024452	63843.23	33.12
1.3318	-0.004826	-0.024141	63846.23	33.17
1.3378	-0.004595	-0.024077	63849.23	33.32
1.3406	-0.004546	-0.022002	63852.23	33.39
1.3324	0.002858	-0.014325	63855.23	33.18
1.3236	0.008142	-0.011087	63858.23	32.97
1.3258	0.006039	-0.014167	63861.23	33.02
1.3247	0.003369	-0.016835	63864.23	33.00
1.3291	0.001248	-0.018621	63867.23	33.10
1.3324	0.000152	-0.019417	63870.23	33.18
1.3395	-0.001386	-0.020958	63873.23	33.36
1.3406	-0.002251	-0.021739	63876.23	33.39
1.3439	-0.001559	-0.020320	63879.23	33.47
1.3439	-0.001421	-0.020473	63882.23	33.47
1.3477	-0.001566	-0.021432	63885.23	33.56
1.3471	-0.002064	-0.020142	63888.23	33.55
1.3477	0.000376	-0.018957	63891.23	33.56
1.3477	-0.000204	-0.019554	63894.23	33.56
1.3466	-0.002568	-0.022865	63897.23	33.53
1.3488	-0.005277	-0.025025	63900.23	33.59
1.3521	-0.007378	-0.027053	63903.23	33.67
1.3553	-0.008703	-0.028371	63906.23	33.75
1.3575	-0.010159	-0.029661	63909.23	33.80
1.3586	-0.010826	-0.030451	63912.23	33.83
1.3630	-0.011578	-0.030818	63915.23	33.94
1.3630	-0.011874	-0.030695	63918.23	33.94
1.3635	-0.011097	-0.030115	63921.23	33.95
1.3668	-0.011089	-0.030497	63924.23	34.03
1.3685	-0.011875	-0.030794	63927.23	34.07
1.3701	-0.012455	-0.031659	63930.23	34.11
1.3712	-0.012793	-0.031770	63933.23	34.14
1.3734	-0.013008	-0.032115	63936.23	34.19
1.3745	-0.013131	-0.032189	63939.23	34.22
1.3778	-0.013258	-0.032424	63942.23	34.30
1.3772	-0.013340	-0.032531	63945.23	34.29
1.3810	-0.013975	-0.032791	63948.23	34.38
1.3827	-0.014180	-0.033071	63951.23	34.42
1.3871	-0.014202	-0.032945	63954.23	34.53
1.3882	-0.014112	-0.032980	63957.23	34.55
1.3909	-0.012078	-0.029953	63960.23	34.62
1.3898	-0.010113	-0.027677	63963.23	34.59
1.3898	-0.005293	-0.023218	63966.23	34.59
1.3909	-0.001595	-0.019726	63969.23	34.62
1.3909	0.000770	-0.017978	63972.23	34.62
1.3920	0.001639	-0.017092	63975.23	34.65
1.3882	0.002111	-0.016834	63978.23	34.55
1.3876	0.002162	-0.016766	63981.23	34.54
1.3887	0.001990	-0.017034	63984.23	34.57
1.3887	0.002041	-0.016977	63987.23	34.57
1.3898	0.001913	-0.017040	63990.23	34.59
1.3942	0.002577	-0.016547	63993.23	34.70
1.3975	0.002517	-0.016464	63996.23	34.78
1.4029	0.002842	-0.016049	63999.23	34.92
1.4024	0.003349	-0.015748	64002.23	34.90
1.4078	0.003102	-0.015719	64005.23	35.04
1.4128	0.003140	-0.015934	64008.23	35.16
1.4166	0.003352	-0.015477	64011.23	35.25
1.4193	0.003564	-0.015727	64014.23	35.32
1.4226	0.003408	-0.015655	64017.23	35.40
1.4243	0.003456	-0.015735	64020.23	35.44
1.4259	0.003251	-0.016007	64023.23	35.48
1.4270	0.002826	-0.016758	64026.23	35.51
1.4292	0.002206	-0.017078	64029.23	35.56
1.4346	0.001761	-0.017447	64032.23	35.69
1.4357	0.001514	-0.017969	64035.23	35.72
1.4385	0.000871	-0.018238	64038.23	35.79
1.4412	0.001039	-0.018256	64041.23	35.86
1.4450	0.001001	-0.018510	64044.23	35.95
1.4456	0.000492	-0.018743	64047.23	35.96
1.4500	0.000700	-0.018694	64050.23	36.07
1.4516	0.000336	-0.018942	64053.23	36.11
1.4560	0.000205	-0.019042	64056.23	36.22
1.4576	0.000102	-0.019010	64059.23	36.26
1.4587	0.000146	-0.019149	64062.23	36.28
1.4625	-0.000174	-0.019123	64065.23	36.38
1.4642	-0.000162	-0.019093	64068.23	36.42
1.4664	-0.000090	-0.019344	64071.23	36.47
1.4702	-0.000715	-0.019920	64074.23	36.57
1.4735	-0.001468	-0.020605	64077.23	36.65
1.4806	-0.001866	-0.021202	64080.23	36.82
1.4844	-0.002301	-0.021537	64083.23	36.91
1.4904	-0.002544	-0.021830	64086.23	37.06
1.4932	-0.002941	-0.022175	64089.23	37.13
1.4986	-0.003183	-0.022267	64092.23	37.26
1.4981	-0.002486	-0.021145	64095.23	37.25
1.4981	-0.001579	-0.020721	64098.23	37.25
1.4866	0.002155	-0.014683	64101.23	36.97
1.4680	0.009573	-0.008032	64104.23	36.51
1.4543	0.014026	-0.004238	64107.23	36.18
1.4407	0.016548	-0.002278	64110.23	35.84
1.4286	0.017837	-0.001215	64113.23	35.55
1.4199	0.018577	-0.000700	64116.23	35.33
1.4095	0.018941	-0.000642	64119.23	35.08
1.3996	0.019006	-0.000253	64122.23	34.84
1.3931	0.019108	-0.000333	64125.23	34.67
1.3876	0.018869	-0.000558	64128.23	34.54
1.3816	0.019041	-0.000382	64131.23	34.39
1.3739	0.018960	-0.000613	64134.23	34.20
1.3668	0.018870	-0.000673	64137.23	34.03
1.3608	0.018910	-0.000715	64140.23	33.88
1.3559	0.018668	-0.000803	64143.23	33.76
1.3515	0.018649	-0.000910	64146.23	33.65
1.3471	0.018401	-0.000964	64149.23	33.55
1.3406	0.018266	-0.001155	64152.23	33.39
1.3362	0.018415	-0.001168	64155.23	33.28
1.3329	0.018188	-0.001328	64158.23	33.20
1.3307	0.018174	-0.001519	64161.23	33.14
1.3258	0.018153	-0.001251	64164.23	33.02
1.3203	0.018216	-0.001331	64167.23	32.89
1.3187	0.017826	-0.002361	64170.23	32.85
1.3165	0.017140	-0.002445	64173.23	32.79
1.3171	0.017225	-0.002450	64176.23	32.81
1.3105	0.016623	-0.003336	64179.23	32.65
1.3132	0.015012	-0.004925	64182.23	32.71
1.3116	0.015519	-0.004026	64185.23	32.67
1.3078	0.015387	-0.003737	64188.23	32.58
1.3061	0.015419	-0.004221	64191.23	32.54
1.3056	0.014948	-0.004697	64194.23	32.52
1.3061	0.014671	-0.004862	64197.23	32.54
1.3034	0.015102	-0.004782	64200.23	32.47
1.3023	0.015354	-0.004364	64203.23	32.44
1.3012	0.015355	-0.004753	64206.23	32.42
1.3006	0.014106	-0.005858	64209.23	32.40
1.3056	0.010937	-0.011793	64212.23	32.52
1.3154	0.002785	-0.018706	64215.23	32.77
1.3242	-0.001363	-0.022470	64218.23	32.98
1.3367	-0.005649	-0.026514	64221.23	33.29
1.3493	-0.008127	-0.029140	64224.23	33.60
1.3619	-0.009956	-0.030807	64227.23	33.91
1.3712	-0.021259	-0.018521	64230.23	34.14
1.3592	-0.007899	-0.006575	64233.23	33.84
1.3499	-0.000524	0.000135	64236.23	33.61
1.3400	0.004257	0.003290	64239.23	33.37
1.3318	0.006428	0.005075	64242.23	33.17
1.3269	0.007362	0.005949	64245.23	33.05
1.3225	0.008035	0.006477	64248.23	32.94
1.3192	0.008221	0.006785	64251.23	32.86
1.3127	0.008481	0.006899	64254.23	32.70
1.3089	0.008341	0.007006	64257.23	32.61
1.3050	0.008612	0.007112	64260.23	32.51
1.3023	0.018309	-0.002055	64263.23	32.44
1.3006	0.018179	-0.002300	64266.23	32.40
1.3001	0.017792	-0.002300	64269.23	32.39
1.2935	0.018132	-0.002237	64272.23	32.23
1.2935	0.017577	-0.008237	64275.23	32.23
1.2924	0.017046	0.004996	64278.23	32.20
1.2881	0.017558	-0.002740	64281.23	32.09
1.2864	0.007954	0.006666	64284.23	32.05
1.2826	0.008311	0.006917	64287.23	31.96
1.2804	0.008525	0.007141	64290.23	31.91
1.2788	0.008721	0.007064	64293.23	31.87
1.2788	0.008716	0.007122	64296.23	31.87
1.2755	0.008827	0.007109	64299.23	31.78
1.2722	0.008599	0.007043	64302.23	31.70
1.2700	0.008769	0.007394	64305.23	31.65
1.2596	0.008518	0.006911	64308.23	31.39
1.2547	0.008325	0.006770	64311.23	31.27
1.2443	0.008250	0.006802	64314.23	31.02
1.2399	0.008267	0.006694	64317.23	30.91
1.2361	0.008163	0.006457	64320.23	30.82
1.2312	0.008204	0.006574	64323.23	30.69
1.2246	0.008152	0.006496	64326.23	30.53
1.2213	0.008110	0.006678	64329.23	30.45
1.2186	0.007987	0.006484	64332.23	30.38
1.2164	0.007981	0.006500	64335.23	30.33
1.2142	0.007908	0.006260	64338.23	30.28
1.2082	0.017601	-0.003063	64341.23	30.13
1.2082	0.016354	-0.004011	64344.23	30.13
1.2060	0.015966	-0.004768	64347.23	30.07
1.2044	0.015267	-0.004806	64350.23	30.03
1.2038	0.015604	-0.004579	64353.23	30.02
1.2016	0.014891	-0.005609	64356.23	29.97
1.1989	0.013985	0.002684	64359.23	29.90
1.2006	0.014580	-0.005321	64362.23	29.94
1.1984	0.014646	-0.005398	64365.23	29.89
1.1973	0.014742	-0.005083	64368.23	29.86
1.1962	0.015521	-0.004197	64371.23	29.83
1.1924	0.016036	-0.003876	64374.23	29.74
1.1923	0.015890	-0.004413	64377.23	29.74
1.1924	0.015353	-0.004713	64380.23	29.74
1.1869	0.015329	-0.004602	64383.23	29.60
1.1885	0.015759	-0.004356	64386.23	29.64
1.1863	0.015101	-0.005021	64389.23	29.59
1.1874	0.014840	-0.005080	64392.23	29.62
1.1885	0.014908	-0.004879	64395.23	29.64
1.1869	0.015417	-0.004444	64398.23	29.60
1.1863	0.015152	-0.004710	64401.23	29.59
1.1852	0.015454	-0.004252	64404.23	29.56
1.1841	0.015011	-0.005143	64407.23	29.53
1.1852	0.014368	-0.005744	64410.23	29.56
1.1841	0.013653	-0.006205	64413.23	29.53
1.1820	0.013240	-0.006707	64416.23	29.48
1.1841	0.013196	-0.006157	64419.23	29.53
1.1825	0.013958	-0.005584	64422.23	29.49
1.1836	0.014341	-0.005262	64425.23	29.52
1.1841	0.014033	-0.005365	64428.23	29.53
1.1809	0.015056	-0.004484	64431.23	29.45
1.1803	0.015702	0.004426	64434.23	29.44
1.1792	0.015474	-0.003870	64437.23	29.41
1.1781	0.014215	-0.005694	64440.23	29.39
1.1825	0.013573	-0.006220	64443.23	29.49
1.1803	0.012026	0.002358	64446.23	29.44
1.1803	0.013540	-0.005638	64449.23	29.44
1.1792	0.014492	0.003938	64452.23	29.41
1.1803	0.014763	-0.004450	64455.23	29.44
1.1781	0.015431	-0.003819	64458.23	29.39
1.1765	0.015328	-0.004655	64461.23	29.35
1.1765	0.014384	-0.005060	64464.23	29.35
1.1754	0.012671	0.001828	64467.23	29.32
1.1781	0.012729	-0.006338	64470.23	29.39
1.1759	0.013904	-0.005053	64473.23	29.33
1.1770	0.014262	-0.005324	64476.23	29.36
1.1781	0.013827	-0.005573	64479.23	29.39
1.1748	0.013936	-0.005122	64482.23	29.31
1.1765	0.014474	-0.004516	64485.23	29.35
1.1732	0.015089	-0.003867	64488.23	29.26
1.1738	0.015141	-0.004016	64491.23	29.28
1.1727	0.014950	-0.004276	64494.23	29.25
1.1721	0.014906	-0.003971	64497.23	29.24
1.1727	0.015187	-0.003655	64500.23	29.25
1.1694	0.015574	-0.003377	64503.23	29.17
1.1666	0.015714	-0.003052	64506.23	29.10
1.1661	0.016029	-0.002737	64509.23	29.09
1.1666	0.016040	-0.003081	64512.23	29.10
1.1639	0.015918	-0.003072	64515.23	29.04
1.1612	0.015832	-0.003039	64518.23	28.97
1.1628	0.016002	-0.002859	64521.23	29.01
1.1634	0.015928	-0.003004	64524.23	29.02
1.1590	0.015910	-0.003048	64527.23	28.91
1.1595	0.015878	-0.002986	64530.23	28.93
1.1590	0.015919	-0.003260	64533.23	28.91
1.1573	0.015792	-0.003095	64536.23	28.87
1.1590	0.015764	-0.003076	64539.23	28.91
1.1562	0.016043	-0.003062	64542.23	28.85
1.1557	0.015810	-0.002943	64545.23	28.83
1.1573	0.015757	-0.002991	64548.23	28.87
1.1562	0.015728	-0.003096	64551.23	28.85
1.1562	0.015657	-0.003076	64554.23	28.85
1.1568	0.015712	-0.003090	64557.23	28.86
1.1568	0.015680	-0.003118	64560.23	28.86
1.1579	0.015660	-0.003205	64563.23	28.89
1.1617	0.015581	-0.003133	64566.23	28.98
1.1595	0.015593	-0.003253	64569.23	28.93
1.1612	0.015538	-0.003264	64572.23	28.97
1.1628	0.015661	-0.003146	64575.23	29.01
1.1634	0.015606	-0.003247	64578.23	29.02
1.1650	0.015536	-0.003406	64581.23	29.06
1.1650	0.015305	-0.003642	64584.23	29.06
1.1645	0.014664	-0.004208	64587.23	29.05
1.1666	0.014378	-0.004406	64590.23	29.10
1.1683	0.014307	-0.004979	64593.23	29.14
1.1716	0.013079	-0.005766	64596.23	29.22
1.1748	0.012702	-0.006014	64599.23	29.31
1.1781	0.011534	-0.007515	64602.23	29.39
1.1820	0.011010	-0.007920	64605.23	29.48
1.1852	0.010944	-0.007911	64608.23	29.56
1.1858	0.011076	-0.007520	64611.23	29.57
1.1869	0.011644	-0.007031	64614.23	29.60
1.1874	0.011925	-0.006906	64617.23	29.62
1.1885	0.012105	-0.006574	64620.23	29.64
1.1896	0.012185	-0.006629	64623.23	29.67
1.1934	0.012342	-0.006274	64626.23	29.76
1.1907	0.012867	-0.005782	64629.23	29.70
1.1902	0.013581	-0.005012	64632.23	29.68
1.1885	0.013943	-0.004899	64635.23	29.64
1.1902	0.013415	-0.005557	64638.23	29.68
1.1929	0.013117	-0.005891	64641.23	29.75
1.1945	0.013212	-0.005482	64644.23	29.79
1.1940	0.013950	-0.004821	64647.23	29.78
1.1956	0.014357	-0.004121	64650.23	29.82
1.1945	0.014550	-0.004374	64653.23	29.79
1.2033	0.012097	-0.008321	64656.23	30.01
1.2093	0.010224	-0.007843	64659.23	30.15
1.2153	0.011208	-0.007619	64662.23	30.30
1.2175	0.010441	-0.008528	64665.23	30.36
1.2241	0.007450	-0.012755	64668.23	30.52
1.2290	0.005879	-0.012425	64671.23	30.64
1.2290	0.006990	-0.012282	64674.23	30.64
1.2345	0.005830	-0.012875	64677.23	30.77
1.2372	0.005197	-0.013396	64680.23	30.84
1.2421	0.007114	-0.011640	64683.23	30.96
1.2465	0.007266	-0.011819	64686.23	31.07
1.2481	0.007877	-0.010786	64689.23	31.11
1.2520	0.009113	-0.010041	64692.23	31.21
1.2531	0.008518	-0.011078	64695.23	31.23
1.2591	0.007400	-0.011723	64698.23	31.38
1.2635	0.007675	-0.011482	64701.23	31.49
1.2645	0.008751	-0.010376	64704.23	31.52
1.2618	0.009582	-0.009598	64707.23	31.45
1.2580	0.010559	-0.008231	64710.23	31.35
1.2563	0.012162	-0.006650	64713.23	31.31
1.2552	0.013374	-0.005986	64716.23	31.29
1.2536	0.012866	-0.006481	64719.23	31.25
1.2514	0.013099	-0.006431	64722.23	31.19
1.2552	0.011790	-0.007888	64725.23	31.29
1.2536	0.011525	-0.007797	64728.23	31.25
1.2514	0.011223	-0.008108	64731.23	31.19
1.2563	0.010238	-0.009420	64734.23	31.31
1.2624	0.007774	-0.012391	64737.23	31.46
1.2706	0.005848	-0.014027	64740.23	31.66
1.2777	0.004846	-0.015015	64743.23	31.84
1.2853	0.003871	-0.016020	64746.23	32.03
1.2913	0.002384	-0.017573	64749.23	32.17
1.2963	0.001120	-0.018683	64752.23	32.30
1.3023	0.000722	-0.018614	64755.23	32.44
1.3078	0.000976	-0.018808	64758.23	32.58
1.3132	0.000676	-0.019118	64761.23	32.71
1.3149	0.001043	-0.018221	64764.23	32.75
1.3160	0.000889	-0.018607	64767.23	32.78
1.3187	0.000271	-0.019337	64770.23	32.85
1.3231	-0.000645	-0.020691	64773.23	32.96
1.3291	-0.001845	-0.022213	64776.23	33.10
1.3346	-0.002071	-0.021285	64779.23	33.24
1.3400	-0.001530	-0.019025	64782.23	33.37
1.3307	0.006720	-0.011127	64785.23	33.14
1.3220	0.011913	-0.006789	64788.23	32.93
1.3171	0.011392	-0.010219	64791.23	32.81
1.3231	0.005816	-0.015437	64794.23	32.95
1.3285	0.001647	-0.018938	64797.23	33.09
1.3253	0.004031	-0.013423	64800.23	33.01
1.3231	0.008635	-0.012510	64803.23	32.95
1.3269	0.005144	-0.015704	64806.23	33.05
1.3324	0.002458	-0.018415	64809.23	33.18
1.3367	0.001368	-0.018805	64812.23	33.29
1.3367	-0.008373	-0.007236	64815.23	33.29
1.3247	-0.000463	-0.000410	64818.23	33.00
1.3181	0.003967	0.003253	64821.23	32.83
1.3121	0.015353	-0.004496	64824.23	32.69
1.3083	0.015923	-0.003756	64827.23	32.59
1.3061	0.016052	0.004953	64830.23	32.54
1.3006	0.016575	-0.003164	64833.23	32.40
1.2963	0.017209	-0.002773	64836.23	32.30
1.2946	0.016830	-0.003469	64839.23	32.26
1.2903	0.016360	-0.003630	64842.23	32.15
1.2892	0.016448	-0.003342	64845.23	32.12
1.2848	0.017420	0.006339	64848.23	32.01
1.2777	-0.138812	-0.002298	64851.23	31.84
1.2755	0.017592	-0.002460	64854.23	31.78
1.2760	0.016535	-0.004050	64857.23	31.80
1.2744	0.016179	0.004798	64860.23	31.76
1.2689	0.016605	-0.003382	64863.23	31.62
1.2673	0.016669	-0.003431	64866.23	31.58
1.2640	0.007633	0.006361	64869.23	31.50
1.2618	0.008335	0.006947	64872.23	31.45
1.2585	0.008704	0.007254	64875.23	31.37
1.2569	0.008781	0.007398	64878.23	31.33
1.2525	0.009010	0.007356	64881.23	31.22
1.2487	0.009008	0.007426	64884.23	31.13
1.2465	0.009058	0.007417	64887.23	31.07
1.2449	0.008938	0.007412	64890.23	31.03
1.2421	0.008965	0.007460	64893.23	30.96
1.2399	0.009026	0.007365	64896.23	30.91
1.2383	0.008933	0.007293	64899.23	30.87
1.2350	0.009231	0.007349	64902.23	30.79
1.2334	0.009123	0.007476	64905.23	30.75
1.2317	0.008952	0.007330	64908.23	30.71
1.2295	0.008946	0.007287	64911.23	30.65
1.2279	0.008750	0.007271	64914.23	30.61
1.2263	0.008820	0.007298	64917.23	30.57
1.2246	0.008958	0.007243	64920.23	30.53
1.2224	0.008897	0.007197	64923.23	30.48
1.2202	0.008873	0.007279	64926.23	30.42
1.2213	0.008799	0.007244	64929.23	30.45
1.2181	0.008809	0.007151	64932.23	30.37
1.2186	0.008873	0.007212	64935.23	30.38
1.2159	0.008864	0.007206	64938.23	30.32
1.2153	0.008871	0.007251	64941.23	30.30
1.2148	0.008692	0.007222	64944.23	30.29
1.2126	0.008764	0.007179	64947.23	30.24
1.2120	0.008792	0.007259	64950.23	30.22
1.2104	0.008853	0.007190	64953.23	30.18
1.2099	0.008824	0.007239	64956.23	30.17
1.2077	0.008950	0.007317	64959.23	30.11
1.2077	0.008846	0.007357	64962.23	30.11
1.2066	0.008775	0.007407	64965.23	30.09
1.2060	0.008935	0.007273	64968.23	30.07
1.2049	0.008914	0.007238	64971.23	30.05
1.2044	0.009112	0.007322	64974.23	30.03
1.2055	0.008934	0.007290	64977.23	30.06
1.2033	0.008978	0.007274	64980.23	30.01
1.2022	0.009054	0.007395	64983.23	29.98
1.2011	0.008788	0.007284	64986.23	29.95
1.2022	0.008873	0.007307	64989.23	29.98
1.2000	0.009125	0.007335	64992.23	29.93
1.2006	0.009089	0.007441	64995.23	29.94
1.2000	0.008924	0.007342	64998.23	29.93
1.1995	0.009042	0.007340	65001.23	29.91
1.1978	0.008896	0.007543	65004.23	29.87
1.1984	0.008981	0.007528	65007.23	29.89
1.1984	0.008908	0.007295	65010.23	29.89
1.1967	0.008743	0.007235	65013.23	29.84
1.1967	0.008882	0.007165	65016.23	29.84
1.1973	0.008693	0.007216	65019.23	29.86
1.1951	0.008859	0.007273	65022.23	29.80
1.1929	0.008841	0.007277	65025.23	29.75
1.1940	0.008868	0.007214	65028.23	29.78
1.1934	0.008961	0.007191	65031.23	29.76
1.1902	0.008800	0.007205	65034.23	29.68
1.1918	0.008783	0.007253	65037.23	29.72
1.1907	0.008928	0.007247	65040.23	29.70
1.1902	0.008687	0.007201	65043.23	29.68
1.1913	0.008694	0.007170	65046.23	29.71
1.1891	0.008772	0.007108	65049.23	29.66
1.1902	0.008702	0.007171	65052.23	29.68
1.1891	0.008789	0.007216	65055.23	29.66
1.1874	0.008797	0.007057	65058.23	29.62
1.1858	0.008802	0.007109	65061.23	29.57
1.1869	0.008621	0.007018	65064.23	29.60
1.1863	0.008664	0.006913	65067.23	29.59
1.1852	0.008709	0.006991	65070.23	29.56
1.1858	0.008595	0.006973	65073.23	29.58
1.1836	0.008490	0.006967	65076.23	29.52
1.1814	0.008542	0.007035	65079.23	29.47
1.1814	0.008507	0.006989	65082.23	29.47
1.1781	0.008157	0.006767	65085.23	29.39
1.1721	0.008214	0.006390	65088.23	29.24
1.1705	0.008137	0.006349	65091.23	29.20
1.1672	0.008001	0.006288	65094.23	29.12
1.1656	0.007754	0.006170	65097.23	29.08
1.1623	0.007737	0.006075	65100.23	28.99
1.1601	0.007608	0.005997	65103.23	28.94
1.1584	0.007568	0.005919	65106.23	28.90
1.1546	0.007556	0.005844	65109.23	28.81
1.1535	0.007415	0.005997	65112.23	28.78
1.1491	0.007458	0.005857	65115.23	28.67
1.1470	0.007468	0.005863	65118.23	28.62
1.1437	0.007496	0.005858	65121.23	28.54
1.1426	0.007479	0.005804	65124.23	28.51
1.1420	0.007181	0.005652	65127.23	28.50
1.1382	0.007230	0.005649	65130.23	28.40
1.1349	0.007283	0.005746	65133.23	28.32
1.1355	0.007364	0.005679	65136.23	28.33
1.1322	0.007300	0.005681	65139.23	28.25
1.1322	0.007329	0.005629	65142.23	28.25
1.1289	0.007194	0.005697	65145.23	28.17
1.1278	0.007199	0.005598	65148.23	28.14
1.1262	0.007282	0.005683	65151.23	28.10
1.1256	0.017409	-0.004240	65154.23	28.09
1.1273	-0.033217	-0.004404	65157.23	28.13
1.1256	0.016966	-0.004521	65160.23	28.09
1.1229	0.016853	-0.004934	65163.23	28.02
1.1240	0.016531	-0.004855	65166.23	28.05
1.1262	0.016331	-0.005582	65169.23	28.10
1.1262	0.015612	-0.005674	65172.23	28.10
1.1251	0.015213	-0.006491	65175.23	28.08
1.1267	0.013215	-0.008386	65178.23	28.12
1.1251	0.012959	-0.007956	65181.23	28.08
1.1256	0.013351	-0.007484	65184.23	28.09
1.1251	0.014157	0.002529	65187.23	28.08
1.1262	0.014556	-0.005903	65190.23	28.10
1.1245	0.013271	-0.008732	65193.23	28.06
1.1295	0.010585	-0.011348	65196.23	28.18
1.1284	0.011047	-0.009250	65199.23	28.16
1.1273	0.012304	-0.008060	65202.23	28.13
1.1267	0.012989	-0.008026	65205.23	28.12
1.1262	0.013236	-0.008351	65208.23	28.10
1.1256	0.012755	-0.007998	65211.23	28.09
1.1267	0.013747	-0.006951	65214.23	28.12
1.1273	0.013644	-0.007015	65217.23	28.13
1.1234	0.014340	-0.006483	65220.23	28.04
1.1245	0.014832	-0.005724	65223.23	28.06
1.1234	0.015058	-0.005822	65226.23	28.04
1.1234	0.004704	-0.005672	65229.23	28.04
1.1234	0.015514	-0.005237	65232.23	28.04
1.1218	0.014879	-0.006148	65235.23	28.00
1.1223	0.014423	-0.006373	65238.23	28.01
1.1207	0.014412	-0.006165	65241.23	27.97
1.1212	0.014333	-0.006645	65244.23	27.98
1.1251	0.013511	-0.007593	65247.23	28.08
1.1245	0.012844	-0.008950	65250.23	28.06
1.1256	0.011147	-0.009745	65253.23	28.09
1.1262	0.011070	-0.009237	65256.23	28.10
1.1256	0.012226	-0.008030	65259.23	28.09
1.1240	0.013385	-0.006878	65262.23	28.05
1.1251	0.013903	-0.006576	65265.23	28.08
1.1251	0.014002	-0.006686	65268.23	28.08
1.1240	0.013547	-0.007212	65271.23	28.05
1.1251	0.013085	-0.007593	65274.23	28.08
1.1294	0.012429	-0.009169	65277.23	28.18
1.1289	0.009501	-0.011039	65280.23	28.17
1.1316	0.010135	-0.009722	65283.23	28.24
1.1289	0.011902	-0.008418	65286.23	28.17
1.1295	0.012881	-0.007256	65289.23	28.18
1.1311	0.013616	-0.006307	65292.23	28.23
1.1262	0.014827	-0.005502	65295.23	28.10
1.1256	0.015263	-0.005174	65298.23	28.09
1.1273	0.014552	-0.005739	65301.23	28.13
1.1240	0.014693	-0.005619	65304.23	28.05
1.1256	0.014615	0.003319	65307.23	28.09
1.1256	0.014356	-0.005723	65310.23	28.09
1.1256	0.014842	-0.005360	65313.23	28.09
1.1223	0.015182	-0.004783	65316.23	28.01
1.1229	0.015473	0.004563	65319.23	28.02
1.1212	0.015497	-0.004687	65322.23	27.98
1.1196	0.015156	-0.004793	65325.23	27.94
1.1185	0.015731	-0.004788	65328.23	27.91
1.1180	0.015289	0.004747	65331.23	27.90
1.1174	0.015657	-0.004402	65334.23	27.89
1.1158	0.015625	-0.004558	65337.23	27.85
1.1158	0.015021	-0.005133	65340.23	27.85
1.1152	0.015046	-0.004865	65343.23	27.83
1.1147	0.015747	-0.003904	65346.23	27.82
1.1130	0.016148	-0.004338	65349.23	27.78
1.1141	0.014155	-0.006099	65352.23	27.81
1.1158	0.013681	0.002789	65355.23	27.85
1.1180	0.013685	0.002465	65358.23	27.90
1.1174	0.013866	-0.006135	65361.23	27.89
1.1185	0.013622	0.002330	65364.23	27.91
1.1158	0.014637	-0.004659	65367.23	27.85
1.1147	0.015288	-0.004626	65370.23	27.82
1.1136	0.015747	-0.004026	65373.23	27.79
1.1130	0.016090	-0.003402	65376.23	27.78
1.1130	0.016410	-0.003246	65379.23	27.78
1.1119	0.015488	-0.004763	65382.23	27.75
1.1174	0.013961	-0.005875	65385.23	27.89
1.1169	0.013666	-0.005667	65388.23	27.87
1.1169	0.014022	-0.005682	65391.23	27.87
1.1169	0.014030	-0.005657	65394.23	27.87
1.1130	0.014230	-0.005040	65397.23	27.78
1.1169	0.015054	-0.005416	65400.23	27.87
1.1163	0.013274	-0.006162	65403.23	27.86
1.1163	0.013776	-0.005344	65406.23	27.86
1.1152	0.014253	-0.005652	65409.23	27.83
1.1147	0.013757	-0.006257	65412.23	27.82
1.1158	0.014000	-0.005193	65415.23	27.85
1.1141	0.014365	-0.005571	65418.23	27.81
1.1163	0.013132	-0.006190	65421.23	27.86
1.1147	0.014097	-0.005108	65424.23	27.82
1.1136	0.015101	-0.004503	65427.23	27.79
1.1136	0.013870	-0.006122	65430.23	27.79
1.1147	0.014371	-0.005315	65433.23	27.82
1.1152	0.013892	-0.005501	65436.23	27.83
1.1141	0.014667	-0.004831	65439.23	27.81
1.1114	0.014570	-0.005357	65442.23	27.74
1.1136	0.013414	-0.006328	65445.23	27.79
1.1130	0.012794	-0.006232	65448.23	27.78
1.1130	0.013943	-0.005185	65451.23	27.78
1.1119	0.014669	-0.004750	65454.23	27.75
1.1114	0.013819	-0.005808	65457.23	27.74
1.1147	0.013431	-0.005976	65460.23	27.82
1.1130	0.012886	-0.006309	65463.23	27.78
1.1141	0.013108	-0.005907	65466.23	27.81
1.1136	0.012941	-0.005936	65469.23	27.79
1.1119	0.013433	-0.005468	65472.23	27.75
1.1152	0.013900	-0.004852	65475.23	27.83
1.1136	0.013872	-0.005378	65478.23	27.79
1.1141	0.013270	-0.005800	65481.23	27.81
1.1147	0.013206	-0.005309	65484.23	27.82
1.1136	0.014353	-0.004306	65487.23	27.79
1.1130	0.014728	0.005011	65490.23	27.78
1.1119	0.015373	-0.003397	65493.23	27.75
1.1092	0.015810	-0.002779	65496.23	27.69
1.1103	0.016047	-0.002779	65499.23	27.71
1.1054	0.016163	-0.002541	65502.23	27.59
1.1054	0.016186	-0.002419	65505.23	27.59
1.1048	0.015744	-0.003129	65508.23	27.58
1.1076	0.015276	-0.003552	65511.23	27.64
1.1048	0.015363	-0.003424	65514.23	27.58
1.1059	0.015229	-0.003575	65517.23	27.60
1.1065	0.014582	-0.004693	65520.23	27.62
1.1081	0.013029	-0.006270	65523.23	27.66
1.1092	0.012090	-0.007473	65526.23	27.69
1.1098	0.010557	-0.008243	65529.23	27.70
1.1130	0.010498	-0.008216	65532.23	27.78
1.1158	0.010467	-0.008394	65535.23	27.85
1.1212	0.010453	-0.008353	65538.23	27.98
1.1245	0.009730	-0.008068	65541.23	28.06
1.1229	0.012476	-0.005701	65544.23	28.02
1.1218	0.013985	-0.004447	65547.23	28.00
1.1223	0.014677	-0.003973	65550.23	28.01
1.1240	0.014990	-0.003799	65553.23	28.05
1.1218	0.014438	-0.004684	65556.23	28.00
1.1234	0.013403	-0.005366	65559.23	28.04
1.1245	0.013217	-0.005602	65562.23	28.06
1.1273	0.013017	-0.005895	65565.23	28.13
1.1295	0.013030	-0.005822	65568.23	28.18
1.1322	0.013700	-0.004784	65571.23	28.25
1.1316	0.013960	-0.004857	65574.23	28.24
1.1316	0.014358	-0.004240	65577.23	28.24
