1.7103	0.014992	-0.002176	35700.30	42.43
1.7130	0.014965	-0.002044	35703.30	42.50
1.7136	0.014974	-0.002172	35706.30	42.51
1.7136	0.014804	-0.002143	35709.30	42.51
1.7169	0.014878	-0.002028	35712.30	42.59
1.7163	0.014857	-0.002178	35715.30	42.58
1.7169	0.015003	-0.001903	35718.30	42.59
1.7191	0.014937	-0.002076	35721.30	42.65
1.7196	0.014930	-0.002122	35724.30	42.66
1.7207	0.015011	-0.002007	35727.30	42.69
1.7202	0.015028	-0.002022	35730.30	42.67
1.7240	0.015018	-0.002028	35733.30	42.77
1.7212	0.014987	-0.001983	35736.30	42.70
1.7240	0.014874	-0.002090	35739.30	42.77
1.7256	0.015032	-0.002010	35742.30	42.81
1.7245	0.015400	-0.002007	35745.30	42.78
1.7245	0.014869	-0.002029	35748.30	42.78
1.7245	0.014984	-0.002300	35751.30	42.78
1.7267	0.015020	-0.002126	35754.30	42.83
1.7278	0.015000	-0.002174	35757.30	42.86
1.7251	0.014942	-0.002063	35760.30	42.79
1.7278	0.014901	-0.002217	35763.30	42.86
1.7262	0.014994	-0.002121	35766.30	42.82
1.7284	0.014868	-0.002033	35769.30	42.87
1.7234	0.014915	-0.002096	35772.30	42.75
1.7256	0.014993	-0.002093	35775.30	42.81
1.7273	0.014951	-0.002081	35778.30	42.85
1.7218	0.014855	-0.002040	35781.30	42.71
1.7229	0.014899	-0.002124	35784.30	42.74
1.7245	0.014902	-0.002005	35787.30	42.78
1.7229	0.014927	-0.001988	35790.30	42.74
1.7256	0.014992	-0.002061	35793.30	42.81
1.7234	0.015007	-0.002074	35796.30	42.75
1.7223	0.015069	-0.001834	35799.30	42.73
1.7207	0.015073	-0.001979	35802.30	42.69
1.7218	0.014991	-0.001969	35805.30	42.71
1.7169	0.015048	-0.002059	35808.30	42.59
1.7207	0.015053	-0.002029	35811.30	42.69
1.7196	0.014958	-0.002023	35814.30	42.66
1.7169	0.015148	-0.001912	35817.30	42.59
1.7174	0.014935	-0.002050	35820.30	42.61
1.7185	0.015005	-0.002013	35823.30	42.63
1.7130	0.014991	-0.002103	35826.30	42.50
1.7158	0.015040	-0.001980	35829.30	42.57
1.7103	0.014974	-0.002084	35832.30	42.43
1.7125	0.014902	-0.001955	35835.30	42.49
1.7114	0.014957	-0.002019	35838.30	42.46
1.7092	0.014983	-0.002115	35841.30	42.41
1.7092	0.014899	-0.002136	35844.30	42.41
1.7059	0.014903	-0.001933	35847.30	42.33
1.7054	0.014979	-0.002056	35850.30	42.31
1.7010	0.014896	-0.002164	35853.30	42.21
1.7021	0.014959	-0.002178	35856.30	42.23
1.6983	0.014879	-0.002054	35859.30	42.14
1.6972	0.014888	-0.002111	35862.30	42.11
1.6955	0.014839	-0.002091	35865.30	42.07
1.6950	0.014951	-0.002161	35868.30	42.06
1.6917	0.014760	-0.002104	35871.30	41.98
1.6917	0.014850	-0.002157	35874.30	41.98
1.6890	0.014891	-0.002121	35877.30	41.91
1.6851	0.014879	-0.002023	35880.30	41.82
1.6830	0.014841	-0.002120	35883.30	41.77
1.6852	0.014845	-0.002273	35886.30	41.82
1.6802	0.014880	-0.002096	35889.30	41.70
1.6791	0.014886	-0.002066	35892.30	41.67
1.6791	0.014923	-0.002162	35895.30	41.67
1.6748	0.014821	-0.002259	35898.30	41.57
1.6759	0.014770	-0.002142	35901.30	41.59
1.6748	0.014809	-0.002145	35904.30	41.57
1.6704	0.014865	-0.002080	35907.30	41.46
1.6682	0.014915	-0.002053	35910.30	41.41
1.6660	0.014769	-0.002103	35913.30	41.35
1.6655	0.014825	-0.002154	35916.30	41.34
1.6616	0.014777	-0.001982	35919.30	41.25
1.6611	0.014892	-0.001999	35922.30	41.23
1.6616	0.014671	-0.002211	35925.30	41.25
1.6567	0.014850	-0.002341	35928.30	41.13
1.6556	0.014740	-0.002171	35931.30	41.10
1.6501	0.014821	-0.002216	35934.30	40.97
1.6491	0.014759	-0.002212	35937.30	40.94
1.6452	0.014781	-0.002086	35940.30	40.85
1.6458	0.014773	-0.002195	35943.30	40.86
1.6430	0.014686	-0.002149	35946.30	40.79
1.6425	0.014763	-0.002306	35949.30	40.78
1.6392	0.014743	-0.002055	35952.30	40.70
1.6359	0.014794	-0.002159	35955.30	40.62
1.6321	0.014475	-0.002353	35958.30	40.52
1.6299	0.014691	-0.002240	35961.30	40.47
1.6261	0.014730	-0.002188	35964.30	40.38
1.6233	0.014746	-0.002199	35967.30	40.31
1.6206	0.014598	-0.002116	35970.30	40.24
1.6179	0.014799	-0.001731	35973.30	40.18
1.6146	0.014708	-0.002294	35976.30	40.10
1.6119	0.014689	-0.002166	35979.30	40.03
1.6102	0.014597	-0.002091	35982.30	39.99
1.6064	0.014585	-0.002157	35985.30	39.90
1.6004	0.014885	-0.002162	35988.30	39.75
1.5987	0.014981	-0.002216	35991.30	39.71
1.5911	0.014751	-0.002219	35994.30	39.52
1.5900	0.014691	-0.002325	35997.30	39.50
1.5851	0.014862	-0.002274	36000.30	39.38
1.5823	0.014661	-0.002186	36003.30	39.31
1.5774	0.014660	-0.002267	36006.30	39.19
1.5719	0.014619	-0.002252	36009.30	39.06
1.5697	0.014585	-0.002323	36012.30	39.00
1.5643	0.014635	-0.002299	36015.30	38.87
1.5583	0.014609	-0.002216	36018.30	38.72
1.5550	0.014551	-0.002323	36021.30	38.64
1.5490	0.014596	-0.002299	36024.30	38.49
1.5446	0.014664	-0.002294	36027.30	38.39
1.5402	0.014631	-0.002306	36030.30	38.28
1.5353	0.014549	-0.002205	36033.30	38.16
1.5276	0.014445	-0.002320	36036.30	37.97
1.5227	0.014526	-0.002202	36039.30	37.85
1.5178	0.014539	-0.002339	36042.30	37.73
1.5118	0.014511	-0.002266	36045.30	37.58
1.5041	0.014458	-0.002282	36048.30	37.40
1.4986	0.014394	-0.002392	36051.30	37.26
1.4937	0.014485	-0.002456	36054.30	37.14
1.4888	0.014465	-0.002468	36057.30	37.02
1.4806	0.014417	-0.002459	36060.30	36.82
1.4768	0.014404	-0.002424	36063.30	36.73
1.4675	0.014421	-0.002360	36066.30	36.50
1.4620	0.014821	-0.002526	36069.30	36.36
1.4554	0.014351	-0.002492	36072.30	36.20
1.4494	0.014290	-0.002548	36075.30	36.06
1.4396	0.014373	-0.002540	36078.30	35.81
1.4379	0.014336	-0.002406	36081.30	35.77
1.4292	0.014263	-0.002521	36084.30	35.56
1.4215	0.014510	-0.002405	36087.30	35.37
1.4139	0.014426	-0.002353	36090.30	35.18
1.4051	0.014319	-0.002272	36093.30	34.97
1.3975	0.014214	-0.002470	36096.30	34.78
1.3887	0.014426	-0.002578	36099.30	34.57
1.3843	0.014346	-0.002271	36102.30	34.46
1.3723	0.014394	-0.002328	36105.30	34.16
1.3668	0.014514	-0.002207	36108.30	34.03
1.3542	0.014487	-0.002438	36111.30	33.72
1.3460	0.014554	-0.002407	36114.30	33.52
1.3400	0.014238	-0.002314	36117.30	33.37
1.3313	0.014336	-0.002412	36120.30	33.16
1.3214	0.014455	-0.002459	36123.30	32.91
1.3154	0.014388	-0.002558	36126.30	32.77
1.3061	0.014214	-0.002570	36129.30	32.54
1.2968	0.014280	-0.002233	36132.30	32.31
1.2913	0.014283	-0.002215	36135.30	32.17
1.2842	0.014507	-0.002124	36138.30	32.00
1.2733	0.014507	-0.002163	36141.30	31.73
1.2689	0.014505	-0.002097	36144.30	31.62
1.2602	0.014450	-0.002206	36147.30	31.41
1.2558	0.014559	-0.002117	36150.30	31.30
1.2492	0.014387	-0.002033	36153.30	31.14
1.2394	0.014491	-0.002022	36156.30	30.90
1.2317	0.014545	-0.002036	36159.30	30.71
1.2230	0.014538	-0.002031	36162.30	30.49
1.2170	0.014361	-0.002243	36165.30	30.34
1.2038	0.014487	-0.002044	36168.30	30.02
1.1984	0.014545	-0.001921	36171.30	29.89
1.1880	0.014390	-0.002170	36174.30	29.63
1.1748	0.014543	-0.002074	36177.30	29.31
1.1645	0.014392	-0.001964	36180.30	29.05
1.1491	0.014557	-0.001983	36183.30	28.67
1.1409	0.014557	-0.002204	36186.30	28.47
1.1256	0.014727	-0.001955	36189.30	28.09
1.1141	0.014923	-0.001561	36192.30	27.81
1.1037	0.014351	-0.002252	36195.30	27.55
1.0934	0.014136	-0.002147	36198.30	27.29
1.0802	0.013880	-0.002630	36201.30	26.97
1.0660	0.014201	-0.002334	36204.30	26.62
1.0562	0.013997	-0.002458	36207.30	26.37
1.0452	0.014085	-0.002691	36210.30	26.10
1.0343	0.013998	-0.002631	36213.30	25.83
1.0217	0.013974	-0.002479	36216.30	25.52
1.0113	0.014021	-0.002467	36219.30	25.26
0.9998	0.013973	-0.002483	36222.30	24.98
0.9883	0.013996	-0.002272	36225.30	24.69
0.9763	0.013873	-0.002381	36228.30	24.40
0.9665	0.014424	-0.002397	36231.30	24.15
0.9544	0.014204	-0.002315	36234.30	23.85
0.9413	0.014257	-0.001918	36237.30	23.53
0.9315	0.014326	-0.002213	36240.30	23.28
0.9287	0.014302	-0.002252	36243.30	23.22
0.9140	0.014197	-0.002002	36246.30	22.85
0.9008	0.014434	-0.001769	36249.30	22.52
0.9008	0.014036	-0.002290	36252.30	22.52
0.8964	0.013853	-0.002653	36255.30	22.42
0.8773	0.014214	-0.002029	36258.30	21.94
0.8702	0.014488	-0.002397	36261.30	21.76
0.8642	0.014082	-0.002436	36264.30	21.61
0.8450	0.014106	-0.002208	36267.30	21.14
0.8297	0.014215	-0.002061	36270.30	20.76
0.8160	0.014027	-0.002189	36273.30	20.42
0.8051	0.013856	-0.002438	36276.30	20.15
0.7882	0.013872	-0.002453	36279.30	19.72
0.7756	0.014078	-0.002106	36282.30	19.41
0.7685	0.014042	-0.002405	36285.30	19.23
0.7630	0.014048	-0.002089	36288.30	19.10
0.7488	0.013816	-0.001961	36291.30	18.74
0.7389	0.014107	-0.001951	36294.30	18.50
0.7356	0.013964	-0.002079	36297.30	18.42
0.7247	0.014106	-0.002050	36300.30	18.14
0.7088	0.014139	-0.001692	36303.30	17.75
0.7034	0.013700	-0.002201	36306.30	17.61
0.7012	0.014023	-0.002299	36309.30	17.56
0.6892	0.013884	-0.001581	36312.30	17.26
0.6760	0.014328	-0.001873	36315.30	16.93
0.6596	0.014117	-0.002358	36318.30	16.52
0.6487	0.014017	-0.002008	36321.30	16.25
0.6317	0.014175	-0.001736	36324.30	15.83
0.6197	0.014071	-0.002009	36327.30	15.53
0.6049	0.013784	-0.002199	36330.30	15.16
0.5891	0.014058	-0.001939	36333.30	14.76
0.5748	0.013826	-0.002162	36336.30	14.41
0.5765	0.013893	-0.002047	36339.30	14.45
0.5694	0.013989	-0.001972	36342.30	14.27
0.5530	0.014163	-0.001947	36345.30	13.86
0.5426	0.014049	-0.002124	36348.30	13.60
0.5393	0.013940	-0.002208	36351.30	13.52
0.5300	0.013626	-0.001926	36354.30	13.29
0.5163	0.014044	-0.001850	36357.30	12.94
0.5174	0.013740	-0.002193	36360.30	12.97
0.5119	0.013933	-0.002161	36363.30	12.83
0.4972	0.013852	-0.001992	36366.30	12.46
0.4868	0.014000	-0.002252	36369.30	12.20
0.4879	0.014141	-0.002062	36372.30	12.23
0.4813	0.014051	-0.001891	36375.30	12.07
0.4693	0.014099	-0.002091	36378.30	11.77
0.4567	0.013706	-0.002306	36381.30	11.45
0.4403	0.013936	-0.002238	36384.30	11.04
0.4365	0.013563	-0.002088	36387.30	10.94
0.4244	0.013101	-0.002485	36390.30	10.64
0.4080	0.013782	-0.002106	36393.30	10.23
0.4086	0.013332	-0.002427	36396.30	10.25
0.4053	0.013339	-0.002807	36399.30	10.16
0.3834	0.013772	-0.001776	36402.30	9.62
0.3840	0.013978	-0.001977	36405.30	9.63
0.3829	0.013419	-0.002421	36408.30	9.60
0.3692	0.014297	-0.001993	36411.30	9.26
0.3615	0.014280	-0.001561	36414.30	9.07
0.3599	0.013859	-0.002026	36417.30	9.03
0.3544	0.013521	-0.002473	36420.30	8.89
0.3418	0.013645	-0.001886	36423.30	8.57
0.3298	0.014456	-0.001860	36426.30	8.27
0.3358	0.013909	-0.001903	36429.30	8.42
0.3347	0.013470	-0.001995	36432.30	8.40
0.3194	0.013936	-0.001749	36435.30	8.01
0.3178	0.014003	-0.002080	36438.30	7.97
0.3161	0.013934	-0.002394	36441.30	7.93
0.3096	0.013410	-0.001951	36444.30	7.77
0.2981	0.013793	-0.001782	36447.30	7.48
0.2850	0.013824	-0.002070	36450.30	7.15
0.2784	0.013166	-0.002650	36453.30	6.98
0.2669	0.013443	-0.002415	36456.30	6.70
0.2614	0.013155	-0.002233	36459.30	6.56
0.2560	0.013310	-0.002573	36462.30	6.42
0.2516	0.013795	-0.001936	36465.30	6.31
0.2434	0.014037	-0.001921	36468.30	6.11
0.2341	0.013791	-0.002284	36471.30	5.87
0.2292	0.013510	-0.002503	36474.30	5.75
0.2237	0.013975	-0.002207	36477.30	5.61
0.2177	0.013944	-0.002320	36480.30	5.46
0.2067	0.013818	-0.002331	36483.30	5.19
0.2095	0.013589	-0.002409	36486.30	5.26
0.2046	0.014112	-0.001957	36489.30	5.13
0.1969	0.013819	-0.002531	36492.30	4.94
0.1925	0.013349	-0.002340	36495.30	4.83
0.1925	0.013960	-0.002066	36498.30	4.83
0.1810	0.013904	-0.002141	36501.30	4.54
0.1739	0.013678	-0.002339	36504.30	4.36
0.1723	0.013768	-0.002106	36507.30	4.32
0.1674	0.014322	-0.001883	36510.30	4.20
0.1646	0.013860	-0.002248	36513.30	4.13
0.1542	0.013666	-0.002289	36516.30	3.87
0.1466	0.013822	-0.002175	36519.30	3.68
0.1422	0.014027	-0.002154	36522.30	3.57
0.1406	0.014067	-0.002118	36525.30	3.53
0.1280	0.014089	-0.002345	36528.30	3.21
0.1258	0.013834	-0.002332	36531.30	3.16
0.1171	0.014229	-0.002360	36534.30	2.94
0.1099	0.014011	-0.002319	36537.30	2.76
0.1001	0.013746	-0.002535	36540.30	2.51
0.0963	0.014019	-0.002397	36543.30	2.42
0.0935	0.014617	-0.001961	36546.30	2.35
0.0919	0.014014	-0.002437	36549.30	2.31
0.0809	0.013852	-0.002447	36552.30	2.03
0.0727	0.014280	-0.002658	36555.30	1.83
0.0640	0.014312	-0.002713	36558.30	1.61
0.0520	0.013786	-0.002777	36561.30	1.30
0.0476	0.014205	-0.002411	36564.30	1.19
0.0416	0.014660	-0.001920	36567.30	1.04
0.0334	0.014298	-0.002139	36570.30	0.84
0.0263	0.014056	-0.002811	36573.30	0.66
0.0263	0.014423	-0.002774	36576.30	0.66
0.0153	0.014396	-0.002721	36579.30	0.38
0.0027	0.014221	-0.002888	36582.30	0.07
-0.0016	0.014138	-0.002670	36585.30	-0.04
-0.0148	0.014840	-0.002355	36588.30	-0.37
-0.0120	0.014987	-0.002373	36591.30	-0.30
-0.0284	0.014360	-0.002879	36594.30	-0.72
-0.0317	0.014668	-0.002405	36597.30	-0.80
-0.0394	0.014985	-0.002250	36600.30	-0.99
-0.0405	0.014438	-0.002642	36603.30	-1.02
-0.0509	0.014722	-0.002242	36606.30	-1.28
-0.0536	0.014822	-0.002543	36609.30	-1.35
-0.0591	0.015078	-0.002581	36612.30	-1.49
-0.0678	0.014447	-0.003007	36615.30	-1.71
-0.0717	0.014443	-0.002861	36618.30	-1.81
-0.0727	0.014838	-0.002727	36621.30	-1.84
-0.0820	0.014906	-0.002416	36624.30	-2.07
-0.0892	0.014879	-0.002815	36627.30	-2.25
-0.1017	0.014997	-0.002936	36630.30	-2.57
-0.1094	0.014696	-0.003015	36633.30	-2.77
-0.1149	0.015020	-0.002734	36636.30	-2.91
-0.1171	0.014862	-0.003047	36639.30	-2.96
-0.1285	0.014771	-0.002962	36642.30	-3.25
-0.1351	0.015002	-0.002707	36645.30	-3.42
-0.1411	0.015641	-0.002712	36648.30	-3.57
-0.1510	0.015142	-0.002251	36651.30	-3.82
-0.1493	0.015106	-0.002790	36654.30	-3.78
-0.1553	0.015273	-0.002700	36657.30	-3.93
-0.1559	0.015140	-0.003315	36660.30	-3.95
-0.1685	0.015286	-0.003214	36663.30	-4.27
-0.1767	0.015055	-0.002835	36666.30	-4.48
-0.1838	0.015460	-0.002534	36669.30	-4.66
-0.1865	0.015580	-0.002704	36672.30	-4.73
-0.1996	0.015507	-0.002645	36675.30	-5.06
-0.2078	0.015409	-0.002842	36678.30	-5.27
-0.2155	0.015288	-0.002573	36681.30	-5.47
-0.2226	0.015706	-0.002906	36684.30	-5.65
-0.2248	0.015650	-0.002708	36687.30	-5.71
-0.2352	0.015199	-0.002962	36690.30	-5.97
-0.2368	0.015613	-0.002649	36693.30	-6.02
-0.2434	0.015397	-0.002936	36696.30	-6.18
-0.2549	0.015689	-0.002845	36699.30	-6.48
-0.2593	0.015638	-0.002691	36702.30	-6.59
-0.2582	0.016027	-0.002683	36705.30	-6.56
-0.2653	0.015611	-0.002811	36708.30	-6.74
-0.2740	0.015450	-0.002968	36711.30	-6.97
-0.2773	0.016074	-0.002818	36714.30	-7.05
-0.2844	0.016143	-0.002434	36717.30	-7.23
-0.2899	0.015822	-0.002413	36720.30	-7.37
-0.2964	0.015861	-0.002562	36723.30	-7.54
-0.2965	0.015844	-0.002631	36726.30	-7.54
-0.2992	0.016042	-0.003056	36729.30	-7.61
-0.3090	0.015787	-0.003155	36732.30	-7.87
-0.3134	0.015830	-0.002836	36735.30	-7.98
-0.3150	0.015728	-0.002790	36738.30	-8.02
-0.3145	0.015695	-0.003086	36741.30	-8.01
-0.3315	0.016031	-0.002914	36744.30	-8.44
-0.3342	0.015884	-0.002486	36747.30	-8.51
-0.3424	0.016257	-0.002759	36750.30	-8.72
-0.3446	0.015610	-0.003200	36753.30	-8.78
-0.3561	0.015491	-0.003143	36756.30	-9.07
-0.3659	0.015732	-0.002956	36759.30	-9.33
-0.3632	0.015744	-0.002992	36762.30	-9.26
-0.3796	0.016002	-0.002682	36765.30	-9.68
-0.3790	0.015803	-0.003046	36768.30	-9.67
-0.3856	0.015777	-0.002833	36771.30	-9.84
-0.3889	0.015887	-0.002722	36774.30	-9.92
-0.3971	0.015860	-0.003072	36777.30	-10.13
-0.4004	0.016224	-0.003090	36780.30	-10.22
-0.4075	0.016305	-0.002777	36783.30	-10.40
-0.4058	0.016302	-0.003045	36786.30	-10.36
-0.4184	0.015829	-0.003095	36789.30	-10.68
-0.4201	0.016224	-0.002813	36792.30	-10.72
-0.4261	0.016057	-0.002894	36795.30	-10.88
-0.4354	0.016002	-0.003044	36798.30	-11.12
-0.4414	0.015912	-0.003153	36801.30	-11.27
-0.4430	0.016039	-0.003342	36804.30	-11.32
-0.4616	0.015831	-0.002993	36807.30	-11.80
-0.4655	0.016115	-0.002971	36810.30	-11.90
-0.4704	0.015737	-0.003096	36813.30	-12.02
-0.4786	0.015907	-0.003313	36816.30	-12.23
-0.4824	0.015674	-0.003340	36819.30	-12.33
-0.4906	0.015611	-0.003374	36822.30	-12.55
-0.4972	0.015852	-0.003226	36825.30	-12.72
-0.5037	0.016115	-0.002869	36828.30	-12.89
-0.5158	0.016222	-0.003255	36831.30	-13.20
-0.5212	0.015588	-0.003426	36834.30	-13.34
-0.5273	0.016008	-0.003156	36837.30	-13.49
-0.5267	0.015660	-0.003468	36840.30	-13.48
-0.5333	0.015747	-0.003469	36843.30	-13.65
-0.5387	0.015811	-0.003350	36846.30	-13.79
-0.5442	0.016265	-0.003279	36849.30	-13.93
-0.5448	0.015478	-0.003571	36852.30	-13.95
-0.5645	0.016049	-0.003154	36855.30	-14.46
-0.5623	0.015604	-0.003116	36858.30	-14.40
-0.5645	0.015976	-0.003095	36861.30	-14.46
-0.5677	0.015836	-0.003354	36864.30	-14.54
-0.5776	0.015741	-0.003344	36867.30	-14.80
-0.5803	0.016048	-0.003122	36870.30	-14.87
-0.5885	0.016053	-0.003215	36873.30	-15.08
-0.5918	0.015658	-0.003108	36876.30	-15.17
-0.5962	0.015642	-0.003361	36879.30	-15.28
-0.5956	0.015866	-0.003091	36882.30	-15.27
-0.6016	0.015968	-0.003551	36885.30	-15.42
-0.6159	0.015582	-0.003751	36888.30	-15.79
-0.6235	0.015849	-0.003222	36891.30	-15.99
-0.6208	0.015836	-0.002987	36894.30	-15.92
-0.6202	0.015627	-0.003532	36897.30	-15.91
-0.6301	0.015500	-0.003490	36900.30	-16.16
-0.6274	0.016046	-0.003222	36903.30	-16.09
-0.6345	0.016006	-0.003458	36906.30	-16.28
-0.6416	0.015671	-0.003458	36909.30	-16.46
-0.6470	0.015958	-0.003123	36912.30	-16.60
-0.6443	0.016098	-0.003196	36915.30	-16.53
-0.6443	0.015499	-0.003316	36918.30	-16.53
-0.6542	0.015600	-0.003397	36921.30	-16.79
-0.6536	0.015586	-0.003307	36924.30	-16.77
-0.6574	0.015940	-0.003312	36927.30	-16.87
-0.6656	0.015806	-0.002777	36930.30	-17.09
-0.6695	0.015977	-0.002912	36933.30	-17.19
-0.6689	0.016327	-0.002884	36936.30	-17.17
-0.6711	0.015695	-0.003193	36939.30	-17.23
-0.6804	0.015791	-0.003087	36942.30	-17.47
-0.6771	0.015915	-0.003098	36945.30	-17.39
-0.6810	0.016021	-0.003253	36948.30	-17.49
-0.6875	0.015592	-0.003239	36951.30	-17.66
-0.6848	0.015956	-0.002981	36954.30	-17.59
-0.6848	0.015881	-0.003251	36957.30	-17.59
-0.6908	0.015692	-0.003368	36960.30	-17.74
-0.6946	0.016149	-0.003154	36963.30	-17.84
-0.6974	0.015655	-0.002869	36966.30	-17.91
-0.6985	0.016113	-0.003201	36969.30	-17.94
-0.7012	0.016099	-0.002797	36972.30	-18.01
-0.6990	0.016211	-0.002775	36975.30	-17.96
-0.7067	0.016377	-0.002906	36978.30	-18.16
-0.7154	0.016001	-0.002694	36981.30	-18.39
-0.7110	0.016315	-0.002570	36984.30	-18.27
-0.7116	0.016189	-0.002998	36987.30	-18.29
-0.7165	0.016062	-0.003209	36990.30	-18.41
-0.7269	0.016280	-0.002957	36993.30	-18.69
-0.7269	0.016075	-0.002853	36996.30	-18.69
-0.7356	0.016058	-0.003239	36999.30	-18.91
-0.7455	0.015930	-0.003034	37002.30	-19.17
-0.7477	0.016358	-0.002767	37005.30	-19.23
-0.7477	0.015961	-0.003308	37008.30	-19.23
-0.7553	0.015798	-0.003068	37011.30	-19.43
-0.7685	0.015891	-0.002974	37014.30	-19.77
-0.7690	0.016115	-0.002838	37017.30	-19.79
-0.7712	0.016115	-0.002666	37020.30	-19.84
-0.7800	0.016089	-0.002770	37023.30	-20.07
-0.7887	0.016264	-0.002812	37026.30	-20.30
-0.7893	0.016255	-0.002554	37029.30	-20.32
-0.7887	0.016079	-0.003083	37032.30	-20.30
-0.8024	0.016162	-0.002749	37035.30	-20.66
-0.8040	0.016174	-0.002819	37038.30	-20.70
-0.8035	0.016234	-0.002501	37041.30	-20.69
-0.8051	0.015830	-0.002795	37044.30	-20.73
-0.8188	0.015939	-0.002923	37047.30	-21.09
-0.8171	0.016175	-0.002655	37050.30	-21.05
-0.8139	0.015828	-0.003167	37053.30	-20.96
-0.8221	0.015915	-0.002726	37056.30	-21.17
-0.8232	0.016154	-0.002587	37059.30	-21.20
-0.8253	0.016434	-0.002657	37062.30	-21.26
-0.8259	0.016054	-0.002871	37065.30	-21.27
-0.8368	0.016392	-0.002466	37068.30	-21.56
-0.8357	0.016616	-0.002350	37071.30	-21.53
-0.8428	0.016723	-0.002535	37074.30	-21.72
-0.8527	0.016320	-0.002445	37077.30	-21.98
-0.8521	0.016432	-0.002553	37080.30	-21.96
-0.8494	0.016319	-0.002609	37083.30	-21.89
-0.8571	0.016064	-0.002654	37086.30	-22.09
-0.8598	0.016116	-0.002734	37089.30	-22.16
-0.8576	0.016269	-0.002689	37092.30	-22.11
-0.8593	0.015851	-0.002856	37095.30	-22.15
-0.8675	0.016067	-0.002746	37098.30	-22.37
-0.8658	0.016331	-0.002474	37101.30	-22.32
-0.8669	0.016546	-0.002563	37104.30	-22.35
-0.8729	0.015747	-0.002923	37107.30	-22.51
-0.8729	0.016203	-0.002348	37110.30	-22.51
-0.8707	0.016235	-0.002898	37113.30	-22.45
-0.8735	0.016047	-0.002831	37116.30	-22.52
-0.8773	0.016375	-0.002405	37119.30	-22.62
-0.8757	0.016453	-0.002404	37122.30	-22.58
-0.8784	0.016266	-0.002660	37125.30	-22.65
-0.8910	0.016222	-0.002669	37128.30	-22.98
-0.8839	0.016340	-0.002559	37131.30	-22.80
-0.8866	0.016181	-0.002740	37134.30	-22.87
-0.8964	0.016257	-0.002555	37137.30	-23.13
-0.8943	0.016356	-0.002557	37140.30	-23.07
-0.8954	0.016303	-0.002718	37143.30	-23.10
-0.8943	0.016265	-0.002553	37146.30	-23.07
-0.9047	0.016335	-0.002590	37149.30	-23.34
-0.9030	0.016469	-0.002483	37152.30	-23.30
-0.9008	0.016181	-0.002905	37155.30	-23.24
-0.9058	0.016188	-0.002553	37158.30	-23.37
-0.9025	0.016465	-0.002467	37161.30	-23.29
-0.9090	0.016553	-0.002614	37164.30	-23.46
-0.9161	0.016002	-0.002587	37167.30	-23.65
-0.9145	0.016345	-0.002515	37170.30	-23.60
-0.9156	0.016799	-0.002075	37173.30	-23.63
-0.9216	0.016389	-0.002572	37176.30	-23.79
-0.9260	0.016455	-0.002338	37179.30	-23.90
-0.9205	0.016538	-0.002491	37182.30	-23.76
-0.9260	0.016145	-0.002761	37185.30	-23.90
-0.9304	0.016072	-0.002689	37188.30	-24.02
-0.9249	0.016501	-0.002419	37191.30	-23.88
-0.9254	0.016578	-0.002401	37194.30	-23.89
-0.9325	0.016209	-0.002396	37197.30	-24.08
-0.9304	0.016457	-0.002303	37200.30	-24.02
-0.9320	0.016456	-0.002616	37203.30	-24.06
-0.9320	0.016123	-0.002431	37206.30	-24.06
-0.9282	0.016468	-0.002405	37209.30	-23.96
-0.9315	0.016626	-0.002301	37212.30	-24.05
-0.9353	0.016441	-0.002454	37215.30	-24.15
-0.9380	0.016543	-0.002263	37218.30	-24.22
-0.9325	0.016718	-0.002421	37221.30	-24.08
-0.9309	0.016543	-0.002180	37224.30	-24.03
-0.9287	0.016684	-0.002314	37227.30	-23.98
-0.9265	0.016920	-0.002250	37230.30	-23.92
-0.9238	0.016760	-0.002007	37233.30	-23.85
-0.9183	0.016978	-0.002016	37236.30	-23.70
-0.9129	0.016753	-0.002239	37239.30	-23.56
-0.9068	0.016696	-0.002052	37242.30	-23.40
-0.9025	0.016793	-0.002249	37245.30	-23.29
-0.8964	0.016767	-0.002137	37248.30	-23.13
-0.8948	0.016780	-0.002221	37251.30	-23.08
-0.8926	0.016835	-0.001896	37254.30	-23.03
-0.8844	0.016798	-0.002121	37257.30	-22.81
-0.8795	0.016881	-0.002193	37260.30	-22.68
-0.8762	0.016907	-0.002073	37263.30	-22.60
-0.8691	0.016723	-0.002101	37266.30	-22.41
-0.8647	0.016764	-0.002036	37269.30	-22.29
-0.8609	0.016838	-0.001864	37272.30	-22.19
-0.8587	0.016898	-0.002076	37275.30	-22.14
-0.8505	0.016828	-0.002031	37278.30	-21.92
-0.8478	0.016830	-0.002075	37281.30	-21.85
-0.8434	0.017198	-0.001838	37284.30	-21.73
-0.8396	0.016962	-0.001903	37287.30	-21.63
-0.8368	0.016975	-0.001810	37290.30	-21.56
-0.8297	0.016913	-0.001960	37293.30	-21.38
-0.8275	0.016957	-0.002008	37296.30	-21.32
-0.8226	0.017022	-0.001995	37299.30	-21.19
-0.8177	0.016817	-0.001996	37302.30	-21.06
-0.8111	0.016696	-0.002159	37305.30	-20.89
-0.8062	0.016881	-0.002096	37308.30	-20.76
-0.8029	0.016747	-0.001977	37311.30	-20.67
-0.8024	0.016731	-0.002120	37314.30	-20.66
-0.7953	0.017020	-0.002265	37317.30	-20.47
-0.7898	0.016671	-0.001975	37320.30	-20.33
-0.7876	0.016851	-0.002258	37323.30	-20.27
-0.7843	0.016965	-0.002138	37326.30	-20.19
-0.7789	0.016855	-0.002107	37329.30	-20.04
-0.7750	0.017137	-0.002090	37332.30	-19.94
-0.7707	0.016970	-0.002169	37335.30	-19.83
-0.7663	0.016944	-0.002144	37338.30	-19.71
-0.7657	0.017031	-0.001898	37341.30	-19.70
-0.7608	0.016753	-0.002154	37344.30	-19.57
-0.7553	0.017052	-0.002150	37347.30	-19.43
-0.7493	0.016939	-0.002228	37350.30	-19.27
-0.7477	0.016828	-0.002177	37353.30	-19.23
-0.7422	0.016932	-0.002130	37356.30	-19.09
-0.7428	0.016976	-0.002188	37359.30	-19.10
-0.7346	0.016832	-0.002084	37362.30	-18.89
-0.7335	0.016912	-0.002159	37365.30	-18.86
-0.7296	0.016889	-0.002058	37368.30	-18.76
-0.7280	0.016867	-0.002232	37371.30	-18.71
-0.7247	0.017031	-0.002198	37374.30	-18.63
-0.7209	0.016924	-0.002070	37377.30	-18.53
-0.7192	0.016932	-0.002025	37380.30	-18.49
-0.7127	0.016893	-0.002188	37383.30	-18.31
-0.7116	0.016948	-0.002339	37386.30	-18.29
-0.7072	0.016910	-0.002115	37389.30	-18.17
-0.7072	0.017056	-0.001839	37392.30	-18.17
-0.7023	0.016817	-0.002103	37395.30	-18.04
-0.6979	0.017112	-0.002086	37398.30	-17.93
-0.6941	0.017021	-0.002034	37401.30	-17.83
-0.6919	0.016962	-0.002185	37404.30	-17.77
-0.6870	0.016978	-0.002085	37407.30	-17.64
-0.6881	0.016932	-0.002149	37410.30	-17.67
-0.6831	0.017212	-0.001768	37413.30	-17.54
-0.6782	0.017016	-0.002023	37416.30	-17.42
-0.6771	0.016966	-0.001962	37419.31	-17.39
-0.6760	0.017030	-0.001938	37422.31	-17.36
-0.6728	0.016947	-0.001945	37425.33	-17.27
-0.6706	0.017170	-0.001817	37428.33	-17.22
-0.6689	0.017091	-0.002091	37431.33	-17.17
-0.6656	0.017142	-0.001964	37434.33	-17.09
-0.6624	0.017055	-0.001921	37437.33	-17.00
-0.6585	0.017159	-0.002087	37440.33	-16.90
-0.6591	0.016944	-0.001965	37443.55	-16.92
-0.6542	0.017048	-0.002066	37446.53	-16.79
-0.6525	0.017246	-0.002056	37449.53	-16.75
-0.6503	0.017031	-0.002033	37452.53	-16.69
-0.6470	0.017030	-0.001979	37455.53	-16.60
-0.6449	0.016977	-0.002133	37458.53	-16.55
-0.6421	0.016872	-0.002014	37461.53	-16.48
-0.6388	0.016996	-0.001891	37464.53	-16.39
-0.6383	0.017201	-0.002070	37467.53	-16.38
-0.6350	0.017413	-0.002007	37470.53	-16.29
-0.6328	0.017002	-0.002091	37473.53	-16.23
-0.6323	0.017038	-0.001960	37476.53	-16.22
-0.6301	0.017089	-0.001955	37479.53	-16.16
-0.6284	0.017265	-0.001748	37482.53	-16.12
-0.6268	0.017138	-0.001895	37485.53	-16.08
-0.6213	0.017170	-0.001822	37488.53	-15.94
-0.6208	0.017263	-0.001881	37491.53	-15.92
-0.6164	0.017190	-0.001941	37494.53	-15.81
-0.6131	0.017267	-0.002013	37497.53	-15.72
-0.6137	0.017376	-0.001877	37500.53	-15.74
-0.6115	0.017187	-0.001873	37503.53	-15.68
-0.6099	0.017373	-0.001887	37506.53	-15.64
-0.6082	0.017185	-0.001988	37509.53	-15.59
-0.6055	0.017282	-0.001933	37512.53	-15.52
-0.6049	0.017119	-0.001869	37515.53	-15.51
-0.6022	0.017288	-0.001808	37518.53	-15.44
-0.6022	0.017227	-0.001852	37521.53	-15.44
-0.5995	0.017161	-0.001910	37524.53	-15.37
-0.5945	0.017444	-0.001748	37527.53	-15.24
-0.5945	0.017299	-0.001811	37530.53	-15.24
-0.5907	0.017277	-0.001709	37533.53	-15.14
-0.5907	0.017396	-0.001908	37536.53	-15.14
-0.5869	0.017388	-0.001953	37539.53	-15.04
-0.5852	0.017340	-0.001810	37542.53	-15.00
-0.5831	0.017376	-0.001858	37545.59	-14.94
-0.5836	0.017425	-0.001845	37548.59	-14.96
-0.5798	0.017320	-0.001823	37551.59	-14.86
-0.5776	0.017286	-0.001732	37554.59	-14.80
-0.5770	0.017275	-0.001796	37557.59	-14.78
-0.5743	0.017362	-0.001880	37560.59	-14.71
-0.5716	0.017343	-0.001774	37563.59	-14.64
-0.5705	0.017233	-0.002002	37566.59	-14.61
-0.5672	0.017277	-0.001904	37569.59	-14.53
-0.5634	0.017140	-0.001825	37572.59	-14.43
-0.5661	0.017387	-0.002071	37575.59	-14.50
-0.5612	0.017260	-0.001937	37578.59	-14.37
-0.5612	0.017275	-0.001880	37581.59	-14.37
-0.5573	0.017303	-0.001792	37584.59	-14.27
-0.5579	0.017377	-0.001787	37587.59	-14.29
-0.5557	0.017394	-0.001790	37590.59	-14.23
-0.5535	0.017294	-0.001920	37593.59	-14.17
-0.5497	0.017460	-0.001669	37596.59	-14.08
-0.5519	0.017401	-0.001678	37599.59	-14.13
-0.5469	0.017355	-0.001707	37602.59	-14.00
-0.5431	0.017448	-0.001871	37605.59	-13.91
-0.5426	0.017317	-0.001799	37608.59	-13.89
-0.5420	0.017342	-0.001828	37611.59	-13.88
-0.5420	0.017224	-0.001649	37614.59	-13.88
-0.5398	0.017548	-0.001727	37617.59	-13.82
-0.5349	0.017397	-0.001695	37620.59	-13.69
-0.5349	0.017424	-0.001882	37623.59	-13.69
-0.5322	0.017497	-0.001663	37626.59	-13.62
-0.5322	0.017814	-0.001657	37629.59	-13.62
-0.5322	0.017633	-0.001781	37632.59	-13.62
-0.5295	0.017490	-0.001802	37635.59	-13.55
-0.5262	0.017579	-0.001750	37638.59	-13.47
-0.5240	0.017466	-0.001815	37641.59	-13.41
-0.5256	0.017370	-0.001863	37644.59	-13.45
-0.5207	0.017462	-0.001737	37647.59	-13.32
-0.5185	0.017498	-0.001715	37650.59	-13.27
-0.5180	0.017574	-0.001933	37653.59	-13.25
-0.5158	0.017320	-0.001824	37656.59	-13.20
-0.5125	0.017484	-0.001774	37659.59	-13.11
-0.5136	0.017573	-0.001893	37662.59	-13.14
-0.5114	0.017435	-0.001827	37665.59	-13.08
-0.5109	0.017357	-0.001833	37668.59	-13.07
-0.5098	0.017431	-0.001946	37671.59	-13.04
-0.5065	0.017304	-0.001832	37674.59	-12.96
-0.5048	0.017206	-0.001749	37677.59	-12.91
-0.5054	0.017275	-0.001748	37680.59	-12.93
-0.5032	0.017249	-0.001912	37683.59	-12.87
-0.5016	0.017383	-0.001796	37686.59	-12.83
-0.4994	0.017355	-0.001855	37689.59	-12.77
-0.4983	0.017389	-0.001886	37692.59	-12.74
-0.4977	0.017363	-0.001870	37695.59	-12.73
-0.4944	0.017244	-0.001855	37698.59	-12.64
-0.4928	0.017303	-0.001938	37701.59	-12.60
-0.4901	0.017385	-0.001907	37704.59	-12.53
-0.4857	0.017460	-0.001946	37707.59	-12.42
-0.4791	0.017382	-0.001940	37710.59	-12.25
-0.4758	0.017295	-0.001883	37713.59	-12.16
-0.4709	0.017444	-0.001931	37716.59	-12.04
-0.4655	0.017443	-0.001924	37719.59	-11.90
-0.4622	0.017450	-0.001909	37722.59	-11.81
-0.4551	0.017552	-0.001868	37725.59	-11.63
-0.4512	0.017421	-0.001623	37728.59	-11.53
-0.4463	0.017539	-0.001641	37731.59	-11.40
-0.4387	0.017679	-0.001481	37734.59	-11.20
-0.4376	0.017637	-0.001628	37737.59	-11.17
-0.4288	0.017749	-0.001643	37740.59	-10.95
-0.4250	0.017707	-0.001573	37743.59	-10.85
-0.4206	0.017560	-0.001558	37746.59	-10.74
-0.4168	0.017559	-0.001587	37749.59	-10.64
-0.4108	0.017559	-0.001573	37752.59	-10.48
-0.4058	0.017670	-0.001485	37755.59	-10.36
-0.4020	0.017804	-0.001590	37758.59	-10.26
-0.3998	0.017648	-0.001575	37761.59	-10.20
-0.3938	0.017658	-0.001664	37764.59	-10.05
-0.3905	0.017820	-0.001728	37767.59	-9.96
-0.3872	0.017584	-0.001886	37770.59	-9.88
-0.3829	0.017477	-0.001915	37773.59	-9.76
-0.3768	0.017381	-0.001921	37776.59	-9.61
-0.3714	0.017506	-0.001677	37779.59	-9.47
-0.3648	0.017720	-0.001907	37782.59	-9.30
-0.3583	0.017564	-0.001738	37785.59	-9.13
-0.3533	0.017567	-0.001840	37788.59	-9.00
-0.3451	0.017609	-0.001819	37791.59	-8.79
-0.3369	0.017727	-0.001687	37794.59	-8.58
-0.3309	0.017618	-0.001752	37797.59	-8.43
-0.3211	0.017760	-0.001379	37800.59	-8.17
-0.3129	0.017749	-0.001647	37803.59	-7.96
-0.3085	0.017837	-0.001500	37806.59	-7.85
-0.2986	0.017811	-0.001750	37809.59	-7.60
-0.2937	0.018062	-0.001744	37812.59	-7.47
-0.2866	0.017559	-0.001768	37815.59	-7.29
-0.2784	0.017550	-0.001788	37818.59	-7.08
-0.2729	0.017588	-0.001938	37821.59	-6.94
-0.2669	0.017511	-0.001809	37824.59	-6.79
-0.2571	0.017855	-0.001752	37827.59	-6.53
-0.2478	0.017601	-0.001764	37830.59	-6.30
-0.2412	0.017632	-0.001710	37833.59	-6.13
-0.2346	0.017576	-0.001768	37836.59	-5.96
-0.2232	0.017750	-0.001775	37839.59	-5.67
-0.2150	0.017802	-0.001450	37842.59	-5.46
-0.2067	0.017864	-0.001636	37845.59	-5.25
-0.1996	0.017799	-0.001464	37848.59	-5.06
-0.1903	0.017819	-0.001634	37851.59	-4.83
-0.1838	0.017686	-0.001614	37854.59	-4.66
-0.1761	0.017883	-0.001498	37857.59	-4.46
-0.1696	0.017837	-0.001451	37860.59	-4.30
-0.1635	0.017765	-0.001715	37863.59	-4.14
-0.1608	0.017950	-0.001710	37866.59	-4.07
-0.1537	0.017716	-0.001575	37869.59	-3.89
-0.1477	0.017680	-0.001404	37872.59	-3.74
-0.1422	0.017606	-0.001669	37875.59	-3.60
-0.1362	0.017722	-0.001497	37878.59	-3.45
-0.1313	0.017820	-0.001495	37881.59	-3.32
-0.1269	0.017358	-0.001953	37884.59	-3.21
-0.1236	0.017496	-0.001817	37887.59	-3.13
-0.1209	0.017166	-0.001940	37890.59	-3.06
-0.1132	0.017418	-0.001839	37893.59	-2.86
-0.1105	0.017363	-0.001806	37896.59	-2.79
-0.1023	0.017469	-0.001894	37899.59	-2.59
-0.0952	0.017314	-0.001870	37902.59	-2.41
-0.0908	0.017596	-0.001917	37905.59	-2.29
-0.0842	0.017349	-0.001783	37908.59	-2.13
-0.0782	0.017502	-0.001582	37911.59	-1.98
-0.0722	0.017552	-0.001694	37914.59	-1.82
-0.0651	0.017475	-0.001530	37917.59	-1.64
-0.0596	0.017463	-0.001251	37920.59	-1.50
-0.0531	0.017587	-0.001611	37923.59	-1.34
-0.0481	0.017482	-0.001332	37926.59	-1.21
-0.0421	0.017665	-0.001392	37929.59	-1.06
-0.0361	0.017477	-0.001253	37932.59	-0.91
-0.0301	0.017599	-0.001371	37935.59	-0.76
-0.0268	0.017441	-0.001460	37938.59	-0.68
-0.0235	0.017616	-0.001304	37941.59	-0.59
-0.0164	0.017678	-0.001271	37944.59	-0.41
-0.0131	0.017859	-0.001292	37947.59	-0.33
-0.0077	0.017667	-0.001193	37950.59	-0.19
-0.0049	0.017453	-0.001189	37953.59	-0.12
0.0011	0.017477	-0.001187	37956.59	0.03
0.0044	0.017688	-0.001341	37959.59	0.11
0.0071	0.017354	-0.001286	37962.59	0.18
0.0104	0.017721	-0.001237	37965.59	0.26
0.0142	0.017778	-0.001072	37968.59	0.36
0.0164	0.018087	-0.001057	37971.59	0.41
0.0191	0.017576	-0.001060	37974.59	0.48
0.0235	0.017667	-0.001143	37977.59	0.59
0.0263	0.017589	-0.000875	37980.59	0.66
0.0295	0.017636	-0.001128	37983.59	0.74
0.0317	0.017457	-0.001260	37986.59	0.80
0.0350	0.017716	-0.001290	37989.59	0.88
0.0361	0.017678	-0.000932	37992.59	0.91
0.0388	0.017643	-0.001004	37995.59	0.97
0.0377	0.017591	-0.000930	37998.59	0.95
0.0438	0.017566	-0.001027	38001.59	1.10
0.0459	0.017578	-0.000987	38004.59	1.15
0.0481	0.017696	-0.001032	38007.59	1.21
0.0487	0.017665	-0.001083	38010.59	1.22
0.0498	0.017255	-0.000917	38013.59	1.25
0.0514	0.017427	-0.001106	38016.59	1.29
0.0509	0.017172	-0.001384	38019.59	1.28
0.0541	0.017131	-0.001214	38022.59	1.36
0.0563	0.017226	-0.001433	38025.59	1.41
0.0580	0.017023	-0.001662	38028.59	1.45
0.0613	0.017044	-0.001646	38031.59	1.54
0.0640	0.016797	-0.001504	38034.59	1.61
0.0678	0.016962	-0.001488	38037.59	1.70
0.0717	0.017099	-0.001274	38040.59	1.80
0.0766	0.017253	-0.001729	38043.59	1.92
0.0820	0.017033	-0.001473	38046.59	2.06
0.0875	0.017010	-0.001441	38049.59	2.20
0.0930	0.016909	-0.001524	38052.59	2.33
0.0963	0.016925	-0.001525	38055.59	2.42
0.1023	0.017061	-0.001328	38058.59	2.57
0.1061	0.017072	-0.001285	38061.59	2.66
0.1110	0.016978	-0.001133	38064.59	2.79
0.1181	0.017001	-0.001422	38067.59	2.96
0.1192	0.016797	-0.001238	38070.59	2.99
0.1258	0.016965	-0.001066	38073.59	3.16
0.1285	0.017077	-0.001407	38076.59	3.22
0.1329	0.016887	-0.001368	38079.59	3.33
0.1384	0.016712	-0.001333	38082.59	3.47
0.1406	0.016629	-0.001280	38085.59	3.53
0.1444	0.016826	-0.001116	38088.59	3.62
0.1499	0.016871	-0.001289	38091.59	3.76
0.1510	0.016756	-0.001345	38094.59	3.79
0.1537	0.016862	-0.001434	38097.59	3.86
0.1586	0.016788	-0.001475	38100.59	3.98
0.1608	0.016879	-0.001232	38103.59	4.03
0.1619	0.016621	-0.001205	38106.59	4.06
0.1652	0.016708	-0.001375	38109.59	4.14
0.1690	0.017512	-0.001262	38112.59	4.24
0.1723	0.016749	-0.001452	38115.59	4.32
0.1745	0.016750	-0.001474	38118.59	4.38
0.1799	0.016813	-0.001286	38121.59	4.51
0.1827	0.016730	-0.001360	38124.59	4.58
0.1865	0.016432	-0.001177	38127.59	4.68
0.1925	0.016571	-0.001259	38130.59	4.83
0.1953	0.016482	-0.001216	38133.59	4.90
0.2024	0.016637	-0.001132	38136.59	5.08
0.2073	0.016773	-0.000888	38139.59	5.20
0.2128	0.016790	-0.001126	38142.59	5.34
0.2160	0.016689	-0.001046	38145.59	5.42
0.2210	0.016732	-0.000966	38148.59	5.54
0.2292	0.016758	-0.000842	38151.59	5.75
0.2363	0.016696	-0.000749	38154.59	5.93
0.2407	0.016612	-0.000901	38157.59	6.04
0.2423	0.016798	-0.000717	38160.59	6.08
0.2494	0.016740	-0.000886	38163.59	6.26
0.2543	0.016855	-0.000844	38166.59	6.38
0.2598	0.016747	-0.000983	38169.59	6.52
0.2647	0.016571	-0.001058	38172.59	6.64
0.2702	0.016693	-0.000601	38175.59	6.78
0.2729	0.016662	-0.000659	38178.59	6.85
0.2773	0.016476	-0.001023	38181.59	6.96
0.2822	0.016767	-0.000857	38184.59	7.08
0.2866	0.016605	-0.000830	38187.59	7.19
0.2943	0.016529	-0.000869	38190.59	7.38
0.2975	0.016497	-0.000874	38193.59	7.46
0.3014	0.016370	-0.000669	38196.59	7.56
0.3090	0.016900	-0.000523	38199.59	7.75
0.3156	0.016730	-0.000567	38202.59	7.92
0.3222	0.016646	-0.000601	38205.59	8.08
0.3309	0.016420	-0.000839	38208.59	8.30
0.3375	0.016434	-0.000561	38211.59	8.47
0.3457	0.016623	-0.000317	38214.59	8.67
0.3511	0.016438	-0.000622	38217.59	8.81
0.3588	0.016799	-0.000368	38220.59	9.00
0.3659	0.016465	-0.000422	38223.59	9.18
0.3730	0.016443	-0.000375	38226.59	9.36
0.3790	0.016438	-0.000341	38229.59	9.51
0.3845	0.016673	-0.000234	38232.59	9.64
0.3916	0.016615	-0.000162	38235.59	9.82
0.3971	0.017205	-0.000500	38238.59	9.96
0.4026	0.016242	-0.000102	38241.59	10.10
0.4091	0.016453	-0.000352	38244.59	10.26
0.4151	0.016416	-0.000317	38247.59	10.41
0.4228	0.016163	-0.000002	38250.59	10.60
0.4294	0.016609	0.000147	38253.59	10.77
0.4359	0.016208	-0.000048	38256.59	10.93
0.4447	0.016385	0.000139	38259.59	11.15
0.4534	0.016475	0.000218	38262.59	11.37
0.4605	0.016495	0.000312	38265.59	11.55
0.4704	0.016352	0.000192	38268.59	11.79
0.4775	0.016704	0.000553	38271.59	11.97
0.4851	0.016696	0.000202	38274.59	12.16
0.4923	0.016685	0.000493	38277.59	12.34
0.4999	0.016834	0.000779	38280.59	12.53
0.5070	0.016407	0.000640	38283.59	12.71
0.5119	0.016406	0.000424	38286.59	12.83
0.5212	0.016431	0.000394	38289.59	13.07
0.5267	0.016693	0.000407	38292.59	13.20
0.5344	0.016741	0.000416	38295.59	13.39
0.5420	0.016803	0.000461	38298.59	13.59
0.5464	0.016487	0.000362	38301.59	13.70
0.5546	0.016443	0.000527	38304.59	13.90
0.5590	0.016210	0.000256	38307.59	14.01
0.5606	0.016136	0.000552	38310.59	14.05
0.5677	0.016459	0.000004	38313.59	14.23
0.5754	0.016352	0.000356	38316.59	14.42
0.5759	0.016276	0.000255	38319.59	14.43
0.5831	0.016240	0.000057	38322.59	14.61
0.5847	0.016108	0.000469	38325.59	14.65
0.5902	0.016291	0.000355	38328.59	14.79
0.5973	0.015793	0.000272	38331.59	14.97
0.5995	0.016316	-0.000203	38334.59	15.02
0.6038	0.016002	-0.000056	38337.59	15.13
0.6060	0.016121	0.000537	38340.59	15.18
0.6098	0.016016	0.000276	38343.59	15.28
0.6181	0.016075	0.000486	38346.59	15.49
0.6170	0.016110	0.000077	38349.59	15.46
0.6208	0.015601	0.000288	38352.59	15.55
0.6263	0.016161	0.000351	38355.59	15.69
0.6284	0.016437	-0.000312	38358.59	15.74
0.6279	0.015471	-0.000009	38361.59	15.73
0.6317	0.016354	0.000025	38364.59	15.83
0.6350	0.015904	-0.000018	38367.59	15.91
0.6399	0.015910	-0.000002	38370.59	16.03
0.6427	0.015751	-0.000038	38373.59	16.10
0.6476	0.016003	-0.000198	38376.59	16.22
0.6509	0.015565	0.000126	38379.59	16.30
0.6574	0.016144	-0.000218	38382.59	16.47
0.6618	0.016082	0.000369	38385.59	16.58
0.6684	0.015839	0.000273	38388.59	16.74
0.6766	0.015700	0.000577	38391.59	16.95
0.6815	0.016274	-0.000024	38394.59	17.07
0.6924	0.016854	-0.000411	38397.59	17.34
0.6957	0.015606	0.000385	38400.59	17.42
0.7045	0.016515	0.000346	38403.59	17.64
0.7143	0.016365	0.000441	38406.59	17.89
0.7214	0.016288	0.000443	38409.59	18.06
0.7313	0.016599	-0.000357	38412.59	18.31
0.7389	0.016694	0.000876	38415.59	18.50
0.7455	0.016075	0.001037	38418.59	18.66
0.7510	0.016212	0.000102	38421.59	18.80
0.7575	0.015885	0.000006	38424.59	18.96
0.7657	0.015807	0.000080	38427.59	19.17
0.7728	0.015896	-0.000013	38430.59	19.34
0.7810	0.016319	0.000398	38433.59	19.55
0.7909	0.015747	0.000430	38436.59	19.79
0.7980	0.016541	0.000199	38439.59	19.97
0.8117	0.016357	0.000706	38442.59	20.31
0.8210	0.016149	0.000349	38445.59	20.54
0.8303	0.016245	0.000267	38448.59	20.77
0.8412	0.016293	0.000526	38451.59	21.04
0.8521	0.015991	0.001134	38454.59	21.32
0.8631	0.016186	0.000338	38457.59	21.59
0.8740	0.016154	0.000343	38460.59	21.86
0.8855	0.015154	0.000963	38463.59	22.14
0.8964	0.016165	0.000306	38466.59	22.42
0.9052	0.016492	-0.000435	38469.59	22.63
0.9118	0.016155	0.000122	38472.59	22.80
0.9222	0.016126	-0.000017	38475.59	23.05
0.9282	0.015728	-0.000005	38478.59	23.20
0.9386	0.016159	-0.000113	38481.59	23.46
0.9457	0.016114	0.000113	38484.59	23.64
0.9566	0.016292	0.000255	38487.59	23.91
0.9676	0.016185	-0.000176	38490.59	24.18
0.9796	0.016367	0.000207	38493.59	24.48
0.9872	0.015752	0.000040	38496.59	24.67
1.0020	0.016176	0.000200	38499.59	25.03
1.0091	0.015873	-0.000158	38502.59	25.21
1.0184	0.016190	0.000177	38505.59	25.44
1.0294	0.016270	-0.000121	38508.59	25.71
1.0408	0.015464	0.000355	38511.59	25.99
1.0496	0.015964	0.000134	38514.59	26.21
1.0573	0.015833	0.000133	38517.59	26.40
1.0682	0.016221	-0.000244	38520.59	26.67
1.0720	0.016228	0.000090	38523.59	26.77
1.0835	0.015886	0.000107	38526.59	27.05
1.0884	0.016712	-0.000451	38529.59	27.17
1.0983	0.016408	0.000175	38532.59	27.41
1.1026	0.016394	-0.000078	38535.59	27.52
1.1109	0.015964	-0.000032	38538.59	27.73
1.1147	0.016174	-0.000476	38541.59	27.82
1.1212	0.016384	-0.000132	38544.59	27.98
1.1256	0.016108	-0.000257	38547.59	28.09
1.1311	0.016169	0.000064	38550.59	28.23
1.1366	0.016069	-0.000477	38553.59	28.36
1.1409	0.016032	-0.000293	38556.59	28.47
1.1464	0.015839	-0.000253	38559.59	28.60
1.1546	0.016004	-0.000057	38562.59	28.81
1.1634	0.015651	-0.000097	38565.59	29.02
1.1716	0.016168	-0.000036	38568.59	29.22
1.1792	0.016807	-0.000254	38571.59	29.41
1.1863	0.016475	-0.000057	38574.59	29.59
1.1951	0.016337	0.000175	38577.59	29.80
1.2027	0.016189	0.000434	38580.59	29.99
1.2093	0.016478	-0.000008	38583.59	30.15
1.2197	0.016618	-0.000073	38586.59	30.41
1.2295	0.016507	-0.000086	38589.59	30.65
1.2388	0.016753	-0.000028	38592.59	30.88
1.2465	0.016053	-0.000032	38595.59	31.07
1.2552	0.016148	-0.000035	38598.59	31.29
1.2618	0.016379	-0.000534	38601.59	31.45
1.2711	0.015752	-0.000117	38604.59	31.68
1.2831	0.016461	-0.000217	38607.59	31.97
1.2935	0.015948	-0.000306	38610.59	32.23
1.3028	0.016514	-0.000141	38613.59	32.46
1.3154	0.016319	-0.000119	38616.59	32.77
1.3264	0.016030	-0.000149	38619.59	33.04
1.3373	0.016494	0.000283	38622.59	33.30
1.3466	0.016958	0.000141	38625.59	33.53
1.3564	0.016230	0.000069	38628.59	33.77
1.3674	0.016600	0.000392	38631.59	34.04
1.3767	0.016495	0.000160	38634.59	34.27
1.3838	0.016461	0.000190	38637.59	34.45
1.3920	0.016604	0.000170	38640.59	34.65
1.4007	0.017248	-0.000465	38643.59	34.86
1.4084	0.016817	0.000184	38646.59	35.05
1.4171	0.016578	0.000071	38649.59	35.26
1.4243	0.016562	-0.000033	38652.59	35.44
1.4286	0.016663	0.000235	38655.59	35.55
1.4330	0.016783	-0.000014	38658.59	35.65
1.4407	0.016359	0.000096	38661.59	35.84
1.4456	0.016402	-0.000215	38664.59	35.96
1.4532	0.016121	-0.000425	38667.59	36.15
1.4587	0.016293	-0.000184	38670.59	36.28
1.4593	0.016675	0.000012	38673.59	36.30
1.4636	0.016287	-0.000117	38676.59	36.40
1.4686	0.016343	0.000013	38679.59	36.53
1.4740	0.016149	-0.000678	38682.59	36.66
1.4762	0.016082	-0.000245	38685.59	36.71
1.4817	0.016039	-0.000364	38688.59	36.85
1.4877	0.016189	-0.000179	38691.59	36.99
1.4959	0.016360	-0.000228	38694.59	37.20
1.5036	0.016462	-0.000255	38697.59	37.38
1.5101	0.016301	-0.000033	38700.59	37.54
1.5194	0.016365	0.000077	38703.59	37.77
1.5287	0.016509	-0.000193	38706.59	38.00
1.5375	0.016357	-0.000098	38709.59	38.21
1.5457	0.016560	-0.000116	38712.59	38.41
1.5561	0.016476	-0.000070	38715.59	38.67
1.5665	0.016375	0.000125	38718.59	38.92
1.5725	0.016690	0.000150	38721.59	39.07
1.5796	0.016480	-0.000416	38724.59	39.24
1.5894	0.016299	-0.000343	38727.59	39.48
1.5993	0.016428	-0.000743	38730.59	39.72
1.6037	0.016195	-0.000619	38733.59	39.83
1.6173	0.016261	-0.000090	38736.59	40.16
1.6266	0.016466	0.000002	38739.59	40.39
1.6359	0.017057	-0.000023	38742.59	40.62
1.6496	0.016472	-0.000644	38745.59	40.95
1.6622	0.016434	0.000352	38748.59	41.26
1.6726	0.016671	-0.000095	38751.59	41.51
1.6841	0.016684	0.000138	38754.59	41.79
1.6972	0.017440	0.000580	38757.59	42.11
1.7065	0.017096	-0.000235	38760.59	42.34
1.7169	0.017056	-0.000310	38763.59	42.59
1.7262	0.017000	0.000206	38766.59	42.82
1.7316	0.017011	0.000358	38769.59	42.95
1.7448	0.017199	0.000289	38772.59	43.27
1.7508	0.016450	0.000221	38775.59	43.42
1.7584	0.017108	-0.000314	38778.59	43.61
1.7639	0.016916	-0.000319	38781.59	43.74
1.7705	0.016416	-0.000363	38784.59	43.90
1.7781	0.016711	-0.000409	38787.59	44.08
1.7841	0.016404	-0.000392	38790.59	44.23
1.7896	0.016480	-0.000671	38793.59	44.36
1.7962	0.016565	-0.000331	38796.59	44.52
1.7984	0.016770	-0.000311	38799.59	44.58
1.8033	0.016547	-0.000770	38802.59	44.70
1.8088	0.015996	-0.000272	38805.59	44.83
1.8126	0.016758	-0.000447	38808.59	44.92
1.8153	0.016517	-0.000343	38811.59	44.99
1.8170	0.016586	-0.000524	38814.59	45.03
1.8213	0.015989	-0.001600	38817.59	45.14
1.8246	0.016685	-0.000080	38820.59	45.22
1.8268	0.016331	0.000076	38823.59	45.27
1.8295	0.016357	-0.000478	38826.59	45.34
