n Δx [mm] Δy [mm] φ [deg] R [mm] Δz [µm]
1 -0,0165 0,1694 -95,55 0,1702 -0,3248
2 0,0965 0,0141 -8,33 0,0975 -0,1782
3 -0,0047 0,0894 -93,01 0,0895 0,3169
4 0,0824 0,0000 0,00 0,0824 -0,1188
5 0,0000 0,0776 -90,00 0,0776 0,0356
6 0,0682 -0,0071 5,91 0,0686 -0,0475
7 0,0000 0,0988 -90,00 0,0988 0,0871
8 0,0612 -0,0024 2,20 0,0612 -0,0198
9 -0,0118 0,1106 -96,07 0,1112 0,0911
10 0,1224 -0,0141 6,58 0,1232 0,0792
11 -0,0024 0,1200 -91,12 0,1200 -0,0753
12 0,1035 0,0000 0,00 0,1035 0,1584
13 0,0047 0,0894 -86,99 0,0895 0,0673
14 0,0776 0,0047 -3,47 0,0778 0,2812
15 -0,0094 0,1812 -92,97 0,1814 -0,2258
16 0,1459 -0,0024 0,92 0,1459 -0,1782
17 -0,0071 0,0918 -94,40 0,0920 -0,0198
18 0,0753 -0,0047 3,58 0,0754 0,3763
19 -0,0047 0,2894 -90,93 0,2895 0,0079
20 0,3694 -0,0094 1,46 0,3695 0,1386
21 -0,0118 0,2259 -92,98 0,2262 0,0396
22 0,2071 -0,0094 2,60 0,2073 -0,1188
23 0,0047 0,0941 -87,14 0,0942 -0,0634
24 0,1082 -0,0071 3,73 0,1085 -0,0158
25 0,0000 0,0776 -90,00 0,0776 0,4515
26 0,0776 0,0000 0,00 0,0776 -0,6218
27 -0,0047 0,0612 -94,40 0,0614 0,2178
28 0,0635 -0,0094 8,43 0,0642 -0,1426
29 0,0024 0,1153 -88,83 0,1153 -0,0951
30 0,1176 -0,0094 4,57 0,1180 0,7407
31 0,0000 0,1106 -90,00 0,1106 0,0317
32 0,0918 0,0024 -1,47 0,0918 0,1901
33 -0,0024 0,0894 -91,51 0,0894 0,0436
34 0,1082 -0,0118 6,20 0,1089 0,6892
35 0,0071 0,1365 -87,04 0,1367 -0,0119
36 0,1765 0,0000 0,00 0,1765 -0,0238
37 0,0141 0,1059 -82,41 0,1068 -0,8436
38 0,0941 -0,0024 1,43 0,0941 -0,8001
39 -0,0071 0,0800 -95,04 0,0803 0,1109
40 -0,0518 0,0000 180,00 0,0518 -0,0317
41 -0,0141 -0,1012 97,94 0,1022 -0,2535
42 -0,1200 0,0141 -173,29 0,1208 0,0990
43 -0,0047 -0,0565 94,76 0,0567 0,0951
44 -0,0635 0,0024 -177,88 0,0636 0,1664
45 -0,0071 -0,1506 92,68 0,1508 -0,0673
46 -0,1318 -0,0047 177,95 0,1318 0,3248
47 -0,0024 -0,1153 91,17 0,1153 -0,2337
48 0,0871 -0,0141 9,21 0,0882 -0,0119
49 0,0047 -0,0965 87,21 0,0966 0,1465
50 0,1412 -0,0071 2,86 0,1414 0,1307
51 0,0000 -0,1153 90,00 0,1153 -0,2733
52 0,1129 -0,0047 2,39 0,1130 -0,0040
53 0,0000 -0,0729 90,00 0,0729 -0,1267
54 -0,0824 0,0000 180,00 0,0824 -0,1901
55 0,0094 -0,0400 76,76 0,0411 0,3961
56 -0,0612 0,0024 -177,80 0,0612 -0,6654
57 0,0235 -0,1859 82,79 0,1874 0,2139
58 -0,1200 -0,0024 178,88 0,1200 0,1267
59 0,0024 -0,2353 89,43 0,2353 -0,0238
60 0,1600 -0,0047 1,68 0,1601 -0,1980
61 -0,0094 -0,0847 96,34 0,0852 0,0119
62 0,1247 -0,0047 2,16 0,1248 -0,0713
63 0,0071 -0,1388 87,09 0,1390 0,1426
64 -0,1835 0,0141 -175,60 0,1841 -0,0515
65 -0,0047 0,2494 -91,08 0,2495 0,0198
66 -0,2918 0,0212 -175,85 0,2925 0,0158
67 0,0024 0,0894 -88,49 0,0894 0,0515
68 -0,0659 0,0024 -177,95 0,0659 0,0792
69 -0,0565 0,0024 -177,61 0,0565 -0,0713
70 0,0000 -0,0447 90,00 0,0447 0,0475
71 -0,2000 0,0000 180,00 0,2000 0,0792
72 0,0024 0,2000 -89,33 0,2000 -0,0713
73 0,0729 0,0071 -5,53 0,0733 -0,0040
74 -0,0024 0,0894 -91,51 0,0894 -0,1347
75 -0,0988 0,0094 -174,56 0,0993 0,1624
76 0,0071 0,0894 -85,49 0,0897 0,1822
77 -0,0871 -0,0047 176,91 0,0872 0,1465
78 0,0141 0,0800 -79,99 0,0812 0,0317
79 -0,0776 0,0047 -176,53 0,0778 -0,0356
80 0,0141 0,0894 -81,03 0,0905 0,0000
81 -0,1929 0,0071 -177,90 0,1931 0,0634
82 0,0071 0,0612 -83,42 0,0616 -0,1505
83 -0,0471 0,0071 -171,47 0,0476 -0,1822
84 0,0000 0,0518 -90,00 0,0518 0,0951
85 -0,0871 0,0071 -175,36 0,0873 -0,0158
86 0,0094 0,1200 -85,52 0,1204 0,0634
87 -0,2141 -0,0212 174,35 0,2152 0,3089
88 0,0118 0,2094 -86,78 0,2097 -0,1465
89 -0,0494 -0,0024 177,27 0,0495 0,0990
90 0,0094 0,0588 -80,91 0,0596 -0,1069
91 -0,1153 0,0118 -174,17 0,1159 -0,1743
92 0,0094 0,0635 -81,57 0,0642 -0,1109
93 -0,0847 0,0071 -175,24 0,0850 0,0119
94 0,0047 0,0871 -86,91 0,0872 0,3723
95 -0,0494 0,0047 -174,56 0,0496 0,2654
96 0,0071 0,0941 -85,71 0,0944 -0,1307
97 -0,1459 0,0024 -179,08 0,1459 0,0832
98 0,0000 0,2000 -90,00 0,2000 -0,2218
99 -0,0635 0,0071 -173,66 0,0639 0,4872
100 0,0094 0,0965 -84,43 0,0969 -0,0119
101 -0,0259 -0,0659 111,45 0,0708 -0,8080
102 -0,0588 0,0118 -168,69 0,0600 0,1584
103 0,0094 0,1106 -85,14 0,1110 -0,0040
104 -0,0871 0,0118 -172,30 0,0879 -0,0396
105 0,0118 0,1224 -84,51 0,1229 -0,1188
106 -0,0447 0,0071 -171,03 0,0453 -0,1941
107 0,0024 0,0471 -87,14 0,0471 0,0079
108 -0,1294 0,0024 -178,96 0,1294 0,0990
109 0,0047 0,1882 -88,57 0,1883 0,0356
110 -0,0565 -0,0071 172,87 0,0569 0,0079
111 0,0000 0,1224 -90,00 0,1224 0,0871
112 -0,0800 0,0118 -171,63 0,0809 -0,4198
113 0,0165 0,1035 -80,96 0,1048 0,0356
114 -0,0847 -0,0024 178,41 0,0847 -0,0119
115 0,0141 0,1294 -83,77 0,1302 -0,0238
