1.0266	0.013162	-0.010155	38220.97	25.64
1.0310	0.013224	-0.010074	38223.97	25.75
1.0288	0.013248	-0.010058	38226.97	25.70
1.0299	0.013232	-0.010091	38229.97	25.72
1.0266	0.013217	-0.010118	38232.97	25.64
1.0244	0.013171	-0.010110	38235.97	25.59
1.0151	0.013310	-0.009948	38238.97	25.36
0.9933	0.013355	-0.009927	38241.97	24.82
0.9747	0.013309	-0.010024	38244.97	24.36
0.9654	0.013161	-0.010063	38247.97	24.13
0.9522	0.013110	-0.010145	38250.97	23.80
0.9380	0.013020	-0.010147	38253.97	23.45
0.9243	0.013039	-0.010183	38256.97	23.11
0.9101	0.013007	-0.010177	38259.97	22.76
0.8964	0.012961	-0.010197	38262.97	22.42
0.8833	0.012923	-0.010180	38265.97	22.09
0.8691	0.012909	-0.010204	38268.97	21.74
0.8554	0.012913	-0.010203	38271.97	21.40
0.8445	0.012908	-0.010157	38274.97	21.13
0.8297	0.012931	-0.010236	38277.97	20.76
0.8139	0.012845	-0.010269	38280.97	20.36
0.7985	0.012812	-0.010277	38283.97	19.98
0.7838	0.012777	-0.010262	38286.97	19.62
0.7707	0.012831	-0.010267	38289.97	19.29
0.7575	0.012789	-0.010239	38292.97	18.96
0.7460	0.012769	-0.010234	38295.97	18.68
0.7329	0.012747	-0.010245	38298.97	18.35
0.7192	0.012760	-0.010232	38301.97	18.01
0.7072	0.012765	-0.010183	38304.97	17.71
0.6963	0.012796	-0.010210	38307.97	17.44
0.6837	0.012760	-0.010201	38310.97	17.12
0.6738	0.012764	-0.010191	38313.97	16.88
0.6634	0.012765	-0.010162	38316.97	16.62
0.6509	0.012773	-0.010174	38319.97	16.30
0.6388	0.012789	-0.010160	38322.97	16.00
0.6295	0.012771	-0.010172	38325.97	15.77
0.6213	0.012767	-0.010147	38328.97	15.57
0.6104	0.012751	-0.010221	38331.97	15.29
0.6011	0.012723	-0.010192	38334.97	15.06
0.5934	0.012726	-0.010205	38337.97	14.87
0.5847	0.012739	-0.010192	38340.97	14.65
0.5748	0.012751	-0.010165	38343.97	14.41
0.5650	0.012750	-0.010220	38346.97	14.16
0.5584	0.012727	-0.010207	38349.97	14.00
0.5480	0.012698	-0.010285	38352.97	13.74
0.5431	0.012678	-0.010275	38355.97	13.61
0.5333	0.012662	-0.010328	38358.97	13.37
0.5262	0.012636	-0.010305	38361.97	13.19
0.5201	0.012675	-0.010345	38364.97	13.04
0.5136	0.012648	-0.010343	38367.97	12.87
0.5048	0.012623	-0.010377	38370.97	12.66
0.4988	0.012656	-0.010411	38373.97	12.51
0.4939	0.012616	-0.010418	38376.97	12.38
0.4873	0.012620	-0.010443	38379.97	12.22
0.4813	0.012662	-0.010457	38382.97	12.07
0.4758	0.012647	-0.010481	38385.97	11.93
0.4698	0.012670	-0.010506	38388.97	11.78
0.4666	0.012646	-0.010509	38391.97	11.70
0.4622	0.012682	-0.010517	38394.97	11.59
0.4556	0.012698	-0.010517	38397.97	11.42
0.4496	0.012770	-0.010525	38400.97	11.27
0.4458	0.012751	-0.010555	38403.97	11.18
0.4392	0.012750	-0.010598	38406.97	11.01
0.4354	0.012753	-0.010620	38409.97	10.92
0.4294	0.012792	-0.010656	38412.97	10.77
0.4272	0.012811	-0.010616	38415.97	10.71
0.4212	0.012845	-0.010638	38418.97	10.56
0.4179	0.012847	-0.010628	38421.97	10.48
0.4124	0.012885	-0.010674	38424.97	10.34
0.4091	0.012903	-0.010699	38427.97	10.26
0.4058	0.012935	-0.010738	38430.97	10.18
0.4015	0.012936	-0.010714	38433.97	10.07
0.3971	0.012936	-0.010745	38436.97	9.96
0.3944	0.012908	-0.010713	38439.97	9.89
0.3894	0.012952	-0.010795	38442.97	9.77
0.3872	0.013002	-0.010795	38445.97	9.71
0.3834	0.013030	-0.010829	38448.97	9.62
0.3779	0.013014	-0.010819	38451.97	9.48
0.3752	0.013061	-0.010849	38454.97	9.41
0.3719	0.013064	-0.010830	38457.97	9.33
0.3670	0.013081	-0.010904	38460.97	9.21
0.3632	0.013080	-0.010916	38463.97	9.11
0.3610	0.013129	-0.010954	38466.97	9.05
0.3561	0.013184	-0.010945	38469.97	8.93
0.3544	0.013179	-0.010983	38472.97	8.89
0.3501	0.013171	-0.011000	38475.97	8.78
0.3473	0.013182	-0.011031	38478.97	8.71
0.3446	0.013168	-0.011079	38481.97	8.64
0.3397	0.013234	-0.011097	38484.97	8.52
0.3380	0.013265	-0.011086	38487.97	8.48
0.3320	0.013311	-0.011117	38490.97	8.33
0.3304	0.013344	-0.011122	38493.97	8.29
0.3282	0.013332	-0.011138	38496.97	8.23
0.3238	0.013392	-0.011158	38499.97	8.12
0.3205	0.013423	-0.011168	38502.97	8.04
0.3183	0.013168	-0.011281	38505.97	7.99
0.3145	0.013419	-0.011215	38508.97	7.89
0.3118	0.013466	-0.011239	38511.97	7.82
0.3068	0.013471	-0.011300	38514.97	7.70
0.3057	0.013516	-0.011275	38517.97	7.67
0.3008	0.013559	-0.011319	38520.97	7.55
0.2970	0.013544	-0.011350	38523.97	7.45
0.2937	0.013593	-0.011345	38526.97	7.37
0.2910	0.013638	-0.011316	38529.97	7.30
0.2893	0.013698	-0.011376	38532.97	7.26
0.2844	0.013706	-0.011371	38535.97	7.14
0.2822	0.013760	-0.011358	38538.97	7.08
0.2784	0.013771	-0.011430	38541.97	6.98
0.2779	0.013761	-0.011464	38544.97	6.97
0.2713	0.013764	-0.011493	38547.97	6.81
0.2691	0.013819	-0.011508	38550.97	6.75
0.2675	0.013878	-0.011508	38553.97	6.71
0.2625	0.013918	-0.011524	38556.97	6.59
0.2603	0.013928	-0.011552	38559.97	6.53
0.2554	0.013937	-0.011559	38562.97	6.41
0.2516	0.013975	-0.011604	38565.97	6.31
0.2494	0.014019	-0.011598	38568.97	6.26
0.2467	0.014022	-0.011653	38571.97	6.19
0.2434	0.014060	-0.011663	38574.97	6.11
0.2401	0.014108	-0.011708	38577.97	6.02
0.2352	0.014111	-0.011686	38580.97	5.90
0.2325	0.014163	-0.011751	38583.97	5.83
0.2286	0.014178	-0.011781	38586.97	5.74
0.2259	0.014170	-0.011832	38589.97	5.67
0.2226	0.014226	-0.011801	38592.97	5.59
0.2177	0.014277	-0.011818	38595.97	5.46
0.2133	0.014289	-0.011815	38598.97	5.35
0.2111	0.014322	-0.011861	38601.97	5.30
0.2078	0.014365	-0.011886	38604.97	5.21
0.2046	0.014401	-0.011938	38607.97	5.13
0.2002	0.014449	-0.011968	38610.97	5.02
0.1953	0.014464	-0.011988	38613.97	4.90
0.1920	0.014485	-0.012042	38616.97	4.82
0.1865	0.014547	-0.012048	38619.97	4.68
0.1838	0.014572	-0.012075	38622.97	4.61
0.1805	0.014620	-0.012118	38625.97	4.53
0.1756	0.014627	-0.012160	38628.97	4.41
0.1712	0.014647	-0.012175	38631.97	4.30
0.1657	0.014715	-0.012205	38634.97	4.16
0.1641	0.014692	-0.012209	38637.97	4.12
0.1586	0.014714	-0.012251	38640.97	3.98
0.1548	0.014726	-0.012291	38643.97	3.88
0.1521	0.014749	-0.012320	38646.97	3.81
0.1455	0.014743	-0.012350	38649.97	3.65
0.1411	0.014801	-0.012373	38652.97	3.54
0.1384	0.014763	-0.012404	38655.97	3.47
0.1318	0.014776	-0.012430	38658.97	3.31
0.1291	0.014832	-0.012438	38661.97	3.24
0.1263	0.014818	-0.012474	38664.97	3.17
0.1192	0.014859	-0.012507	38667.97	2.99
0.1132	0.014850	-0.012471	38670.97	2.84
0.1105	0.014885	-0.012495	38673.97	2.77
0.1056	0.014909	-0.012505	38676.97	2.65
0.1034	0.014919	-0.012535	38679.97	2.59
0.0946	0.014917	-0.012545	38682.97	2.37
0.0902	0.014933	-0.012576	38685.97	2.26
0.0892	0.014939	-0.012606	38688.97	2.24
0.0848	0.014943	-0.012631	38691.97	2.13
0.0777	0.014956	-0.012650	38694.97	1.95
0.0749	0.014998	-0.012660	38697.97	1.88
0.0700	0.014953	-0.012668	38700.97	1.76
0.0651	0.014944	-0.012688	38703.97	1.63
0.0624	0.015018	-0.012668	38706.97	1.56
0.0574	0.014992	-0.012721	38709.97	1.44
0.0509	0.014953	-0.012764	38712.97	1.28
0.0481	0.014978	-0.012729	38715.97	1.21
0.0432	0.014987	-0.012735	38718.97	1.08
0.0394	0.015019	-0.012743	38721.97	0.99
0.0345	0.015001	-0.012789	38724.97	0.86
0.0295	0.015025	-0.012823	38727.97	0.74
0.0246	0.015030	-0.012786	38730.97	0.62
0.0208	0.015018	-0.012792	38733.97	0.52
0.0164	0.015055	-0.012845	38736.97	0.41
0.0088	0.015073	-0.012822	38739.97	0.22
0.0066	0.015071	-0.012852	38742.97	0.16
0.0011	0.015041	-0.012871	38745.97	0.03
-0.0044	0.015059	-0.012852	38748.97	-0.11
-0.0115	0.015083	-0.012822	38751.97	-0.29
-0.0159	0.015070	-0.012878	38754.97	-0.40
-0.0181	0.015069	-0.012877	38757.97	-0.45
-0.0241	0.015085	-0.012870	38760.97	-0.61
-0.0295	0.015092	-0.012872	38763.97	-0.74
-0.0334	0.015081	-0.012899	38766.97	-0.84
-0.0377	0.015105	-0.012919	38769.97	-0.95
-0.0427	0.015114	-0.012931	38772.97	-1.08
-0.0492	0.015102	-0.012933	38775.97	-1.24
-0.0509	0.015095	-0.012935	38778.97	-1.28
-0.0558	0.015069	-0.012945	38781.97	-1.41
-0.0613	0.015085	-0.012936	38784.97	-1.55
-0.0673	0.015113	-0.012928	38787.97	-1.70
-0.0711	0.015099	-0.012972	38790.97	-1.80
-0.0760	0.015124	-0.012942	38793.97	-1.92
-0.0788	0.015124	-0.012969	38796.97	-1.99
-0.0831	0.015100	-0.012961	38799.97	-2.10
-0.0897	0.015134	-0.012952	38802.97	-2.27
-0.0930	0.015138	-0.012952	38805.97	-2.35
-0.0974	0.015140	-0.012975	38808.97	-2.46
-0.1017	0.015142	-0.012976	38811.97	-2.57
-0.1072	0.015136	-0.012980	38814.97	-2.71
-0.1132	0.015127	-0.012977	38817.97	-2.86
-0.1165	0.015148	-0.012996	38820.97	-2.95
-0.1209	0.015145	-0.013009	38823.97	-3.06
-0.1242	0.015182	-0.012988	38826.97	-3.14
-0.1291	0.015182	-0.013007	38829.97	-3.27
-0.1340	0.015156	-0.013015	38832.97	-3.39
-0.1384	0.015165	-0.012989	38835.97	-3.50
-0.1433	0.015183	-0.013013	38838.97	-3.63
-0.1466	0.015142	-0.013022	38841.97	-3.71
-0.1510	0.015148	-0.013041	38844.97	-3.82
-0.1542	0.015192	-0.013002	38847.97	-3.91
-0.1592	0.015155	-0.013012	38850.97	-4.03
-0.1652	0.015181	-0.013047	38853.97	-4.19
-0.1679	0.015134	-0.013049	38856.97	-4.26
-0.1728	0.015149	-0.013096	38859.97	-4.38
-0.1761	0.015157	-0.013047	38862.97	-4.46
-0.1794	0.015168	-0.013063	38865.97	-4.55
-0.1843	0.015146	-0.013041	38868.97	-4.67
-0.1882	0.015110	-0.013104	38871.97	-4.77
-0.1931	0.015163	-0.013119	38874.97	-4.90
-0.1964	0.015140	-0.013093	38877.97	-4.98
-0.1996	0.015103	-0.013075	38880.97	-5.06
-0.2051	0.015142	-0.013068	38883.97	-5.20
-0.2095	0.015159	-0.013091	38886.97	-5.32
-0.2139	0.015146	-0.013069	38889.97	-5.43
-0.2166	0.015149	-0.013100	38892.97	-5.50
-0.2204	0.015118	-0.013066	38895.97	-5.60
-0.2270	0.015176	-0.013092	38898.97	-5.76
-0.2286	0.015173	-0.013082	38901.97	-5.81
-0.2319	0.015147	-0.013121	38904.97	-5.89
-0.2379	0.015161	-0.013120	38907.97	-6.04
-0.2396	0.015154	-0.013139	38910.97	-6.09
-0.2434	0.015145	-0.013112	38913.97	-6.18
-0.2494	0.015126	-0.013111	38916.97	-6.34
-0.2521	0.015160	-0.013144	38919.97	-6.41
-0.2593	0.015141	-0.013172	38922.97	-6.59
-0.2604	0.015145	-0.013139	38925.97	-6.62
-0.2642	0.015149	-0.013145	38928.97	-6.72
-0.2707	0.015126	-0.013095	38931.97	-6.88
-0.2729	0.015127	-0.013145	38934.97	-6.94
-0.2757	0.015114	-0.013137	38937.97	-7.01
-0.2828	0.015133	-0.013125	38940.97	-7.19
-0.2850	0.015153	-0.013148	38943.97	-7.25
-0.2872	0.015108	-0.013169	38946.97	-7.30
-0.2915	0.015123	-0.013179	38949.97	-7.42
-0.2937	0.015108	-0.013162	38952.97	-7.47
-0.2986	0.015097	-0.013120	38955.97	-7.60
-0.3025	0.015145	-0.013149	38958.97	-7.70
-0.3052	0.015122	-0.013151	38961.97	-7.77
-0.3101	0.015097	-0.013149	38964.97	-7.89
-0.3112	0.015125	-0.013178	38967.97	-7.92
-0.3156	0.015100	-0.013197	38970.97	-8.03
-0.3200	0.015103	-0.013192	38973.97	-8.15
-0.3249	0.015084	-0.013180	38976.97	-8.27
-0.3287	0.015106	-0.013164	38979.97	-8.37
-0.3293	0.015119	-0.013171	38982.97	-8.39
-0.3353	0.015122	-0.013168	38985.97	-8.54
-0.3386	0.015105	-0.013198	38988.97	-8.62
-0.3413	0.015107	-0.013200	38991.97	-8.70
-0.3446	0.015082	-0.013174	38994.97	-8.78
-0.3468	0.015073	-0.013219	38997.97	-8.84
-0.3533	0.015058	-0.013223	39000.97	-9.00
-0.3561	0.015091	-0.013213	39003.97	-9.07
-0.3577	0.015057	-0.013205	39006.97	-9.12
-0.3632	0.015058	-0.013214	39009.97	-9.26
-0.3643	0.015061	-0.013226	39012.97	-9.29
-0.3681	0.015094	-0.013177	39015.97	-9.38
-0.3719	0.015050	-0.013206	39018.97	-9.48
-0.3752	0.015072	-0.013191	39021.97	-9.57
-0.3785	0.015037	-0.013182	39024.97	-9.65
-0.3796	0.015052	-0.013236	39027.97	-9.68
-0.3834	0.015075	-0.013206	39030.97	-9.78
-0.3867	0.015068	-0.013223	39033.97	-9.86
-0.3933	0.015053	-0.013224	39036.97	-10.03
-0.3933	0.015047	-0.013225	39039.97	-10.03
-0.3993	0.015038	-0.013238	39042.97	-10.19
-0.3998	0.015065	-0.013267	39045.97	-10.20
-0.4020	0.015023	-0.013267	39048.97	-10.26
-0.4069	0.015043	-0.013260	39051.97	-10.38
-0.4113	0.015026	-0.013257	39054.97	-10.50
-0.4146	0.015060	-0.013218	39057.97	-10.58
-0.4151	0.015016	-0.013239	39060.97	-10.60
-0.4206	0.015016	-0.013230	39063.97	-10.74
-0.4228	0.015037	-0.013229	39066.97	-10.79
-0.4250	0.015000	-0.013259	39069.97	-10.85
-0.4272	0.015005	-0.013246	39072.97	-10.91
-0.4315	0.015025	-0.013257	39075.97	-11.02
-0.4354	0.015028	-0.013246	39078.97	-11.12
-0.4392	0.015025	-0.013267	39081.97	-11.22
-0.4403	0.015016	-0.013233	39084.97	-11.25
-0.4430	0.015002	-0.013231	39087.97	-11.32
-0.4474	0.014987	-0.013255	39090.97	-11.43
-0.4496	0.015006	-0.013257	39093.97	-11.49
-0.4507	0.015013	-0.013237	39096.97	-11.51
-0.4545	0.014998	-0.013252	39099.97	-11.61
-0.4589	0.015041	-0.013238	39102.97	-11.73
-0.4600	0.015016	-0.013203	39105.97	-11.75
-0.4627	0.015032	-0.013209	39108.97	-11.82
-0.4666	0.014990	-0.013215	39111.97	-11.92
-0.4682	0.015044	-0.013195	39114.97	-11.97
-0.4715	0.015002	-0.013196	39117.97	-12.05
-0.4726	0.015000	-0.013243	39120.97	-12.08
-0.4758	0.015024	-0.013236	39123.97	-12.16
-0.4802	0.015018	-0.013230	39126.97	-12.28
-0.4808	0.015002	-0.013204	39129.97	-12.29
-0.4846	0.015000	-0.013232	39132.97	-12.39
-0.4884	0.014997	-0.013240	39135.97	-12.49
-0.4917	0.014987	-0.013217	39138.97	-12.57
-0.4923	0.014996	-0.013244	39141.97	-12.59
-0.4950	0.014994	-0.013250	39144.97	-12.66
-0.4977	0.015000	-0.013224	39147.97	-12.73
-0.5010	0.014976	-0.013223	39150.97	-12.81
-0.5026	0.014987	-0.013201	39153.97	-12.86
-0.5076	0.014990	-0.013226	39156.97	-12.98
-0.5098	0.014959	-0.013212	39159.97	-13.04
-0.5114	0.014981	-0.013233	39162.97	-13.08
-0.5141	0.014996	-0.013253	39165.97	-13.15
-0.5169	0.015006	-0.013254	39168.97	-13.23
-0.5191	0.014980	-0.013257	39171.97	-13.28
-0.5223	0.014965	-0.013237	39174.97	-13.37
-0.5251	0.014978	-0.013227	39177.97	-13.44
-0.5267	0.014958	-0.013231	39180.97	-13.48
-0.5278	0.014978	-0.013251	39183.97	-13.51
-0.5305	0.014992	-0.013241	39186.97	-13.58
-0.5333	0.014962	-0.013254	39189.97	-13.65
-0.5382	0.014945	-0.013254	39192.97	-13.78
-0.5387	0.014965	-0.013250	39195.97	-13.79
-0.5415	0.014991	-0.013169	39198.97	-13.86
-0.5426	0.014994	-0.013192	39201.97	-13.89
-0.5448	0.014977	-0.013222	39204.97	-13.95
-0.5491	0.014963	-0.013228	39207.97	-14.06
-0.5491	0.014953	-0.013244	39210.97	-14.06
-0.5508	0.014997	-0.013236	39213.97	-14.10
-0.5552	0.014977	-0.013211	39216.97	-14.22
-0.5573	0.014960	-0.013222	39219.97	-14.27
-0.5601	0.014960	-0.013216	39222.97	-14.34
-0.5628	0.014977	-0.013207	39225.97	-14.42
-0.5639	0.014973	-0.013215	39228.97	-14.44
-0.5672	0.014963	-0.013220	39231.97	-14.53
-0.5694	0.014970	-0.013230	39234.97	-14.59
-0.5699	0.014961	-0.013200	39237.97	-14.60
-0.5732	0.014983	-0.013228	39240.97	-14.69
-0.5765	0.014973	-0.013217	39243.97	-14.77
-0.5787	0.014973	-0.013218	39246.97	-14.83
-0.5809	0.014921	-0.013224	39249.97	-14.88
-0.5831	0.014958	-0.013256	39252.97	-14.94
-0.5830	0.014933	-0.013238	39255.97	-14.94
-0.5869	0.014908	-0.013249	39258.97	-15.04
-0.5869	0.014929	-0.013224	39261.97	-15.04
-0.5896	0.014950	-0.013268	39264.97	-15.11
-0.5934	0.014935	-0.013258	39267.97	-15.21
-0.5940	0.014906	-0.013245	39270.97	-15.22
-0.5995	0.014922	-0.013225	39273.97	-15.37
-0.5989	0.014919	-0.013269	39276.97	-15.35
-0.6016	0.014909	-0.013234	39279.97	-15.42
-0.6044	0.014951	-0.013230	39282.97	-15.49
-0.6033	0.014891	-0.013242	39285.97	-15.47
-0.6093	0.014922	-0.013224	39288.97	-15.62
-0.6098	0.014904	-0.013246	39291.97	-15.64
-0.6115	0.014890	-0.013218	39294.97	-15.68
-0.6137	0.014918	-0.013212	39297.97	-15.74
-0.6175	0.014912	-0.013241	39300.97	-15.84
-0.6197	0.014897	-0.013241	39303.97	-15.89
-0.6192	0.014889	-0.013250	39306.97	-15.88
-0.6202	0.014904	-0.013238	39309.97	-15.91
-0.6230	0.014908	-0.013250	39312.97	-15.98
-0.6246	0.014869	-0.013183	39315.97	-16.02
-0.6290	0.014917	-0.013226	39318.97	-16.13
-0.6295	0.014913	-0.013232	39321.97	-16.15
-0.6306	0.014881	-0.013207	39324.97	-16.18
-0.6328	0.014930	-0.013225	39327.97	-16.23
-0.6350	0.014911	-0.013227	39330.97	-16.29
-0.6372	0.014915	-0.013224	39333.97	-16.35
-0.6399	0.014918	-0.013244	39336.97	-16.42
-0.6399	0.014894	-0.013206	39339.97	-16.42
-0.6432	0.014903	-0.013205	39342.97	-16.50
-0.6438	0.014912	-0.013217	39345.97	-16.52
-0.6454	0.014902	-0.013224	39348.97	-16.56
-0.6487	0.014893	-0.013240	39351.97	-16.65
-0.6498	0.014892	-0.013240	39354.97	-16.68
-0.6520	0.014889	-0.013229	39357.97	-16.73
-0.6536	0.014903	-0.013249	39360.97	-16.77
-0.6558	0.014918	-0.013240	39363.97	-16.83
-0.6569	0.014915	-0.013237	39366.97	-16.86
-0.6585	0.014853	-0.013256	39369.97	-16.90
-0.6618	0.014841	-0.013277	39372.97	-16.99
-0.6613	0.014852	-0.013223	39375.97	-16.97
-0.6645	0.014863	-0.013232	39378.97	-17.06
-0.6673	0.014856	-0.013281	39381.97	-17.13
-0.6662	0.014882	-0.013249	39384.97	-17.10
-0.6684	0.014874	-0.013260	39387.97	-17.16
-0.6689	0.014866	-0.013241	39390.97	-17.17
-0.6738	0.014856	-0.013268	39393.97	-17.30
-0.6749	0.014865	-0.013281	39396.97	-17.33
-0.6760	0.014857	-0.013252	39399.97	-17.36
-0.6777	0.014872	-0.013250	39402.97	-17.40
-0.6815	0.014837	-0.013261	39405.97	-17.50
-0.6804	0.014872	-0.013247	39408.97	-17.47
-0.6842	0.014837	-0.013246	39411.97	-17.57
-0.6853	0.014864	-0.013243	39414.97	-17.60
-0.6903	0.014836	-0.013240	39417.97	-17.73
-0.6881	0.014832	-0.013244	39420.97	-17.67
-0.6919	0.014847	-0.013243	39423.97	-17.77
-0.6930	0.014820	-0.013239	39426.97	-17.80
-0.6930	0.014835	-0.013259	39429.97	-17.80
-0.6963	0.014832	-0.013271	39432.97	-17.89
-0.6974	0.014820	-0.013244	39435.97	-17.91
-0.6985	0.014841	-0.013239	39438.97	-17.94
-0.6995	0.014827	-0.013239	39441.97	-17.97
-0.7012	0.014825	-0.013276	39444.97	-18.01
-0.7045	0.014849	-0.013233	39447.97	-18.10
-0.7039	0.014828	-0.013276	39450.97	-18.09
-0.7056	0.014830	-0.013250	39453.97	-18.13
-0.7067	0.014835	-0.013247	39456.97	-18.16
-0.7088	0.014820	-0.013254	39459.97	-18.21
-0.7116	0.014817	-0.013270	39462.97	-18.29
-0.7099	0.014856	-0.013220	39465.97	-18.24
-0.7132	0.014866	-0.013212	39468.97	-18.33
-0.7149	0.014868	-0.013184	39471.97	-18.37
-0.7176	0.014871	-0.013211	39474.97	-18.44
-0.7165	0.014805	-0.012982	39477.97	-18.41
-0.7203	0.015656	-0.013175	39480.97	-18.51
-0.7214	0.014901	-0.012969	39483.97	-18.54
-0.7253	0.014869	-0.013185	39486.97	-18.64
-0.7253	0.014850	-0.013159	39489.97	-18.64
-0.7258	0.017335	-0.012044	39492.97	-18.66
-0.7274	0.016924	-0.011076	39495.97	-18.70
-0.7307	0.015557	-0.013139	39498.97	-18.79
-0.7307	0.015803	-0.013067	39501.97	-18.79
-0.7313	0.014938	-0.013064	39504.97	-18.80
-0.7335	0.014905	-0.013136	39507.97	-18.86
-0.7346	0.014921	-0.013110	39510.97	-18.89
-0.7373	0.014896	-0.013125	39513.97	-18.96
-0.7373	0.014912	-0.013122	39516.97	-18.96
-0.7395	0.014919	-0.013102	39519.97	-19.01
-0.7417	0.014891	-0.013118	39522.97	-19.07
-0.7428	0.014920	-0.013155	39525.97	-19.10
-0.7433	0.014910	-0.013121	39528.97	-19.11
-0.7455	0.014890	-0.013157	39531.97	-19.17
-0.7455	0.014896	-0.013166	39534.97	-19.17
-0.7307	0.014947	-0.013295	39537.97	-18.79
-0.6328	0.014813	-0.013453	39540.97	-16.23
-0.5989	0.014689	-0.013407	39543.97	-15.35
-0.5792	0.014563	-0.013504	39546.97	-14.84
-0.5634	0.014629	-0.013446	39549.97	-14.43
-0.5442	0.014829	-0.013358	39552.97	-13.93
-0.5218	0.014781	-0.013292	39555.97	-13.35
-0.5043	0.014950	-0.013197	39558.97	-12.90
-0.4944	0.014959	-0.013189	39561.97	-12.64
-0.4780	0.014990	-0.013224	39564.97	-12.22
-0.4638	0.015015	-0.013198	39567.97	-11.85
-0.4501	0.015020	-0.013202	39570.97	-11.50
-0.4545	0.015083	-0.013053	39573.97	-11.61
-0.4359	0.015151	-0.013254	39576.97	-11.13
-0.4129	0.015162	-0.013146	39579.97	-10.54
-0.3840	0.015180	-0.013285	39582.97	-9.79
-0.3823	0.015097	-0.013179	39585.97	-9.75
-0.3730	0.015324	-0.013015	39588.97	-9.51
-0.3577	0.015348	-0.012951	39591.97	-9.12
-0.3621	0.015377	-0.013047	39594.97	-9.23
-0.3479	0.015254	-0.013153	39597.97	-8.86
-0.3304	0.015166	-0.013307	39600.97	-8.41
-0.3156	0.015175	-0.013200	39603.97	-8.03
-0.3041	0.015206	-0.013240	39606.97	-7.74
-0.2888	0.015143	-0.013336	39609.97	-7.35
-0.2850	0.015133	-0.013308	39612.97	-7.25
-0.2784	0.015196	-0.013245	39615.97	-7.08
-0.2653	0.015229	-0.013260	39618.97	-6.74
-0.2538	0.015244	-0.013245	39621.97	-6.45
-0.2521	0.015339	-0.013129	39624.97	-6.41
-0.2439	0.015386	-0.013156	39627.97	-6.20
-0.2264	0.015323	-0.013156	39630.97	-5.75
-0.2133	0.015371	-0.013143	39633.97	-5.41
-0.2057	0.015428	-0.013145	39636.97	-5.22
-0.1975	0.015353	-0.013266	39639.97	-5.01
-0.1876	0.015251	-0.013324	39642.97	-4.76
-0.1783	0.015243	-0.013246	39645.97	-4.52
-0.1679	0.015420	-0.013157	39648.97	-4.26
-0.1668	0.015417	-0.013222	39651.97	-4.23
-0.1510	0.015324	-0.013312	39654.97	-3.82
-0.1477	0.015180	-0.013398	39657.97	-3.74
-0.1329	0.015324	-0.013253	39660.97	-3.36
-0.1253	0.015439	-0.013163	39663.97	-3.17
-0.1192	0.015476	-0.013160	39666.97	-3.02
-0.1154	0.015407	-0.013249	39669.97	-2.92
-0.1067	0.015436	-0.013300	39672.97	-2.70
-0.0903	0.015364	-0.013374	39675.97	-2.28
-0.0766	0.015297	-0.013426	39678.97	-1.93
-0.0656	0.015245	-0.013462	39681.97	-1.66
-0.0580	0.015224	-0.013485	39684.97	-1.46
-0.0525	0.015182	-0.013534	39687.97	-1.32
-0.0476	0.015169	-0.013554	39690.97	-1.20
-0.0372	0.015177	-0.013525	39693.97	-0.94
-0.0306	0.015197	-0.013480	39696.97	-0.77
-0.0317	0.015253	-0.013371	39699.97	-0.80
-0.0099	0.015238	-0.013480	39702.97	-0.25
-0.0038	0.015376	-0.013371	39705.97	-0.10
0.0066	0.015440	-0.013325	39708.97	0.16
0.0213	0.015622	-0.013139	39711.97	0.54
0.0219	0.015615	-0.013160	39714.97	0.55
0.0224	0.015651	-0.013196	39717.97	0.56
0.0284	0.015534	-0.013284	39720.97	0.71
0.0284	0.015571	-0.013219	39723.97	0.71
0.0361	0.015570	-0.013204	39726.97	0.91
0.0416	0.015574	-0.013241	39729.97	1.04
0.0492	0.015584	-0.013197	39732.97	1.23
0.0547	0.015589	-0.013246	39735.97	1.37
0.0574	0.015474	-0.013331	39738.97	1.44
0.0651	0.015526	-0.013287	39741.97	1.63
0.0766	0.015500	-0.013332	39744.97	1.92
0.0809	0.015498	-0.013312	39747.97	2.03
0.0881	0.015566	-0.013215	39750.97	2.21
0.0919	0.015513	-0.013291	39753.97	2.31
0.0974	0.015551	-0.013277	39756.97	2.44
0.1039	0.015485	-0.013326	39759.97	2.61
0.1083	0.015546	-0.013250	39762.97	2.72
0.1138	0.015606	-0.013190	39765.97	2.85
0.1187	0.015556	-0.013233	39768.97	2.98
0.1263	0.015611	-0.013202	39771.97	3.17
0.1296	0.015655	-0.013151	39774.97	3.25
0.1351	0.015676	-0.013143	39777.97	3.39
0.1395	0.015666	-0.013200	39780.97	3.50
0.1395	0.015638	-0.013212	39783.97	3.50
0.1482	0.015594	-0.013172	39786.97	3.72
0.1548	0.015610	-0.013241	39789.97	3.88
0.1646	0.015569	-0.013230	39792.97	4.13
0.1706	0.015500	-0.013276	39795.97	4.28
0.1734	0.015513	-0.013283	39798.97	4.35
0.1789	0.015490	-0.013310	39801.97	4.49
0.1821	0.015499	-0.013281	39804.97	4.57
0.1882	0.015563	-0.013227	39807.97	4.72
0.1969	0.015558	-0.013205	39810.97	4.94
0.2051	0.015568	-0.013207	39813.97	5.15
0.2111	0.015543	-0.013223	39816.97	5.30
0.2106	0.015576	-0.013170	39819.97	5.28
0.2177	0.015581	-0.013163	39822.97	5.46
0.2193	0.015574	-0.013190	39825.97	5.50
0.2210	0.015526	-0.013230	39828.97	5.54
0.2221	0.015570	-0.013193	39831.97	5.57
0.2264	0.015561	-0.013211	39834.97	5.68
0.2308	0.015540	-0.013202	39837.97	5.79
0.2390	0.015543	-0.013168	39840.97	6.00
0.2407	0.015526	-0.013195	39843.97	6.04
0.2461	0.015492	-0.013176	39846.97	6.18
0.2461	0.015552	-0.013182	39849.97	6.18
0.2439	0.015492	-0.013164	39852.97	6.12
0.2478	0.015572	-0.013055	39855.97	6.22
0.2527	0.015606	-0.013056	39858.97	6.34
0.2576	0.015574	-0.013105	39861.97	6.46
0.2631	0.015586	-0.013092	39864.97	6.60
0.2625	0.015573	-0.013070	39867.97	6.59
0.2669	0.015601	-0.013043	39870.97	6.70
0.2691	0.015557	-0.013047	39873.97	6.75
0.2746	0.015536	-0.013081	39876.97	6.89
0.2762	0.015471	-0.013065	39879.97	6.93
0.2822	0.015519	-0.013068	39882.97	7.08
0.2839	0.015468	-0.013074	39885.97	7.12
0.2926	0.015509	-0.013044	39888.97	7.34
0.2915	0.015522	-0.013008	39891.97	7.31
0.3014	0.015489	-0.013007	39894.97	7.56
0.3052	0.015505	-0.012977	39897.97	7.66
0.3118	0.015571	-0.012921	39900.97	7.82
0.3123	0.015514	-0.012936	39903.97	7.83
0.3161	0.015538	-0.012928	39906.97	7.93
0.3183	0.015426	-0.012974	39909.97	7.99
0.3271	0.015394	-0.012993	39912.97	8.20
0.3309	0.015435	-0.012977	39915.97	8.30
0.3380	0.015359	-0.012963	39918.97	8.48
0.3397	0.015363	-0.012977	39921.97	8.52
0.3402	0.015365	-0.012955	39924.97	8.53
0.3418	0.015373	-0.012939	39927.97	8.57
0.3429	0.015313	-0.012918	39930.97	8.60
0.3446	0.015339	-0.012932	39933.97	8.64
0.3473	0.015352	-0.012888	39936.97	8.71
0.3473	0.015326	-0.012866	39939.97	8.71
0.3506	0.015315	-0.012841	39942.97	8.79
0.3522	0.015270	-0.012854	39945.97	8.84
0.3550	0.015276	-0.012871	39948.97	8.90
0.3550	0.015285	-0.012864	39951.97	8.90
0.3593	0.015219	-0.012827	39954.97	9.01
0.3610	0.015263	-0.012860	39957.97	9.05
0.3632	0.015243	-0.012828	39960.97	9.11
0.3665	0.015207	-0.012791	39963.97	9.19
0.3659	0.015210	-0.012780	39966.97	9.18
0.3681	0.015190	-0.012770	39969.97	9.23
0.3686	0.015179	-0.012732	39972.97	9.25
0.3686	0.015172	-0.012731	39975.97	9.25
0.3697	0.015183	-0.012714	39978.97	9.27
0.3719	0.015142	-0.012719	39981.97	9.33
0.3774	0.015118	-0.012727	39984.97	9.47
0.3763	0.015033	-0.012769	39987.97	9.44
0.3796	0.015089	-0.012714	39990.97	9.52
0.3845	0.015010	-0.012724	39993.97	9.64
0.3883	0.015028	-0.012669	39996.97	9.74
0.3856	0.015018	-0.012664	39999.97	9.67
0.3861	0.015015	-0.012607	40002.97	9.68
0.3922	0.015043	-0.012623	40005.98	9.84
0.3993	0.015024	-0.012579	40008.97	10.01
0.3938	0.015011	-0.012518	40011.97	9.88
0.3938	0.015010	-0.012522	40014.97	9.88
0.3938	0.015017	-0.012507	40017.97	9.88
0.3933	0.015013	-0.012497	40020.97	9.86
0.3949	0.015024	-0.012433	40023.97	9.90
0.3965	0.014989	-0.012433	40026.97	9.95
0.3976	0.014960	-0.012386	40029.97	9.97
0.3993	0.014985	-0.012401	40032.97	10.01
0.4026	0.014970	-0.012322	40035.97	10.10
0.4020	0.014945	-0.012274	40038.97	10.08
0.4015	0.014960	-0.012263	40041.97	10.07
0.4015	0.014916	-0.012262	40044.97	10.07
0.4026	0.014946	-0.012228	40047.97	10.10
0.4058	0.014904	-0.012225	40050.97	10.18
0.4064	0.014898	-0.012224	40053.97	10.19
0.4075	0.014865	-0.012208	40056.97	10.22
0.4102	0.014847	-0.012176	40059.97	10.29
0.4135	0.014868	-0.012182	40062.97	10.37
0.4140	0.014815	-0.012174	40065.97	10.38
0.4162	0.014774	-0.012163	40068.97	10.44
0.4173	0.014799	-0.012167	40071.97	10.47
0.4162	0.014761	-0.012132	40074.97	10.44
0.4173	0.014770	-0.012140	40077.97	10.47
0.4173	0.014736	-0.012100	40080.97	10.47
0.4168	0.014740	-0.012106	40083.97	10.45
0.4190	0.014730	-0.012058	40086.97	10.51
0.4201	0.014708	-0.012051	40089.97	10.53
0.4195	0.014675	-0.012056	40092.97	10.52
0.4228	0.014654	-0.012072	40095.97	10.60
0.4206	0.014635	-0.012035	40098.97	10.55
0.4239	0.014621	-0.012027	40101.97	10.63
0.4277	0.014625	-0.012028	40104.97	10.73
0.4261	0.014638	-0.011998	40107.97	10.68
0.4261	0.014618	-0.012000	40110.97	10.68
0.4299	0.014610	-0.011955	40113.97	10.78
0.4294	0.014566	-0.011959	40116.97	10.77
0.4288	0.014592	-0.011945	40119.97	10.75
0.4283	0.014543	-0.011940	40122.97	10.74
0.4321	0.014527	-0.011931	40125.97	10.84
0.4315	0.014497	-0.011924	40128.97	10.82
0.4326	0.014531	-0.011892	40131.97	10.85
0.4337	0.014502	-0.011907	40134.97	10.88
0.4343	0.014491	-0.011861	40137.97	10.89
0.4370	0.014453	-0.011839	40140.97	10.96
0.4403	0.014507	-0.011819	40143.97	11.04
0.4403	0.014464	-0.011829	40146.97	11.04
0.4403	0.014442	-0.011830	40149.97	11.04
0.4419	0.014388	-0.011855	40152.97	11.08
0.4452	0.014358	-0.011810	40155.97	11.16
0.4441	0.014329	-0.011844	40158.97	11.14
0.4436	0.014366	-0.011790	40161.97	11.12
0.4458	0.014357	-0.011741	40164.97	11.18
0.4469	0.014327	-0.011778	40167.97	11.21
0.4507	0.014298	-0.011780	40170.97	11.30
0.4507	0.014266	-0.011783	40173.97	11.30
0.4507	0.014289	-0.011722	40176.97	11.30
0.4529	0.014299	-0.011766	40179.97	11.36
0.4540	0.014262	-0.011740	40182.97	11.38
0.4518	0.014253	-0.011725	40185.97	11.33
0.4545	0.014221	-0.011739	40188.97	11.40
0.4556	0.014187	-0.011697	40191.97	11.42
0.4594	0.014190	-0.011723	40194.97	11.52
0.4616	0.014230	-0.011652	40197.97	11.57
0.4622	0.014236	-0.011628	40200.97	11.59
0.4638	0.014229	-0.011592	40203.97	11.63
0.4660	0.014198	-0.011605	40206.97	11.68
0.4676	0.014161	-0.011605	40209.97	11.73
0.4715	0.014152	-0.011564	40212.97	11.82
0.4676	0.014133	-0.011607	40215.97	11.73
0.4687	0.014081	-0.011558	40218.97	11.75
0.4682	0.014123	-0.011585	40221.97	11.74
0.4693	0.014054	-0.011567	40224.97	11.77
0.4731	0.014058	-0.011552	40227.97	11.86
0.4715	0.014069	-0.011539	40230.97	11.82
0.4737	0.014050	-0.011498	40233.97	11.88
0.4731	0.014083	-0.011495	40236.97	11.86
0.4764	0.014062	-0.011443	40239.97	11.94
0.4769	0.014063	-0.011440	40242.97	11.96
0.4758	0.014053	-0.011404	40245.97	11.93
0.4780	0.014027	-0.011386	40248.97	11.99
0.4808	0.014097	-0.011376	40251.97	12.05
0.4813	0.014063	-0.011341	40254.97	12.07
0.4819	0.014041	-0.011362	40257.97	12.08
0.4851	0.014131	-0.011297	40260.97	12.16
0.4999	0.014111	-0.011237	40263.97	12.53
0.5114	0.014039	-0.011298	40266.97	12.82
0.5174	0.014056	-0.011294	40269.97	12.97
0.5169	0.013927	-0.011341	40272.97	12.96
0.5180	0.013913	-0.011281	40275.97	12.98
0.5196	0.013927	-0.011246	40278.97	13.03
0.5207	0.013883	-0.011277	40281.97	13.05
0.5245	0.013900	-0.011279	40284.97	13.15
0.5278	0.013889	-0.011219	40287.97	13.23
0.5278	0.013907	-0.011170	40290.97	13.23
0.5289	0.013913	-0.011179	40293.97	13.26
0.5322	0.013862	-0.011154	40296.97	13.34
0.5322	0.013874	-0.011116	40299.97	13.34
0.5360	0.013837	-0.011138	40302.97	13.44
0.5344	0.013837	-0.011102	40305.97	13.39
0.5366	0.013832	-0.011098	40308.97	13.45
0.5382	0.013772	-0.011117	40311.97	13.49
0.5409	0.013755	-0.011092	40314.97	13.56
0.5426	0.013772	-0.011080	40317.97	13.60
0.5448	0.013775	-0.011070	40320.97	13.65
0.5469	0.013714	-0.011051	40323.97	13.71
0.5519	0.013673	-0.011098	40326.97	13.83
0.5497	0.013708	-0.011061	40329.97	13.78
0.5513	0.013699	-0.011043	40332.97	13.82
0.5519	0.013688	-0.011025	40335.97	13.83
0.5552	0.013749	-0.010946	40338.97	13.91
0.5579	0.013702	-0.010953	40341.97	13.98
0.5579	0.013676	-0.010951	40344.97	13.98
0.5617	0.013669	-0.010932	40347.97	14.08
0.5628	0.013679	-0.010887	40350.97	14.11
0.5666	0.013694	-0.010853	40353.97	14.20
0.5655	0.013638	-0.010881	40356.97	14.17
0.5688	0.013667	-0.010841	40359.97	14.26
0.5847	0.013712	-0.010744	40362.97	14.65
0.5913	0.013754	-0.010708	40365.97	14.82
0.6055	0.013823	-0.010654	40368.97	15.17
0.6115	0.013704	-0.010616	40371.97	15.32
0.6131	0.013785	-0.010552	40374.97	15.36
0.6170	0.013773	-0.010564	40377.97	15.46
0.6197	0.013749	-0.010517	40380.97	15.53
0.6224	0.013797	-0.010482	40383.97	15.59
0.6257	0.013772	-0.010469	40386.97	15.68
0.6268	0.013791	-0.010438	40389.98	15.70
0.6279	0.013761	-0.010357	40392.98	15.73
0.6361	0.013834	-0.010335	40395.98	15.94
0.6356	0.013824	-0.010260	40398.98	15.92
0.6443	0.013815	-0.010274	40401.98	16.14
0.6514	0.013818	-0.010252	40404.98	16.32
0.6531	0.013848	-0.010211	40407.98	16.36
0.6563	0.013829	-0.010197	40410.98	16.44
0.6558	0.013793	-0.010195	40413.98	16.43
0.6574	0.013803	-0.010211	40416.98	16.47
0.6618	0.013847	-0.010124	40419.98	16.58
0.6613	0.013857	-0.010103	40422.98	16.56
0.6624	0.013768	-0.010146	40425.98	16.59
0.6706	0.013786	-0.010149	40428.98	16.80
0.6755	0.013798	-0.010078	40431.98	16.92
0.6733	0.013782	-0.010051	40434.98	16.86
0.6760	0.013792	-0.010068	40437.98	16.93
0.6760	0.013728	-0.010078	40440.98	16.93
0.6820	0.013809	-0.009984	40443.98	17.08
0.6837	0.013810	-0.009990	40446.98	17.12
0.6870	0.013783	-0.009953	40449.98	17.20
0.6924	0.013770	-0.009944	40452.98	17.34
0.7017	0.013740	-0.009957	40455.98	17.57
0.7023	0.013776	-0.009933	40458.98	17.59
0.7028	0.013801	-0.009957	40461.98	17.60
0.7050	0.013774	-0.009916	40464.98	17.65
0.7088	0.013747	-0.009913	40467.98	17.75
0.7088	0.013766	-0.009943	40470.98	17.75
0.7143	0.013787	-0.009893	40473.98	17.89
0.7132	0.013755	-0.009908	40476.98	17.86
0.7176	0.013698	-0.009908	40479.98	17.97
0.7214	0.013707	-0.009924	40482.98	18.06
0.7225	0.013704	-0.009883	40485.98	18.09
0.7280	0.013751	-0.009902	40488.98	18.23
0.7285	0.013665	-0.009894	40491.98	18.24
0.7329	0.013715	-0.009900	40494.98	18.35
0.7356	0.013677	-0.009879	40497.98	18.42
0.7406	0.013690	-0.009853	40500.98	18.54
0.7433	0.013689	-0.009833	40503.98	18.61
0.7455	0.013675	-0.009844	40506.98	18.66
0.7493	0.013688	-0.009821	40509.98	18.76
0.7597	0.013689	-0.009772	40512.98	19.02
0.7608	0.013711	-0.009839	40515.98	19.04
0.7619	0.013673	-0.009826	40518.98	19.07
0.7652	0.013659	-0.009827	40521.98	19.15
0.7696	0.013644	-0.009809	40524.98	19.26
0.7756	0.013757	-0.009771	40527.98	19.41
0.7860	0.013725	-0.009735	40530.98	19.67
0.7887	0.013672	-0.009816	40533.98	19.74
0.7909	0.013704	-0.009775	40536.98	19.79
0.7903	0.013620	-0.009835	40539.98	19.78
0.7975	0.013638	-0.009830	40542.98	19.96
0.8024	0.013642	-0.009812	40545.98	20.08
0.8095	0.013637	-0.009835	40548.98	20.26
0.8095	0.013652	-0.009786	40551.98	20.26
0.8150	0.013658	-0.009791	40554.98	20.39
0.8210	0.013660	-0.009824	40557.98	20.54
0.8221	0.013636	-0.009814	40560.98	20.57
0.8264	0.013613	-0.009795	40563.98	20.68
0.8264	0.013622	-0.009804	40566.98	20.68
0.8346	0.013647	-0.009780	40569.98	20.88
0.8374	0.013680	-0.009783	40572.98	20.95
0.8401	0.013586	-0.009822	40575.98	21.02
0.8439	0.013623	-0.009803	40578.98	21.11
0.8483	0.013620	-0.009846	40581.98	21.22
0.8527	0.013645	-0.009795	40584.98	21.33
0.8593	0.013653	-0.009752	40587.98	21.49
0.8631	0.013652	-0.009791	40590.98	21.59
0.8718	0.013676	-0.009774	40593.98	21.80
0.8768	0.013654	-0.009766	40596.98	21.93
0.8784	0.013658	-0.009781	40599.98	21.97
0.8833	0.013658	-0.009748	40602.98	22.09
0.8915	0.013752	-0.009743	40605.98	22.29
0.8975	0.013696	-0.009802	40608.98	22.44
0.9019	0.013664	-0.009809	40611.98	22.55
0.9014	0.013694	-0.009785	40614.98	22.54
0.9052	0.013704	-0.009748	40617.98	22.63
0.9068	0.013733	-0.009741	40620.98	22.67
0.9129	0.013712	-0.009716	40623.98	22.82
0.9205	0.013748	-0.009713	40626.98	23.01
0.9216	0.013769	-0.009716	40629.98	23.04
0.9238	0.013754	-0.009722	40632.98	23.09
0.9271	0.013769	-0.009665	40635.98	23.18
0.9315	0.013780	-0.009694	40638.98	23.28
0.9380	0.013744	-0.009750	40641.98	23.45
0.9446	0.013798	-0.009663	40644.98	23.61
0.9451	0.013833	-0.009666	40647.98	23.62
0.9572	0.013798	-0.009719	40650.98	23.92
0.9544	0.013779	-0.009759	40653.98	23.85
0.9610	0.013769	-0.009745	40656.98	24.02
0.9637	0.013787	-0.009762	40659.98	24.08
0.9725	0.013782	-0.009741	40662.98	24.30
0.9763	0.013801	-0.009697	40665.98	24.40
0.9829	0.013818	-0.009708	40668.98	24.56
0.9845	0.013802	-0.009732	40671.98	24.60
0.9883	0.013813	-0.009776	40674.98	24.69
0.9949	0.013798	-0.009735	40677.98	24.86
0.9944	0.013808	-0.009692	40680.98	24.84
0.9993	0.013803	-0.009725	40683.98	24.97
1.0042	0.013822	-0.009726	40686.98	25.09
1.0091	0.013857	-0.009693	40689.98	25.21
1.0124	0.013916	-0.009657	40692.98	25.29
1.0140	0.013902	-0.009669	40695.98	25.33
1.0201	0.013924	-0.009664	40698.98	25.48
1.0310	0.013869	-0.009634	40701.98	25.75
1.0332	0.013905	-0.009676	40704.98	25.81
1.0381	0.013950	-0.009662	40707.98	25.93
1.0469	0.013975	-0.009650	40710.98	26.14
1.0491	0.013932	-0.009650	40713.98	26.20
1.0480	0.013937	-0.009652	40716.98	26.17
1.0534	0.013995	-0.009667	40719.98	26.31
1.0611	0.013944	-0.009654	40722.98	26.50
1.0627	0.014001	-0.009658	40725.98	26.54
1.0693	0.013995	-0.009632	40728.98	26.70
1.0769	0.014001	-0.009613	40731.98	26.89
1.0759	0.014005	-0.009653	40734.98	26.86
1.0824	0.014055	-0.009629	40737.98	27.02
1.0862	0.014028	-0.009611	40740.98	27.12
1.0939	0.014023	-0.009615	40743.98	27.31
1.0961	0.013995	-0.009669	40746.98	27.36
1.0977	0.014022	-0.009650	40749.98	27.40
1.1037	0.014050	-0.009597	40752.98	27.55
1.1059	0.014078	-0.009653	40755.98	27.60
1.1130	0.014074	-0.009592	40758.98	27.78
1.1141	0.014071	-0.009648	40761.98	27.81
1.1218	0.014063	-0.009681	40764.98	28.00
1.1278	0.014011	-0.009678	40767.98	28.14
1.1300	0.014028	-0.009664	40770.98	28.20
1.1349	0.014055	-0.009666	40773.98	28.32
1.1502	0.013981	-0.009738	40776.98	28.70
1.1546	0.013898	-0.009795	40779.98	28.81
1.1530	0.013982	-0.009764	40782.98	28.77
1.1546	0.014043	-0.009707	40785.98	28.81
1.1573	0.014011	-0.009702	40788.98	28.87
1.1590	0.014084	-0.009663	40791.98	28.91
1.1683	0.014128	-0.009670	40794.98	29.14
1.1727	0.014121	-0.009641	40797.98	29.25
1.1759	0.014134	-0.009641	40800.98	29.33
1.1820	0.014127	-0.009686	40803.98	29.48
1.1880	0.014032	-0.009761	40806.98	29.63
1.1885	0.014043	-0.009731	40809.98	29.64
1.1962	0.014105	-0.009706	40812.98	29.83
1.2060	0.014012	-0.009766	40815.98	30.07
1.2109	0.013945	-0.009874	40818.98	30.20
1.2175	0.013882	-0.009903	40821.98	30.36
1.2164	0.013925	-0.009889	40824.98	30.33
1.2159	0.013974	-0.009821	40827.98	30.32
1.2109	0.014006	-0.009785	40830.98	30.20
1.2104	0.014112	-0.009712	40833.98	30.18
1.2202	0.014133	-0.009646	40836.98	30.42
1.2170	0.014149	-0.009663	40839.98	30.34
1.2246	0.014158	-0.009604	40842.98	30.53
1.2230	0.014224	-0.009643	40845.98	30.49
1.2279	0.014204	-0.009622	40848.98	30.61
1.2334	0.014207	-0.009587	40851.98	30.75
1.2405	0.014245	-0.009643	40854.98	30.92
1.2449	0.014235	-0.009614	40857.98	31.03
1.2405	0.014190	-0.009657	40860.98	30.92
1.2443	0.014212	-0.009657	40863.98	31.02
1.2465	0.014260	-0.009567	40866.98	31.07
1.2492	0.014277	-0.009601	40869.98	31.14
1.2558	0.014249	-0.009598	40872.98	31.30
1.2635	0.014300	-0.009619	40875.98	31.49
1.2591	0.014276	-0.009604	40878.98	31.38
1.2673	0.014301	-0.009546	40881.98	31.58
1.2777	0.014271	-0.009652	40884.98	31.84
1.2777	0.014170	-0.009737	40887.98	31.84
1.2875	0.014194	-0.009698	40890.98	32.08
1.2990	0.014068	-0.009855	40893.98	32.36
1.2930	0.014099	-0.009730	40896.98	32.22
1.2930	0.014186	-0.009724	40899.98	32.22
1.2935	0.014248	-0.009700	40902.98	32.23
1.2952	0.014262	-0.009630	40905.98	32.27
1.2935	0.014268	-0.009621	40908.98	32.23
