1.6321	0.014805	-0.011948	56893.22	40.52
1.6266	0.014950	-0.011746	56896.22	40.39
1.6239	0.015106	-0.011619	56899.22	40.32
1.6195	0.015136	-0.011608	56902.22	40.22
1.6151	0.015132	-0.011652	56905.22	40.11
1.6091	0.014913	-0.011850	56908.22	39.96
1.6020	0.014818	-0.011819	56911.22	39.79
1.5976	0.014778	-0.011882	56914.22	39.68
1.5927	0.014838	-0.011853	56917.22	39.56
1.5872	0.014840	-0.011774	56920.22	39.43
1.5807	0.014932	-0.011717	56923.22	39.27
1.5747	0.014910	-0.011774	56926.22	39.12
1.5714	0.014875	-0.011793	56929.22	39.04
1.5643	0.014836	-0.011789	56932.22	38.87
1.5615	0.014958	-0.011638	56935.22	38.80
1.5572	0.015083	-0.011508	56938.22	38.69
1.5506	0.015078	-0.011611	56941.22	38.53
1.5484	0.015017	-0.011577	56944.22	38.48
1.5429	0.014909	-0.011704	56947.22	38.35
1.5375	0.014897	-0.011692	56950.22	38.21
1.5347	0.014854	-0.011790	56953.22	38.15
1.5282	0.014706	-0.011910	56956.22	37.99
1.5233	0.014677	-0.011940	56959.22	37.86
1.5178	0.014703	-0.011819	56962.22	37.73
1.5178	0.014852	-0.011715	56965.22	37.73
1.5140	0.014854	-0.011716	56968.22	37.64
1.5068	0.014823	-0.011726	56971.22	37.46
1.5063	0.014835	-0.011694	56974.22	37.45
1.5008	0.014891	-0.011703	56977.22	37.32
1.4872	0.014673	-0.011926	56980.22	36.98
1.4795	0.014471	-0.012017	56983.22	36.79
1.4795	0.014516	-0.012099	56986.22	36.79
1.4751	0.014590	-0.011893	56989.22	36.69
1.4729	0.014580	-0.011878	56992.22	36.63
1.4697	0.014678	-0.011804	56995.22	36.55
1.4675	0.014907	-0.011609	56998.22	36.50
1.4647	0.014789	-0.011709	57001.22	36.43
1.4620	0.014780	-0.011689	57004.22	36.36
1.4565	0.014770	-0.011704	57007.22	36.23
1.4516	0.014787	-0.011701	57010.22	36.11
1.4500	0.014770	-0.011682	57013.22	36.07
1.4450	0.014789	-0.011659	57016.22	35.95
1.4434	0.014811	-0.011596	57019.22	35.91
1.4396	0.014908	-0.011546	57022.22	35.81
1.4346	0.014890	-0.011577	57025.22	35.69
1.4319	0.014839	-0.011553	57028.22	35.63
1.4286	0.014856	-0.011520	57031.22	35.55
1.4248	0.014897	-0.011539	57034.22	35.45
1.4193	0.014894	-0.011540	57037.22	35.32
1.4182	0.014943	-0.011465	57040.22	35.29
1.4144	0.014971	-0.011396	57043.22	35.20
1.4117	0.015015	-0.011402	57046.22	35.13
1.4068	0.014984	-0.011396	57049.22	35.01
1.4046	0.014997	-0.011397	57052.22	34.96
1.4018	0.014917	-0.011482	57055.22	34.89
1.3975	0.014922	-0.011468	57058.22	34.78
1.3942	0.014913	-0.011474	57061.22	34.70
1.3914	0.014879	-0.011486	57064.22	34.63
1.3903	0.014822	-0.011532	57067.22	34.61
1.3854	0.014824	-0.011554	57070.22	34.49
1.3821	0.014815	-0.011599	57073.22	34.41
1.3800	0.014774	-0.011550	57076.22	34.35
1.3767	0.014821	-0.011512	57079.22	34.27
1.3728	0.014845	-0.011480	57082.22	34.18
1.3707	0.014908	-0.011463	57085.22	34.12
1.3685	0.014874	-0.011486	57088.22	34.07
1.3635	0.014883	-0.011487	57091.22	33.95
1.3624	0.014869	-0.011495	57094.22	33.92
1.3586	0.014842	-0.011485	57097.22	33.83
1.3564	0.014847	-0.011460	57100.22	33.77
1.3537	0.014866	-0.011483	57103.22	33.71
1.3515	0.014830	-0.011508	57106.22	33.65
1.3477	0.014854	-0.011481	57109.22	33.56
1.3444	0.014835	-0.011478	57112.22	33.48
1.3422	0.014858	-0.011476	57115.22	33.43
1.3400	0.014850	-0.011459	57118.22	33.37
1.3362	0.014847	-0.011467	57121.22	33.28
1.3340	0.014864	-0.011445	57124.22	33.22
1.3313	0.014829	-0.011435	57127.22	33.16
1.3269	0.014877	-0.011462	57130.22	33.05
1.3264	0.014858	-0.011445	57133.22	33.04
1.3214	0.014829	-0.011418	57136.22	32.91
1.3198	0.014839	-0.011462	57139.22	32.87
1.3181	0.014834	-0.011424	57142.22	32.83
1.3149	0.014837	-0.011459	57145.22	32.75
1.3127	0.014805	-0.011427	57148.22	32.70
1.3099	0.014856	-0.011450	57151.22	32.63
1.3072	0.014815	-0.011435	57154.22	32.57
1.3056	0.014807	-0.011435	57157.22	32.52
1.3012	0.014831	-0.011459	57160.22	32.42
1.2996	0.014796	-0.011460	57163.22	32.38
1.2979	0.014796	-0.011486	57166.22	32.34
1.2946	0.014746	-0.011501	57169.22	32.26
1.2930	0.014769	-0.011491	57172.22	32.22
1.2908	0.014733	-0.011514	57175.22	32.16
1.2886	0.014716	-0.011491	57178.22	32.11
1.2864	0.014753	-0.011491	57181.22	32.05
1.2848	0.014743	-0.011514	57184.22	32.01
1.2810	0.014778	-0.011483	57187.22	31.92
1.2777	0.014763	-0.011471	57190.22	31.84
1.2766	0.014768	-0.011443	57193.22	31.81
1.2744	0.014787	-0.011428	57196.22	31.76
1.2727	0.014837	-0.011433	57199.22	31.72
1.2700	0.014799	-0.011396	57202.22	31.65
1.2673	0.014824	-0.011400	57205.22	31.58
1.2678	0.014814	-0.011390	57208.22	31.60
1.2640	0.014788	-0.011391	57211.22	31.50
1.2607	0.014804	-0.011421	57214.22	31.42
1.2585	0.014802	-0.011430	57217.22	31.37
1.2563	0.014757	-0.011419	57220.22	31.31
1.2536	0.014776	-0.011405	57223.22	31.25
1.2531	0.014802	-0.011392	57226.22	31.23
1.2503	0.014762	-0.011405	57229.22	31.17
1.2492	0.014781	-0.011400	57232.22	31.14
1.2470	0.014756	-0.011436	57235.22	31.08
1.2438	0.014797	-0.011410	57238.22	31.00
1.2432	0.014771	-0.011382	57241.22	30.99
1.2405	0.014699	-0.011427	57244.22	30.92
1.2405	0.014744	-0.011435	57247.22	30.92
1.2372	0.014744	-0.011439	57250.22	30.84
1.2345	0.014730	-0.011423	57253.22	30.77
1.2345	0.014722	-0.011437	57256.22	30.77
1.2317	0.014763	-0.011425	57259.22	30.71
1.2274	0.014704	-0.011422	57262.22	30.60
1.2274	0.014698	-0.011406	57265.22	30.60
1.2246	0.014694	-0.011469	57268.22	30.53
1.2219	0.014696	-0.011442	57271.22	30.46
1.2235	0.014694	-0.011437	57274.22	30.51
1.2197	0.014651	-0.011437	57277.22	30.41
1.2170	0.014658	-0.011468	57280.22	30.34
1.2153	0.014696	-0.011465	57283.22	30.30
1.2131	0.014664	-0.011492	57286.22	30.25
1.2115	0.014651	-0.011492	57289.22	30.21
1.2131	0.014621	-0.011493	57292.22	30.25
1.2104	0.014621	-0.011516	57295.22	30.18
1.2071	0.014633	-0.011494	57298.22	30.10
1.2066	0.014605	-0.011457	57301.22	30.09
1.2038	0.014658	-0.011484	57304.22	30.02
1.2006	0.014636	-0.011460	57307.22	29.94
1.2000	0.014660	-0.011424	57310.22	29.93
1.2011	0.014650	-0.011453	57313.22	29.95
1.1978	0.014629	-0.011441	57316.22	29.87
1.1951	0.014648	-0.011429	57319.22	29.80
1.1929	0.014662	-0.011442	57322.22	29.75
1.1923	0.014648	-0.011449	57325.22	29.74
1.1913	0.014631	-0.011453	57328.22	29.71
1.1913	0.014655	-0.011428	57331.22	29.71
1.1891	0.014628	-0.011460	57334.22	29.66
1.1847	0.014635	-0.011497	57337.22	29.55
1.1825	0.014659	-0.011428	57340.22	29.49
1.1803	0.014622	-0.011422	57343.22	29.44
1.1825	0.014673	-0.011438	57346.22	29.49
1.1787	0.014647	-0.011450	57349.22	29.40
1.1787	0.014623	-0.011442	57352.22	29.40
1.1770	0.014601	-0.011473	57355.22	29.36
1.1738	0.014582	-0.011460	57358.22	29.28
1.1754	0.014584	-0.011452	57361.22	29.32
1.1727	0.014629	-0.011442	57364.22	29.25
1.1683	0.014602	-0.011466	57367.22	29.14
1.1694	0.014602	-0.011444	57370.22	29.17
1.1661	0.014635	-0.011402	57373.22	29.09
1.1666	0.014652	-0.011405	57376.22	29.10
1.1645	0.014650	-0.011384	57379.22	29.05
1.1634	0.014627	-0.011378	57382.22	29.02
1.1628	0.014641	-0.011411	57385.22	29.01
1.1601	0.014613	-0.011424	57388.22	28.94
1.1573	0.014618	-0.011451	57391.22	28.87
1.1579	0.014544	-0.011463	57394.22	28.89
1.1562	0.014539	-0.011504	57397.22	28.85
1.1557	0.014518	-0.011504	57400.22	28.83
1.1513	0.014529	-0.011484	57403.22	28.72
1.1530	0.014583	-0.011462	57406.22	28.77
1.1480	0.014599	-0.011457	57409.22	28.64
1.1475	0.014581	-0.011438	57412.22	28.63
1.1475	0.014547	-0.011449	57415.22	28.63
1.1453	0.014584	-0.011417	57418.22	28.58
1.1459	0.014592	-0.011459	57421.22	28.59
1.1442	0.014558	-0.011430	57424.22	28.55
1.1404	0.014584	-0.011425	57427.22	28.45
1.1415	0.014638	-0.011383	57430.22	28.48
1.1393	0.014597	-0.011397	57433.22	28.43
1.1360	0.014601	-0.011409	57436.22	28.35
1.1382	0.014620	-0.011411	57439.22	28.40
1.1371	0.014554	-0.011430	57442.22	28.37
1.1327	0.014584	-0.011449	57445.22	28.27
1.1327	0.014543	-0.011430	57448.22	28.27
1.1305	0.014532	-0.011470	57451.22	28.21
1.1316	0.014573	-0.011443	57454.22	28.24
1.1267	0.014580	-0.011439	57457.22	28.12
1.1284	0.014570	-0.011459	57460.22	28.16
1.1256	0.014523	-0.011453	57463.22	28.09
1.1245	0.014518	-0.011485	57466.22	28.06
1.1251	0.014516	-0.011451	57469.22	28.08
1.1223	0.014497	-0.011464	57472.22	28.01
1.1223	0.014563	-0.011436	57475.22	28.01
1.1212	0.014450	-0.011547	57478.22	27.98
1.1163	0.014452	-0.011520	57481.22	27.86
1.1174	0.014492	-0.011485	57484.22	27.89
1.1169	0.014518	-0.011510	57487.22	27.87
1.1152	0.014506	-0.011437	57490.22	27.83
1.1098	0.014816	-0.011273	57493.22	27.70
1.1087	0.014868	-0.011038	57496.22	27.67
1.0901	0.014035	-0.011877	57499.22	27.21
1.0682	0.014103	-0.011822	57502.22	26.67
1.0452	0.014087	-0.011770	57505.22	26.10
1.0201	0.014074	-0.011747	57508.22	25.48
0.9987	0.014110	-0.011746	57511.22	24.95
0.9769	0.014078	-0.011725	57514.22	24.41
0.9544	0.014037	-0.011754	57517.22	23.85
0.9331	0.014004	-0.011765	57520.22	23.33
0.9112	0.013976	-0.011719	57523.22	22.78
0.8910	0.013950	-0.011742	57526.22	22.28
0.8707	0.013940	-0.011724	57529.22	21.78
0.8489	0.013907	-0.011738	57532.22	21.23
0.8275	0.013890	-0.011682	57535.22	20.70
0.8084	0.013870	-0.011657	57538.22	20.23
0.7882	0.013875	-0.011722	57541.22	19.72
0.7701	0.013774	-0.011727	57544.22	19.28
0.7504	0.013775	-0.011713	57547.22	18.79
0.7307	0.013774	-0.011667	57550.22	18.29
0.7116	0.013745	-0.011682	57553.22	17.82
0.6924	0.013728	-0.011640	57556.22	17.34
0.6733	0.013729	-0.011609	57559.22	16.86
0.6569	0.013726	-0.011605	57562.22	16.45
0.6372	0.013690	-0.011645	57565.22	15.96
0.6202	0.013680	-0.011622	57568.22	15.54
0.6016	0.013650	-0.011589	57571.22	15.08
0.5863	0.013673	-0.011615	57574.22	14.69
0.5683	0.013608	-0.011606	57577.22	14.24
0.5524	0.013651	-0.011585	57580.22	13.85
0.5371	0.013620	-0.011611	57583.22	13.46
0.5207	0.013619	-0.011622	57586.22	13.05
0.5065	0.013586	-0.011623	57589.22	12.70
0.4917	0.013572	-0.011633	57592.22	12.33
0.4797	0.013564	-0.011656	57595.22	12.03
0.4660	0.013543	-0.011622	57598.22	11.68
0.4507	0.013558	-0.011649	57601.22	11.30
0.4387	0.013558	-0.011613	57604.22	11.00
0.4261	0.013565	-0.011674	57607.22	10.68
0.4162	0.013530	-0.011633	57610.22	10.44
0.4042	0.013568	-0.011677	57613.22	10.14
0.3927	0.013487	-0.011746	57616.22	9.85
0.3823	0.013481	-0.011793	57619.22	9.59
0.3752	0.013471	-0.011812	57622.22	9.41
0.3632	0.013412	-0.011897	57625.22	9.11
0.3544	0.013447	-0.011888	57628.22	8.89
0.3468	0.013460	-0.011903	57631.22	8.70
0.3369	0.013493	-0.011928	57634.22	8.45
0.3315	0.013481	-0.011956	57637.22	8.31
0.3211	0.013499	-0.012004	57640.22	8.05
0.3129	0.013525	-0.011969	57643.22	7.85
0.3063	0.013573	-0.012015	57646.22	7.68
0.2986	0.013576	-0.012041	57649.22	7.49
0.2915	0.013607	-0.012100	57652.22	7.31
0.2866	0.013636	-0.012113	57655.22	7.19
0.2779	0.013562	-0.012184	57658.22	6.97
0.2713	0.013669	-0.012228	57661.22	6.81
0.2675	0.013688	-0.012217	57664.22	6.71
0.2620	0.013751	-0.012180	57667.22	6.57
0.2565	0.013814	-0.012249	57670.22	6.44
0.2472	0.013866	-0.012251	57673.22	6.20
0.2445	0.013934	-0.012324	57676.22	6.13
0.2385	0.013944	-0.012358	57679.22	5.98
0.2325	0.013964	-0.012413	57682.22	5.83
0.2281	0.013946	-0.012465	57685.22	5.72
0.2215	0.014023	-0.012537	57688.22	5.56
0.2171	0.014055	-0.012494	57691.22	5.45
0.2111	0.014119	-0.012594	57694.22	5.30
0.2051	0.014076	-0.012588	57697.22	5.15
0.2029	0.014175	-0.012640	57700.22	5.09
0.1985	0.014238	-0.012643	57703.22	4.98
0.1914	0.014262	-0.012696	57706.22	4.80
0.1860	0.014290	-0.012801	57709.22	4.67
0.1827	0.014274	-0.012811	57712.22	4.58
0.1767	0.014328	-0.012839	57715.22	4.43
0.1717	0.014402	-0.012864	57718.22	4.31
0.1657	0.014468	-0.012944	57721.22	4.16
0.1624	0.014502	-0.012925	57724.22	4.08
0.1564	0.014565	-0.012924	57727.22	3.92
0.1515	0.014638	-0.013016	57730.22	3.80
0.1460	0.014702	-0.013038	57733.22	3.66
0.1395	0.014746	-0.013062	57736.22	3.50
0.1362	0.014800	-0.013125	57739.22	3.42
0.1291	0.014848	-0.013155	57742.22	3.24
0.1242	0.014895	-0.013206	57745.22	3.12
0.1198	0.014932	-0.013285	57748.22	3.01
0.1138	0.015034	-0.013313	57751.22	2.85
0.1094	0.015039	-0.013379	57754.22	2.74
0.1034	0.015062	-0.013477	57757.22	2.59
0.0985	0.015126	-0.013516	57760.22	2.47
0.0941	0.015157	-0.013604	57763.22	2.36
0.0875	0.015257	-0.013606	57766.22	2.20
0.0842	0.015305	-0.013612	57769.22	2.11
0.0777	0.015365	-0.013679	57772.22	1.95
0.0722	0.015433	-0.013696	57775.22	1.81
0.0656	0.015506	-0.013746	57778.22	1.65
0.0618	0.015519	-0.013757	57781.22	1.55
0.0536	0.015599	-0.013879	57784.22	1.34
0.0459	0.015660	-0.013945	57787.22	1.15
0.0427	0.015700	-0.013976	57790.22	1.07
0.0350	0.015768	-0.013959	57793.22	0.88
0.0301	0.015824	-0.014013	57796.22	0.75
0.0263	0.015874	-0.014060	57799.22	0.66
0.0159	0.015915	-0.014121	57802.22	0.40
0.0082	0.015923	-0.014162	57805.22	0.21
0.0044	0.015942	-0.014170	57808.22	0.11
-0.0038	0.015993	-0.014208	57811.22	-0.10
-0.0109	0.016044	-0.014265	57814.22	-0.28
-0.0197	0.016090	-0.014300	57817.22	-0.50
-0.0241	0.016103	-0.014327	57820.22	-0.61
-0.0334	0.016132	-0.014338	57823.22	-0.84
-0.0432	0.016164	-0.014400	57826.22	-1.09
-0.0465	0.016167	-0.014436	57829.22	-1.17
-0.0574	0.016196	-0.014472	57832.22	-1.45
-0.0629	0.016225	-0.014514	57835.22	-1.59
-0.0738	0.016258	-0.014505	57838.22	-1.86
-0.0820	0.016300	-0.014524	57841.22	-2.07
-0.0892	0.016297	-0.014608	57844.22	-2.25
-0.0963	0.016293	-0.014593	57847.22	-2.43
-0.1045	0.016332	-0.014632	57850.22	-2.64
-0.1116	0.016366	-0.014621	57853.22	-2.82
-0.1203	0.016386	-0.014669	57856.22	-3.04
-0.1269	0.016365	-0.014671	57859.22	-3.21
-0.1335	0.016383	-0.014713	57862.22	-3.38
-0.1449	0.016397	-0.014668	57865.22	-3.67
-0.1521	0.016425	-0.014698	57868.22	-3.85
-0.1597	0.016483	-0.014729	57871.22	-4.05
-0.1657	0.016434	-0.014730	57874.22	-4.20
-0.1739	0.016432	-0.014750	57877.22	-4.41
-0.1832	0.016468	-0.014767	57880.22	-4.65
-0.1909	0.016437	-0.014745	57883.22	-4.84
-0.1980	0.016487	-0.014799	57886.22	-5.02
-0.2073	0.016478	-0.014814	57889.22	-5.26
-0.2150	0.016479	-0.014789	57892.22	-5.46
-0.2226	0.016502	-0.014795	57895.22	-5.65
-0.2303	0.016555	-0.014789	57898.22	-5.85
-0.2396	0.016557	-0.014770	57901.22	-6.09
-0.2456	0.016600	-0.014818	57904.22	-6.24
-0.2543	0.016557	-0.014823	57907.22	-6.46
-0.2614	0.016559	-0.014806	57910.22	-6.65
-0.2686	0.016575	-0.014799	57913.22	-6.83
-0.2757	0.016596	-0.014864	57916.22	-7.01
-0.2839	0.016568	-0.014844	57919.22	-7.22
-0.2904	0.016592	-0.014867	57922.22	-7.39
-0.2992	0.016546	-0.014855	57925.22	-7.61
-0.3063	0.016547	-0.014881	57928.22	-7.80
-0.3134	0.016622	-0.014854	57931.22	-7.98
-0.3200	0.016597	-0.014865	57934.22	-8.15
-0.3282	0.016587	-0.014852	57937.22	-8.36
-0.3358	0.016584	-0.014899	57940.22	-8.55
-0.3435	0.016576	-0.014865	57943.22	-8.75
-0.3506	0.016600	-0.014911	57946.22	-8.93
-0.3583	0.016607	-0.014869	57949.22	-9.13
-0.3654	0.016592	-0.014868	57952.22	-9.31
-0.3736	0.016655	-0.014880	57955.22	-9.53
-0.3801	0.016614	-0.014882	57958.22	-9.69
-0.3878	0.016651	-0.014865	57961.22	-9.89
-0.3938	0.016632	-0.014875	57964.22	-10.05
-0.4020	0.016592	-0.014882	57967.22	-10.26
-0.4102	0.016584	-0.014857	57970.22	-10.47
-0.4168	0.016587	-0.014908	57973.22	-10.64
-0.4222	0.016607	-0.014884	57976.22	-10.78
-0.4288	0.016651	-0.014909	57979.22	-10.95
-0.4387	0.016619	-0.014886	57982.22	-11.20
-0.4419	0.016638	-0.014897	57985.22	-11.29
-0.4469	0.016621	-0.014925	57988.22	-11.41
-0.4562	0.016616	-0.014888	57991.22	-11.65
-0.4644	0.016591	-0.014893	57994.22	-11.87
-0.4709	0.016626	-0.014881	57997.22	-12.04
-0.4731	0.016614	-0.014893	58000.22	-12.09
-0.4808	0.016626	-0.014888	58003.22	-12.29
-0.4873	0.016601	-0.014903	58006.22	-12.46
-0.4939	0.016628	-0.014922	58009.22	-12.63
-0.5016	0.016604	-0.014891	58012.22	-12.83
-0.5092	0.016589	-0.014919	58015.22	-13.03
-0.5130	0.016611	-0.014888	58018.22	-13.13
-0.5223	0.016616	-0.014909	58021.22	-13.37
-0.5245	0.016598	-0.014899	58024.22	-13.42
-0.5322	0.016641	-0.014863	58027.22	-13.62
-0.5387	0.016629	-0.014881	58030.22	-13.79
-0.5437	0.016612	-0.014871	58033.22	-13.92
-0.5530	0.016614	-0.014913	58036.22	-14.16
-0.5584	0.016631	-0.014881	58039.22	-14.30
-0.5645	0.016645	-0.014877	58042.22	-14.46
-0.5688	0.016608	-0.014866	58045.22	-14.57
-0.5765	0.016629	-0.014910	58048.22	-14.77
-0.5836	0.016636	-0.014898	58051.22	-14.96
-0.5874	0.016611	-0.014875	58054.22	-15.05
-0.5934	0.016594	-0.014870	58057.22	-15.21
-0.5989	0.016601	-0.014875	58060.22	-15.35
-0.6049	0.016604	-0.014882	58063.22	-15.51
-0.6104	0.016580	-0.014893	58066.22	-15.65
-0.6175	0.016611	-0.014885	58069.22	-15.84
-0.6224	0.016573	-0.014870	58072.22	-15.96
-0.6279	0.016591	-0.014865	58075.22	-16.11
-0.6334	0.016656	-0.014825	58078.22	-16.25
-0.6388	0.016604	-0.014809	58081.22	-16.39
-0.6454	0.016627	-0.014852	58084.22	-16.56
-0.6492	0.016602	-0.014874	58087.22	-16.66
-0.6542	0.016654	-0.014785	58090.22	-16.79
-0.6596	0.016643	-0.014775	58093.22	-16.93
-0.6640	0.016696	-0.014762	58096.22	-17.05
-0.6727	0.016652	-0.014781	58099.22	-17.27
-0.6760	0.016684	-0.014806	58102.22	-17.36
-0.6820	0.016660	-0.014772	58105.22	-17.52
-0.6881	0.016664	-0.014782	58108.22	-17.67
-0.6946	0.016665	-0.014743	58111.22	-17.84
-0.6979	0.016667	-0.014757	58114.22	-17.93
-0.7050	0.016651	-0.014773	58117.22	-18.11
-0.7088	0.016653	-0.014791	58120.22	-18.21
-0.7132	0.016642	-0.014777	58123.22	-18.33
-0.7187	0.016653	-0.014776	58126.22	-18.47
-0.7231	0.016623	-0.014774	58129.22	-18.59
-0.7313	0.016646	-0.014710	58132.22	-18.80
-0.7351	0.016644	-0.014754	58135.22	-18.90
-0.7389	0.016662	-0.014760	58138.22	-19.00
-0.7455	0.016650	-0.014745	58141.22	-19.17
-0.7504	0.016662	-0.014740	58144.22	-19.30
-0.7542	0.016643	-0.014712	58147.22	-19.40
-0.7586	0.016640	-0.014723	58150.22	-19.51
-0.7657	0.016659	-0.014723	58153.22	-19.70
-0.7701	0.016629	-0.014739	58156.22	-19.81
-0.7750	0.016627	-0.014727	58159.22	-19.94
-0.7783	0.016652	-0.014734	58162.22	-20.03
-0.7832	0.016662	-0.014702	58165.22	-20.16
-0.7892	0.016667	-0.014710	58168.22	-20.31
-0.7925	0.016655	-0.014699	58171.22	-20.40
-0.7991	0.016637	-0.014702	58174.22	-20.57
-0.8018	0.016627	-0.014695	58177.22	-20.64
-0.8073	0.016637	-0.014709	58180.22	-20.79
-0.8139	0.016604	-0.014694	58183.22	-20.96
-0.8150	0.016682	-0.014723	58186.22	-20.99
-0.8204	0.016642	-0.014674	58189.22	-21.13
-0.8243	0.016635	-0.014689	58192.22	-21.23
-0.8292	0.016619	-0.014692	58195.22	-21.36
-0.8330	0.016610	-0.014699	58198.22	-21.46
-0.8401	0.016635	-0.014657	58201.22	-21.65
-0.8412	0.016618	-0.014692	58204.22	-21.68
-0.8450	0.016615	-0.014696	58207.22	-21.78
-0.8521	0.016617	-0.014667	58210.22	-21.96
-0.8565	0.016624	-0.014699	58213.22	-22.08
-0.8593	0.016632	-0.014728	58216.22	-22.15
-0.8636	0.016583	-0.014682	58219.22	-22.26
-0.8669	0.016626	-0.014651	58222.22	-22.35
-0.8724	0.016598	-0.014652	58225.22	-22.49
-0.8746	0.016627	-0.014699	58228.22	-22.55
-0.8800	0.016601	-0.014645	58231.22	-22.70
-0.8855	0.016650	-0.014630	58234.22	-22.84
-0.8893	0.016615	-0.014683	58237.22	-22.94
-0.8910	0.016585	-0.014664	58240.22	-22.98
-0.8948	0.016621	-0.014646	58243.22	-23.08
-0.9030	0.016633	-0.014659	58246.22	-23.30
-0.9036	0.016636	-0.014641	58249.22	-23.31
-0.9090	0.016592	-0.014623	58252.22	-23.46
-0.9156	0.016636	-0.014665	58255.22	-23.63
-0.9161	0.016608	-0.014628	58258.22	-23.65
-0.9200	0.016623	-0.014657	58261.22	-23.75
-0.9238	0.016628	-0.014630	58264.22	-23.85
-0.9298	0.016596	-0.014638	58267.22	-24.01
-0.9315	0.016597	-0.014632	58270.22	-24.05
-0.9369	0.016581	-0.014637	58273.22	-24.19
-0.9391	0.016617	-0.014625	58276.22	-24.25
-0.9451	0.016621	-0.014633	58279.22	-24.41
-0.9440	0.016578	-0.014622	58282.22	-24.38
-0.9506	0.016547	-0.014622	58285.22	-24.55
-0.9539	0.016549	-0.014657	58288.22	-24.64
-0.9577	0.016561	-0.014641	58291.22	-24.74
-0.9610	0.016574	-0.014631	58294.22	-24.83
-0.9648	0.016555	-0.014605	58297.22	-24.93
-0.9692	0.016598	-0.014603	58300.22	-25.04
-0.9708	0.016584	-0.014612	58303.22	-25.09
-0.9741	0.016589	-0.014604	58306.22	-25.17
-0.9774	0.016563	-0.014632	58309.22	-25.26
-0.9829	0.016528	-0.014620	58312.22	-25.40
-0.9845	0.016535	-0.014609	58315.22	-25.45
-0.9878	0.016550	-0.014619	58318.22	-25.53
-0.9922	0.016547	-0.014588	58321.22	-25.65
-0.9944	0.016533	-0.014596	58324.22	-25.71
-1.0004	0.016576	-0.014598	58327.22	-25.87
-1.0015	0.016565	-0.014593	58330.22	-25.90
-1.0047	0.016583	-0.014608	58333.22	-25.98
-1.0091	0.016581	-0.014565	58336.22	-26.10
-1.0124	0.016536	-0.014588	58339.22	-26.19
-1.0168	0.016530	-0.014576	58342.22	-26.30
-1.0179	0.016489	-0.014586	58345.22	-26.33
-1.0217	0.016496	-0.014582	58348.22	-26.43
-1.0239	0.016553	-0.014605	58351.22	-26.49
-1.0288	0.016543	-0.014586	58354.22	-26.62
-1.0310	0.016573	-0.014582	58357.22	-26.68
-1.0348	0.016549	-0.014588	58360.22	-26.78
-1.0370	0.016607	-0.014606	58363.22	-26.84
-1.0392	0.016582	-0.014576	58366.22	-26.89
-1.0436	0.016529	-0.014590	58369.22	-27.01
-1.0485	0.016500	-0.014572	58372.22	-27.14
-1.0518	0.016559	-0.014591	58375.22	-27.23
-1.0534	0.016495	-0.014578	58378.22	-27.27
-1.0573	0.016508	-0.014576	58381.22	-27.37
-1.0589	0.016479	-0.014576	58384.22	-27.42
-1.0622	0.016501	-0.014618	58387.22	-27.50
-1.0671	0.016491	-0.014578	58390.22	-27.63
-1.0704	0.016492	-0.014583	58393.22	-27.72
-1.0715	0.016497	-0.014532	58396.22	-27.75
-1.0682	0.016775	-0.014329	58399.22	-27.66
-1.0474	0.017244	-0.013491	58402.22	-27.11
-1.0337	0.017669	-0.013307	58405.22	-26.75
-1.0129	0.017727	-0.013480	58408.22	-26.20
-0.9960	0.017399	-0.013852	58411.22	-25.75
-0.9779	0.017211	-0.014026	58414.22	-25.27
-0.9588	0.017102	-0.014097	58417.22	-24.77
-0.9408	0.017150	-0.014103	58420.22	-24.29
-0.9200	0.017232	-0.014006	58423.22	-23.75
-0.9030	0.017334	-0.013924	58426.22	-23.30
-0.8828	0.017396	-0.013930	58429.22	-22.77
-0.8631	0.017422	-0.013976	58432.22	-22.25
-0.8467	0.017408	-0.014011	58435.22	-21.82
-0.8259	0.017423	-0.013948	58438.22	-21.27
-0.8073	0.017457	-0.013988	58441.22	-20.79
-0.7892	0.017451	-0.014030	58444.22	-20.31
-0.7685	0.017450	-0.014009	58447.22	-19.77
-0.7488	0.017452	-0.014008	58450.22	-19.26
-0.7324	0.017507	-0.014016	58453.22	-18.83
-0.7165	0.017536	-0.014027	58456.22	-18.41
-0.6941	0.017533	-0.014015	58459.22	-17.83
-0.6760	0.017594	-0.014033	58462.22	-17.36
-0.6580	0.017584	-0.014030	58465.22	-16.89
-0.6416	0.017619	-0.014063	58468.22	-16.46
-0.6213	0.017589	-0.014100	58471.22	-15.94
-0.6044	0.017582	-0.014084	58474.22	-15.49
-0.5863	0.017647	-0.014065	58477.22	-15.03
-0.5666	0.017713	-0.013999	58480.22	-14.51
-0.5502	0.017759	-0.013972	58483.22	-14.09
-0.5327	0.017773	-0.014011	58486.22	-13.64
-0.5158	0.017782	-0.013989	58489.22	-13.20
-0.4977	0.017793	-0.014008	58492.22	-12.73
-0.4780	0.017823	-0.013991	58495.22	-12.22
-0.4627	0.017817	-0.013984	58498.22	-11.82
-0.4480	0.017861	-0.014000	58501.22	-11.44
-0.4283	0.017848	-0.013985	58504.22	-10.93
-0.4151	0.017878	-0.014011	58507.22	-10.60
-0.3938	0.017900	-0.014030	58510.22	-10.05
-0.3807	0.017929	-0.013997	58513.22	-9.71
-0.3643	0.017898	-0.013975	58516.22	-9.29
-0.3468	0.017957	-0.013999	58519.22	-8.84
-0.3325	0.017961	-0.014006	58522.22	-8.47
-0.3167	0.017962	-0.014049	58525.22	-8.06
-0.3014	0.017941	-0.014033	58528.22	-7.67
-0.2850	0.017935	-0.014070	58531.22	-7.25
-0.2707	0.017930	-0.014100	58534.22	-6.88
-0.2538	0.017936	-0.014089	58537.22	-6.45
-0.2401	0.017954	-0.014110	58540.22	-6.10
-0.2253	0.017936	-0.014082	58543.22	-5.72
-0.2100	0.017944	-0.014089	58546.22	-5.33
-0.1953	0.017936	-0.014083	58549.22	-4.95
-0.1821	0.017978	-0.014044	58552.22	-4.62
-0.1646	0.017990	-0.014105	58555.22	-4.17
-0.1559	0.017991	-0.014079	58558.22	-3.95
-0.1384	0.018030	-0.014082	58561.22	-3.50
-0.1269	0.017989	-0.014056	58564.22	-3.21
-0.1132	0.017999	-0.014071	58567.22	-2.86
-0.0995	0.018017	-0.014032	58570.22	-2.52
-0.0881	0.018019	-0.014014	58573.22	-2.23
-0.0760	0.018017	-0.014032	58576.22	-1.92
-0.0624	0.017959	-0.014035	58579.22	-1.57
-0.0498	0.017983	-0.014076	58582.22	-1.26
-0.0366	0.017924	-0.014093	58585.22	-0.92
-0.0235	0.017891	-0.014051	58588.22	-0.59
-0.0159	0.017877	-0.014053	58591.22	-0.40
-0.0027	0.017851	-0.014077	58594.22	-0.07
0.0077	0.017856	-0.014092	58597.22	0.19
0.0181	0.017834	-0.014035	58600.22	0.45
0.0263	0.017855	-0.014053	58603.22	0.66
0.0334	0.017806	-0.013999	58606.22	0.84
0.0438	0.017788	-0.013941	58609.22	1.10
0.0514	0.017790	-0.013967	58612.22	1.29
0.0629	0.017774	-0.013951	58615.22	1.58
0.0684	0.017708	-0.013957	58618.22	1.72
0.0788	0.017691	-0.013913	58621.22	1.98
0.0886	0.017630	-0.013860	58624.22	2.22
0.0952	0.017604	-0.013845	58627.22	2.39
0.1017	0.017566	-0.013782	58630.22	2.55
0.1099	0.017496	-0.013791	58633.22	2.76
0.1165	0.017415	-0.013822	58636.22	2.92
0.1231	0.017354	-0.013768	58639.22	3.09
0.1285	0.017322	-0.013783	58642.22	3.22
0.1356	0.017251	-0.013712	58645.22	3.40
0.1395	0.017179	-0.013702	58648.22	3.50
0.1471	0.017132	-0.013640	58651.22	3.69
0.1521	0.017092	-0.013603	58654.22	3.82
0.1570	0.017030	-0.013562	58657.22	3.94
0.1624	0.017009	-0.013532	58660.22	4.08
0.1696	0.016953	-0.013490	58663.22	4.25
0.1750	0.016955	-0.013437	58666.22	4.39
0.1783	0.016937	-0.013380	58669.22	4.47
0.1843	0.016907	-0.013264	58672.22	4.62
0.1882	0.016897	-0.013202	58675.22	4.72
0.1925	0.016799	-0.013161	58678.22	4.83
0.2002	0.016773	-0.013115	58681.22	5.02
0.2024	0.016739	-0.013030	58684.22	5.08
0.2062	0.016691	-0.013002	58687.22	5.17
0.2111	0.016642	-0.012914	58690.22	5.30
0.2150	0.016632	-0.012867	58693.22	5.39
0.2221	0.016547	-0.012853	58696.22	5.57
0.2259	0.016504	-0.012768	58699.22	5.67
0.2286	0.016433	-0.012777	58702.22	5.74
0.2346	0.016378	-0.012718	58705.22	5.89
0.2368	0.016302	-0.012713	58708.22	5.94
0.2418	0.016289	-0.012640	58711.22	6.07
0.2478	0.016274	-0.012599	58714.22	6.22
0.2505	0.016240	-0.012535	58717.22	6.28
0.2549	0.016188	-0.012499	58720.22	6.39
0.2582	0.016143	-0.012496	58723.22	6.48
0.2614	0.016139	-0.012411	58726.22	6.56
0.2664	0.016091	-0.012387	58729.22	6.68
0.2691	0.016057	-0.012326	58732.22	6.75
0.2751	0.016074	-0.012247	58735.22	6.90
0.2784	0.016015	-0.012236	58738.22	6.98
0.2822	0.016036	-0.012190	58741.22	7.08
0.2839	0.015982	-0.012151	58744.22	7.12
0.2888	0.015951	-0.012082	58747.22	7.24
0.2915	0.015936	-0.012027	58750.22	7.31
0.2981	0.015963	-0.012013	58753.22	7.48
0.2992	0.015963	-0.011951	58756.22	7.51
0.3025	0.015930	-0.011919	58759.22	7.59
0.3047	0.015918	-0.011871	58762.22	7.64
0.3101	0.015891	-0.011846	58765.22	7.78
0.3129	0.015864	-0.011819	58768.22	7.85
0.3156	0.015823	-0.011741	58771.22	7.92
0.3205	0.015837	-0.011756	58774.22	8.04
0.3216	0.015833	-0.011696	58777.22	8.07
0.3276	0.015810	-0.011658	58780.22	8.22
0.3287	0.015785	-0.011641	58783.22	8.25
0.3342	0.015766	-0.011580	58786.22	8.38
0.3358	0.015731	-0.011609	58789.22	8.42
0.3391	0.015702	-0.011603	58792.22	8.51
0.3451	0.015671	-0.011540	58795.22	8.66
0.3462	0.015625	-0.011541	58798.22	8.68
0.3495	0.015613	-0.011518	58801.22	8.77
0.3533	0.015570	-0.011512	58804.22	8.86
0.3544	0.015520	-0.011536	58807.22	8.89
0.3593	0.015502	-0.011483	58810.22	9.01
0.3654	0.015467	-0.011473	58813.22	9.16
0.3654	0.015471	-0.011478	58816.22	9.16
0.3697	0.015441	-0.011431	58819.22	9.27
0.3736	0.015425	-0.011411	58822.22	9.37
0.3758	0.015422	-0.011385	58825.22	9.42
0.3801	0.015376	-0.011334	58828.22	9.53
0.3834	0.015403	-0.011371	58831.22	9.62
0.3867	0.015377	-0.011323	58834.22	9.70
0.3905	0.015348	-0.011301	58837.22	9.79
0.3916	0.015343	-0.011292	58840.22	9.82
0.3954	0.015296	-0.011318	58843.22	9.92
0.4009	0.015312	-0.011305	58846.22	10.05
0.4009	0.015270	-0.011256	58849.22	10.05
0.4064	0.015287	-0.011188	58852.22	10.19
0.4091	0.015310	-0.011151	58855.22	10.26
0.4124	0.015319	-0.011133	58858.22	10.34
0.4162	0.015363	-0.011103	58861.22	10.44
0.4184	0.015314	-0.011107	58864.22	10.49
0.4212	0.015331	-0.011031	58867.22	10.56
0.4261	0.015311	-0.011029	58870.22	10.68
0.4310	0.015300	-0.011035	58873.22	10.81
0.4348	0.015253	-0.011037	58876.22	10.90
0.4343	0.015251	-0.010983	58879.22	10.89
0.4392	0.015199	-0.011030	58882.22	11.01
0.4419	0.015238	-0.010995	58885.22	11.08
0.4469	0.015200	-0.011007	58888.22	11.21
0.4518	0.015153	-0.011003	58891.22	11.33
0.4545	0.015231	-0.010950	58894.22	11.40
0.4578	0.015255	-0.010901	58897.22	11.48
0.4627	0.015221	-0.010888	58900.22	11.60
0.4665	0.015183	-0.010860	58903.22	11.70
0.4693	0.015186	-0.010877	58906.22	11.77
0.4737	0.015178	-0.010870	58909.22	11.88
0.4758	0.015188	-0.010880	58912.22	11.93
0.4808	0.015175	-0.010830	58915.22	12.05
0.4846	0.015213	-0.010807	58918.22	12.15
0.4868	0.015206	-0.010793	58921.22	12.20
0.4912	0.015169	-0.010748	58924.22	12.31
0.4955	0.015220	-0.010763	58927.22	12.42
0.4983	0.015165	-0.010742	58930.22	12.49
0.5010	0.015152	-0.010768	58933.22	12.56
0.5065	0.015149	-0.010760	58936.22	12.70
0.5103	0.015161	-0.010780	58939.22	12.79
0.5130	0.015126	-0.010740	58942.22	12.86
0.5180	0.015140	-0.010758	58945.22	12.98
0.5207	0.015134	-0.010737	58948.22	13.05
0.5262	0.015153	-0.010736	58951.22	13.19
0.5295	0.015159	-0.010736	58954.22	13.27
0.5322	0.015128	-0.010745	58957.22	13.34
0.5393	0.015048	-0.010761	58960.22	13.52
0.5420	0.015020	-0.010781	58963.22	13.59
0.5459	0.015053	-0.010775	58966.22	13.68
0.5519	0.015047	-0.010799	58969.22	13.83
0.5562	0.015019	-0.010820	58972.22	13.94
0.5612	0.015012	-0.010793	58975.22	14.06
0.5661	0.015013	-0.010842	58978.22	14.19
0.5694	0.015030	-0.010791	58981.22	14.27
0.5738	0.015011	-0.010827	58984.22	14.38
0.5787	0.014972	-0.010843	58987.22	14.50
0.5841	0.014989	-0.010821	58990.22	14.64
0.5880	0.014990	-0.010802	58993.22	14.73
0.5918	0.015025	-0.010786	58996.22	14.83
0.5984	0.014993	-0.010763	58999.22	14.99
0.6016	0.015003	-0.010759	59002.22	15.08
0.6060	0.015041	-0.010733	59005.22	15.18
0.6115	0.015051	-0.010714	59008.22	15.32
0.6153	0.015075	-0.010728	59011.22	15.42
0.6219	0.015061	-0.010742	59014.22	15.58
0.6252	0.015037	-0.010766	59017.22	15.66
0.6301	0.015006	-0.010786	59020.22	15.79
0.6361	0.015002	-0.010809	59023.22	15.94
0.6427	0.015003	-0.010800	59026.22	16.10
0.6454	0.014973	-0.010809	59029.22	16.17
0.6509	0.014939	-0.010848	59032.22	16.30
0.6580	0.014905	-0.010922	59035.22	16.48
0.6635	0.014852	-0.010934	59038.22	16.62
0.6678	0.014904	-0.010923	59041.22	16.73
0.6738	0.014817	-0.010969	59044.22	16.88
0.6782	0.014870	-0.010970	59047.22	16.99
0.6837	0.014844	-0.010993	59050.22	17.12
0.6875	0.014866	-0.010991	59053.22	17.22
0.6941	0.014826	-0.010980	59056.22	17.38
0.6985	0.014828	-0.010976	59059.22	17.49
0.7028	0.014853	-0.010935	59062.22	17.60
0.7088	0.014859	-0.010980	59065.22	17.75
0.7143	0.014850	-0.010964	59068.22	17.89
0.7187	0.014936	-0.010928	59071.22	17.99
0.7247	0.014916	-0.010946	59074.22	18.14
0.7313	0.014919	-0.010951	59077.22	18.31
0.7384	0.014923	-0.010955	59080.22	18.49
0.7433	0.014912	-0.011032	59083.22	18.61
0.7466	0.014921	-0.011009	59086.22	18.69
0.7521	0.014905	-0.010996	59089.22	18.83
0.7597	0.014865	-0.011017	59092.22	19.02
0.7630	0.014901	-0.010972	59095.22	19.10
0.7690	0.014882	-0.010978	59098.22	19.25
0.7745	0.014934	-0.010983	59101.22	19.38
0.7789	0.014964	-0.010934	59104.22	19.49
0.7843	0.014971	-0.010967	59107.22	19.63
0.7887	0.014987	-0.010915	59110.22	19.74
0.7931	0.015005	-0.010936	59113.22	19.85
0.8002	0.015004	-0.010945	59116.22	20.02
0.8024	0.015010	-0.010961	59119.22	20.08
0.8084	0.014959	-0.010997	59122.22	20.23
0.8144	0.014939	-0.011010	59125.22	20.38
0.8210	0.014965	-0.011008	59128.22	20.54
0.8248	0.014979	-0.011010	59131.22	20.64
0.8286	0.014943	-0.011036	59134.22	20.73
0.8346	0.014925	-0.011077	59137.22	20.88
0.8412	0.014958	-0.011023	59140.22	21.04
0.8467	0.014966	-0.011061	59143.22	21.18
0.8521	0.014957	-0.011079	59146.22	21.32
0.8582	0.014977	-0.011032	59149.22	21.47
0.8614	0.014996	-0.011010	59152.22	21.55
0.8658	0.015013	-0.011018	59155.22	21.66
0.8707	0.015016	-0.010997	59158.22	21.78
0.8768	0.015059	-0.010980	59161.22	21.93
0.8811	0.015034	-0.010992	59164.22	22.04
0.8861	0.015060	-0.010972	59167.22	22.16
0.8899	0.015055	-0.010971	59170.22	22.25
0.8964	0.015113	-0.010992	59173.22	22.42
0.9025	0.015057	-0.010997	59176.22	22.57
0.9063	0.015105	-0.010995	59179.22	22.66
0.9118	0.015100	-0.011063	59182.22	22.80
0.9167	0.015068	-0.011047	59185.22	22.92
0.9222	0.015074	-0.011034	59188.22	23.05
0.9265	0.015060	-0.011073	59191.22	23.16
0.9326	0.015038	-0.011069	59194.22	23.31
0.9375	0.015025	-0.011078	59197.22	23.43
0.9435	0.015039	-0.011106	59200.22	23.58
0.9484	0.015042	-0.011092	59203.22	23.71
0.9544	0.015083	-0.011093	59206.22	23.85
0.9583	0.015105	-0.011091	59209.22	23.95
0.9637	0.015045	-0.011121	59212.22	24.08
0.9692	0.015061	-0.011117	59215.22	24.22
0.9741	0.015083	-0.011128	59218.22	24.34
0.9801	0.015043	-0.011132	59221.22	24.49
0.9856	0.015058	-0.011099	59224.22	24.63
0.9911	0.015094	-0.011111	59227.22	24.76
0.9960	0.015073	-0.011145	59230.22	24.88
0.9998	0.015098	-0.011137	59233.22	24.98
1.0047	0.015095	-0.011162	59236.22	25.10
1.0113	0.015061	-0.011205	59239.22	25.26
1.0157	0.015081	-0.011167	59242.22	25.37
1.0212	0.015068	-0.011191	59245.22	25.51
1.0255	0.015050	-0.011236	59248.22	25.62
1.0299	0.015077	-0.011192	59251.22	25.72
1.0343	0.015061	-0.011208	59254.22	25.83
1.0403	0.015113	-0.011210	59257.22	25.98
1.0441	0.015138	-0.011122	59260.22	26.08
1.0480	0.015175	-0.011155	59263.22	26.17
1.0551	0.015145	-0.011166	59266.22	26.35
1.0589	0.015157	-0.011185	59269.22	26.44
1.0633	0.015112	-0.011242	59272.22	26.55
1.0676	0.015110	-0.011219	59275.22	26.66
1.0737	0.015103	-0.011252	59278.22	26.81
1.0769	0.015129	-0.011187	59281.22	26.89
1.0819	0.015129	-0.011248	59284.22	27.01
1.0868	0.015147	-0.011252	59287.22	27.13
1.0895	0.015168	-0.010617	59290.22	27.20
1.0884	0.015705	-0.010812	59293.22	27.17
1.0791	0.014930	-0.011794	59296.22	26.94
1.0616	0.014451	-0.011941	59299.22	26.51
1.0430	0.014358	-0.011981	59302.22	26.05
1.0233	0.014288	-0.012017	59305.22	25.56
1.0064	0.014220	-0.012031	59308.22	25.14
0.9856	0.014241	-0.012042	59311.22	24.63
0.9665	0.014193	-0.012029	59314.22	24.15
0.9484	0.014147	-0.012042	59317.22	23.71
0.9298	0.014155	-0.012027	59320.22	23.24
0.9118	0.014117	-0.011997	59323.22	22.80
0.8926	0.014106	-0.011973	59326.22	22.32
0.8735	0.014082	-0.011961	59329.22	21.85
0.8576	0.014073	-0.011974	59332.22	21.45
0.8390	0.014072	-0.011952	59335.22	20.99
0.8204	0.014046	-0.011961	59338.22	20.53
0.8051	0.014005	-0.011941	59341.22	20.15
0.7865	0.014049	-0.011912	59344.22	19.68
0.7696	0.014025	-0.011924	59347.22	19.26
0.7521	0.014008	-0.011914	59350.22	18.83
0.7362	0.013965	-0.011896	59353.22	18.43
0.7209	0.013984	-0.011871	59356.22	18.05
0.7028	0.013964	-0.011855	59359.22	17.60
0.6881	0.014002	-0.011870	59362.22	17.23
0.6717	0.013950	-0.011821	59365.22	16.82
0.6574	0.013973	-0.011828	59368.22	16.47
0.6410	0.013923	-0.011790	59371.22	16.06
0.6263	0.013950	-0.011801	59374.22	15.69
0.6109	0.013920	-0.011806	59377.22	15.31
0.5967	0.013900	-0.011777	59380.22	14.95
0.5814	0.013894	-0.011781	59383.22	14.57
0.5666	0.013854	-0.011795	59386.22	14.20
0.5524	0.013874	-0.011756	59389.22	13.85
0.5404	0.013866	-0.011756	59392.22	13.54
0.5267	0.013823	-0.011788	59395.22	13.20
0.5136	0.013815	-0.011788	59398.22	12.87
0.5021	0.013826	-0.011743	59401.22	12.59
0.4895	0.013830	-0.011783	59404.22	12.27
0.4764	0.013824	-0.011791	59407.22	11.94
0.4633	0.013814	-0.011796	59410.22	11.62
0.4540	0.013788	-0.011837	59413.22	11.38
0.4425	0.013796	-0.011838	59416.22	11.10
0.4304	0.013778	-0.011823	59419.22	10.79
0.4190	0.013788	-0.011847	59422.22	10.51
0.4108	0.013808	-0.011833	59425.22	10.30
0.4037	0.013761	-0.011870	59428.22	10.12
0.3938	0.013776	-0.011920	59431.22	9.88
0.3862	0.013740	-0.011931	59434.22	9.69
0.3763	0.013759	-0.011923	59437.22	9.44
0.3665	0.013697	-0.011961	59440.22	9.19
0.3615	0.013740	-0.012004	59443.22	9.07
0.3528	0.013728	-0.012037	59446.22	8.85
0.3440	0.013760	-0.012048	59449.22	8.63
0.3369	0.013733	-0.012086	59452.22	8.45
0.3304	0.013760	-0.012074	59455.22	8.29
0.3233	0.013754	-0.012148	59458.22	8.11
0.3150	0.013749	-0.012123	59461.22	7.90
0.3107	0.013778	-0.012143	59464.22	7.79
0.3025	0.013788	-0.012188	59467.22	7.59
0.2975	0.013810	-0.012180	59470.22	7.46
0.2915	0.013841	-0.012205	59473.22	7.31
0.2850	0.013862	-0.012234	59476.22	7.15
0.2817	0.013870	-0.012269	59479.22	7.07
0.2740	0.013872	-0.012275	59482.22	6.87
0.2696	0.013896	-0.012300	59485.22	6.76
0.2642	0.013923	-0.012327	59488.22	6.63
0.2598	0.013944	-0.012340	59491.22	6.52
0.2543	0.013965	-0.012391	59494.22	6.38
0.2483	0.014004	-0.012392	59497.22	6.23
0.2439	0.014042	-0.012407	59500.22	6.12
0.2396	0.014080	-0.012431	59503.22	6.01
0.2330	0.014112	-0.012485	59506.22	5.85
0.2286	0.014073	-0.012486	59509.22	5.74
0.2248	0.014104	-0.012524	59512.22	5.64
0.2199	0.014132	-0.012545	59515.22	5.52
0.2160	0.014172	-0.012611	59518.22	5.42
0.2111	0.014240	-0.012578	59521.22	5.30
0.2057	0.014236	-0.012632	59524.22	5.16
0.2035	0.014207	-0.012691	59527.22	5.10
0.1991	0.014276	-0.012679	59530.22	5.00
0.1925	0.014304	-0.012729	59533.22	4.83
0.1898	0.014344	-0.012746	59536.22	4.76
0.1827	0.014365	-0.012739	59539.22	4.58
0.1794	0.014425	-0.012810	59542.22	4.50
0.1745	0.014432	-0.012801	59545.22	4.38
0.1690	0.014503	-0.012828	59548.22	4.24
0.1646	0.014528	-0.012844	59551.22	4.13
0.1619	0.014595	-0.012871	59554.22	4.06
0.1581	0.014622	-0.012879	59557.22	3.97
0.1542	0.014666	-0.012901	59560.22	3.87
0.1482	0.014750	-0.012942	59563.22	3.72
0.1455	0.014764	-0.012967	59566.22	3.65
0.1417	0.014797	-0.013022	59569.22	3.55
0.1356	0.014852	-0.013009	59572.22	3.40
0.1318	0.014888	-0.013054	59575.22	3.31
0.1280	0.014936	-0.013090	59578.22	3.21
0.1231	0.015016	-0.013141	59581.22	3.09
0.1181	0.015012	-0.013180	59584.22	2.96
0.1121	0.015020	-0.013222	59587.22	2.81
0.1099	0.015053	-0.013251	59590.22	2.76
0.1050	0.015129	-0.013266	59593.22	2.63
0.1017	0.015138	-0.013328	59596.22	2.55
0.0974	0.015196	-0.013346	59599.22	2.44
0.0935	0.015223	-0.013414	59602.22	2.35
0.0870	0.015270	-0.013418	59605.22	2.18
0.0831	0.015311	-0.013450	59608.22	2.09
0.0799	0.015389	-0.013481	59611.22	2.00
0.0749	0.015406	-0.013486	59614.22	1.88
0.0700	0.015507	-0.013531	59617.22	1.76
0.0640	0.015521	-0.013535	59620.22	1.61
0.0613	0.015593	-0.013520	59623.22	1.54
0.0558	0.015612	-0.013565	59626.22	1.40
0.0487	0.015700	-0.013625	59629.22	1.22
0.0459	0.015718	-0.013663	59632.22	1.15
0.0405	0.015739	-0.013677	59635.22	1.02
0.0366	0.015772	-0.013735	59638.22	0.92
0.0284	0.015816	-0.013797	59641.22	0.71
0.0257	0.015850	-0.013801	59644.22	0.64
0.0202	0.015909	-0.013832	59647.22	0.51
0.0148	0.015962	-0.013863	59650.22	0.37
0.0115	0.016010	-0.013880	59653.22	0.29
0.0038	0.016031	-0.013929	59656.22	0.10
0.0000	0.016063	-0.013976	59659.22	0.00
-0.0071	0.016125	-0.013959	59662.22	-0.18
-0.0131	0.016132	-0.014000	59665.22	-0.33
-0.0159	0.016169	-0.014030	59668.22	-0.40
-0.0268	0.016201	-0.014054	59671.22	-0.68
-0.0317	0.016213	-0.014083	59674.22	-0.80
-0.0339	0.016259	-0.014113	59677.22	-0.85
-0.0399	0.016274	-0.014145	59680.22	-1.01
-0.0498	0.016323	-0.014158	59683.22	-1.26
-0.0558	0.016345	-0.014209	59686.22	-1.41
-0.0607	0.016354	-0.014232	59689.22	-1.53
-0.0667	0.016364	-0.014254	59692.22	-1.68
-0.0727	0.016396	-0.014249	59695.22	-1.84
-0.0799	0.016402	-0.014292	59698.22	-2.02
-0.0848	0.016438	-0.014320	59701.22	-2.14
-0.0919	0.016427	-0.014327	59704.22	-2.32
-0.0963	0.016436	-0.014348	59707.22	-2.43
-0.1023	0.016449	-0.014369	59710.22	-2.59
-0.1105	0.016449	-0.014367	59713.22	-2.79
-0.1181	0.016502	-0.014393	59716.22	-2.99
-0.1231	0.016490	-0.014429	59719.22	-3.11
-0.1302	0.016528	-0.014427	59722.22	-3.29
-0.1351	0.016521	-0.014422	59725.22	-3.42
-0.1400	0.016544	-0.014463	59728.22	-3.54
-0.1477	0.016569	-0.014478	59731.22	-3.74
-0.1537	0.016591	-0.014479	59734.22	-3.89
-0.1603	0.016581	-0.014491	59737.22	-4.06
-0.1668	0.016598	-0.014547	59740.22	-4.23
-0.1739	0.016589	-0.014540	59743.22	-4.41
-0.1799	0.016617	-0.014561	59746.22	-4.56
-0.1876	0.016612	-0.014559	59749.22	-4.76
-0.1920	0.016653	-0.014606	59752.22	-4.87
-0.2002	0.016630	-0.014577	59755.22	-5.08
-0.2068	0.016626	-0.014570	59758.22	-5.25
-0.2122	0.016656	-0.014611	59761.22	-5.39
-0.2182	0.016644	-0.014577	59764.22	-5.54
-0.2253	0.016696	-0.014597	59767.22	-5.72
-0.2319	0.016693	-0.014613	59770.22	-5.89
-0.2368	0.016667	-0.014639	59773.22	-6.02
-0.2428	0.016682	-0.014627	59776.22	-6.17
-0.2505	0.016667	-0.014641	59779.22	-6.37
-0.2554	0.016717	-0.014646	59782.22	-6.49
-0.2631	0.016684	-0.014661	59785.22	-6.69
-0.2691	0.016725	-0.014652	59788.22	-6.84
-0.2746	0.016699	-0.014655	59791.22	-6.98
-0.2800	0.016717	-0.014652	59794.22	-7.12
-0.2861	0.016714	-0.014654	59797.22	-7.28
-0.2904	0.016704	-0.014657	59800.22	-7.39
-0.2986	0.016703	-0.014680	59803.22	-7.60
-0.3052	0.016731	-0.014694	59806.22	-7.77
-0.3107	0.016725	-0.014683	59809.22	-7.91
-0.3178	0.016744	-0.014713	59812.22	-8.09
-0.3222	0.016739	-0.014699	59815.22	-8.20
-0.3271	0.016702	-0.014696	59818.22	-8.33
-0.3353	0.016718	-0.014716	59821.22	-8.54
-0.3413	0.016741	-0.014693	59824.22	-8.69
-0.3457	0.016758	-0.014722	59827.22	-8.81
-0.3522	0.016740	-0.014687	59830.22	-8.98
-0.3577	0.016746	-0.014699	59833.22	-9.12
-0.3643	0.016735	-0.014726	59836.22	-9.29
-0.3681	0.016712	-0.014691	59839.22	-9.38
-0.3730	0.016758	-0.014753	59842.22	-9.51
-0.3790	0.016722	-0.014703	59845.22	-9.67
-0.3862	0.016749	-0.014723	59848.22	-9.85
-0.3922	0.016737	-0.014741	59851.22	-10.00
-0.3965	0.016771	-0.014719	59854.22	-10.12
-0.4042	0.016781	-0.014720	59857.22	-10.31
-0.4080	0.016735	-0.014723	59860.22	-10.41
-0.4135	0.016787	-0.014669	59863.22	-10.55
-0.4190	0.016803	-0.014716	59866.22	-10.70
-0.4244	0.016791	-0.014715	59869.22	-10.84
-0.4326	0.016795	-0.014694	59872.22	-11.05
-0.4354	0.016777	-0.014689	59875.22	-11.12
-0.4392	0.016774	-0.014708	59878.22	-11.22
-0.4452	0.016802	-0.014719	59881.22	-11.37
-0.4523	0.016805	-0.014745	59884.22	-11.56
-0.4567	0.016789	-0.014704	59887.22	-11.67
-0.4644	0.016767	-0.014698	59890.22	-11.87
-0.4660	0.016777	-0.014717	59893.22	-11.91
-0.4737	0.016814	-0.014719	59896.22	-12.11
-0.4780	0.016798	-0.014688	59899.22	-12.22
-0.4862	0.016787	-0.014713	59902.22	-12.43
-0.4868	0.016801	-0.014698	59905.22	-12.45
-0.4933	0.016799	-0.014706	59908.22	-12.62
-0.4966	0.016784	-0.014676	59911.22	-12.70
-0.5016	0.016816	-0.014668	59914.22	-12.83
-0.5059	0.016825	-0.014691	59917.22	-12.94
-0.5136	0.016786	-0.014714	59920.22	-13.14
-0.5191	0.016800	-0.014699	59923.22	-13.28
-0.5251	0.016790	-0.014667	59926.22	-13.44
-0.5300	0.016825	-0.014679	59929.22	-13.57
-0.5311	0.016815	-0.014698	59932.22	-13.59
-0.5377	0.016793	-0.014679	59935.22	-13.76
-0.5415	0.016827	-0.014657	59938.22	-13.86
-0.5480	0.016843	-0.014674	59941.22	-14.03
-0.5519	0.016804	-0.014633	59944.22	-14.13
-0.5557	0.016816	-0.014679	59947.22	-14.23
-0.5601	0.016831	-0.014688	59950.22	-14.34
-0.5655	0.016827	-0.014649	59953.22	-14.49
-0.5705	0.016832	-0.014665	59956.22	-14.61
-0.5738	0.016819	-0.014663	59959.22	-14.70
-0.5792	0.016847	-0.014642	59962.22	-14.84
-0.5852	0.016818	-0.014653	59965.22	-15.00
-0.5891	0.016827	-0.014633	59968.22	-15.10
-0.5923	0.016826	-0.014640	59971.22	-15.18
-0.5962	0.016817	-0.014669	59974.22	-15.28
-0.6022	0.016795	-0.014676	59977.22	-15.44
-0.6077	0.016801	-0.014651	59980.22	-15.58
-0.6126	0.016781	-0.014698	59983.22	-15.71
-0.6142	0.016805	-0.014640	59986.22	-15.75
-0.6197	0.016827	-0.014642	59989.22	-15.89
-0.6235	0.016819	-0.014627	59992.22	-15.99
-0.6279	0.016813	-0.014637	59995.22	-16.11
-0.6301	0.016829	-0.014621	59998.22	-16.16
-0.6361	0.016848	-0.014636	60001.22	-16.32
-0.6405	0.016806	-0.014632	60004.22	-16.43
-0.6438	0.016821	-0.014612	60007.22	-16.52
-0.6487	0.016831	-0.014610	60010.22	-16.65
-0.6547	0.016835	-0.014619	60013.22	-16.80
-0.6569	0.016813	-0.014609	60016.22	-16.86
-0.6607	0.016834	-0.014607	60019.22	-16.96
-0.6640	0.016807	-0.014632	60022.22	-17.05
-0.6678	0.016793	-0.014649	60025.22	-17.14
-0.6727	0.016790	-0.014626	60028.22	-17.27
-0.6766	0.016789	-0.014599	60031.22	-17.37
-0.6810	0.016792	-0.014624	60034.22	-17.49
-0.6842	0.016788	-0.014630	60037.22	-17.57
-0.6886	0.016816	-0.014600	60040.22	-17.69
-0.6924	0.016803	-0.014612	60043.22	-17.79
-0.6963	0.016799	-0.014607	60046.22	-17.89
-0.6995	0.016798	-0.014604	60049.22	-17.97
-0.7023	0.016778	-0.014608	60052.22	-18.04
-0.7067	0.016776	-0.014600	60055.22	-18.16
-0.7110	0.016772	-0.014577	60058.22	-18.27
-0.7143	0.016811	-0.014571	60061.22	-18.36
-0.7181	0.016797	-0.014584	60064.22	-18.46
-0.7225	0.016778	-0.014613	60067.22	-18.57
-0.7269	0.016784	-0.014586	60070.22	-18.69
-0.7302	0.016804	-0.014592	60073.22	-18.77
-0.7329	0.016799	-0.014571	60076.22	-18.84
-0.7367	0.016753	-0.014599	60079.22	-18.94
-0.7406	0.016793	-0.014600	60082.22	-19.04
-0.7433	0.016767	-0.014591	60085.22	-19.11
-0.7466	0.016798	-0.014590	60088.22	-19.20
-0.7493	0.016785	-0.014580	60091.22	-19.27
-0.7553	0.016784	-0.014569	60094.22	-19.43
-0.7586	0.016787	-0.014580	60097.22	-19.51
-0.7608	0.016761	-0.014607	60100.22	-19.57
-0.7646	0.016785	-0.014610	60103.22	-19.67
-0.7674	0.016771	-0.014579	60106.22	-19.74
-0.7712	0.016775	-0.014572	60109.22	-19.84
-0.7750	0.016751	-0.014564	60112.22	-19.94
-0.7772	0.016764	-0.014588	60115.22	-20.00
-0.7816	0.016754	-0.014577	60118.22	-20.11
-0.7849	0.016764	-0.014568	60121.22	-20.20
-0.7860	0.016761	-0.014557	60124.22	-20.23
-0.7903	0.016745	-0.014547	60127.22	-20.34
-0.7947	0.016762	-0.014568	60130.22	-20.46
-0.7980	0.016774	-0.014550	60133.22	-20.54
-0.8024	0.016770	-0.014557	60136.22	-20.66
-0.8024	0.016756	-0.014549	60139.22	-20.66
-0.8062	0.016763	-0.014555	60142.22	-20.76
-0.8100	0.016789	-0.014551	60145.22	-20.86
-0.8122	0.016784	-0.014550	60148.22	-20.92
-0.8166	0.016754	-0.014542	60151.22	-21.03
-0.8221	0.016731	-0.014547	60154.22	-21.17
-0.8232	0.016735	-0.014545	60157.22	-21.20
-0.8248	0.016724	-0.014502	60160.22	-21.25
-0.8292	0.016764	-0.014543	60163.22	-21.36
-0.8303	0.016765	-0.014528	60166.22	-21.39
-0.8363	0.016726	-0.014505	60169.22	-21.55
-0.8368	0.016750	-0.014541	60172.22	-21.56
-0.8418	0.016774	-0.014502	60175.22	-21.69
-0.8434	0.016750	-0.014514	60178.22	-21.73
-0.8483	0.016754	-0.014506	60181.22	-21.86
-0.8494	0.016763	-0.014529	60184.22	-21.89
-0.8543	0.016747	-0.014533	60187.22	-22.02
-0.8565	0.016776	-0.014507	60190.22	-22.08
-0.8604	0.016748	-0.014515	60193.22	-22.18
-0.8593	0.016749	-0.014510	60196.22	-22.15
-0.8642	0.016748	-0.014505	60199.22	-22.28
-0.8669	0.016758	-0.014523	60202.22	-22.35
-0.8696	0.016750	-0.014482	60205.22	-22.42
-0.8729	0.016756	-0.014499	60208.22	-22.51
-0.8757	0.016779	-0.014507	60211.22	-22.58
-0.8784	0.016747	-0.014515	60214.22	-22.65
-0.8800	0.016739	-0.014528	60217.22	-22.70
-0.8844	0.016744	-0.014498	60220.22	-22.81
-0.8877	0.016751	-0.014455	60223.22	-22.90
-0.8888	0.016735	-0.014479	60226.22	-22.93
-0.8904	0.016777	-0.014511	60229.22	-22.97
-0.8943	0.016738	-0.014490	60232.22	-23.07
-0.8937	0.016722	-0.014483	60235.22	-23.06
-0.9008	0.016726	-0.014472	60238.22	-23.24
-0.9030	0.016752	-0.014444	60241.22	-23.30
-0.9036	0.016739	-0.014484	60244.22	-23.31
-0.9063	0.016733	-0.014489	60247.22	-23.39
-0.9096	0.016745	-0.014475	60250.22	-23.47
-0.9129	0.016740	-0.014476	60253.22	-23.56
-0.9150	0.016758	-0.014483	60256.22	-23.62
-0.9167	0.016722	-0.014479	60259.22	-23.66
-0.9178	0.016741	-0.014465	60262.22	-23.69
-0.9211	0.016707	-0.014473	60265.22	-23.78
-0.9249	0.016724	-0.014482	60268.22	-23.88
-0.9260	0.016773	-0.014475	60271.22	-23.90
-0.9287	0.016722	-0.014477	60274.22	-23.98
-0.9304	0.016730	-0.014483	60277.22	-24.02
-0.9336	0.016684	-0.014434	60280.22	-24.11
-0.9358	0.016693	-0.014481	60283.22	-24.16
-0.9397	0.016749	-0.014431	60286.22	-24.26
-0.9391	0.016702	-0.014455	60289.22	-24.25
-0.9429	0.016732	-0.014436	60292.22	-24.35
-0.9468	0.016731	-0.014444	60295.22	-24.45
-0.9462	0.016727	-0.014444	60298.22	-24.44
-0.9506	0.016733	-0.014423	60301.22	-24.55
-0.9528	0.016722	-0.014404	60304.22	-24.61
-0.9555	0.016730	-0.014409	60307.22	-24.68
-0.9561	0.016739	-0.014418	60310.22	-24.70
-0.9588	0.016708	-0.014434	60313.22	-24.77
-0.9599	0.016739	-0.014416	60316.22	-24.80
-0.9643	0.016739	-0.014430	60319.22	-24.91
-0.9654	0.016705	-0.014406	60322.22	-24.94
-0.9676	0.016730	-0.014391	60325.22	-25.00
-0.9692	0.016740	-0.014406	60328.22	-25.04
-0.9725	0.016749	-0.014406	60331.22	-25.13
-0.9736	0.016751	-0.014398	60334.22	-25.16
-0.9769	0.016773	-0.014400	60337.22	-25.25
-0.9774	0.016749	-0.014402	60340.22	-25.26
-0.9801	0.016712	-0.014418	60343.22	-25.33
-0.9818	0.016739	-0.014385	60346.22	-25.38
-0.9845	0.016723	-0.014371	60349.22	-25.45
-0.9862	0.016745	-0.014353	60352.22	-25.49
-0.9867	0.016746	-0.014390	60355.22	-25.51
-0.9905	0.016747	-0.014382	60358.22	-25.61
-0.9911	0.016827	-0.014344	60361.22	-25.62
-0.9949	0.016724	-0.014394	60364.22	-25.72
-0.9971	0.016725	-0.014379	60367.22	-25.78
-0.9993	0.016737	-0.014366	60370.22	-25.84
-0.9993	0.016732	-0.014381	60373.22	-25.84
-1.0026	0.016748	-0.014375	60376.22	-25.92
-1.0047	0.016723	-0.014364	60379.22	-25.98
-1.0053	0.016732	-0.014366	60382.22	-26.00
-1.0097	0.016719	-0.014373	60385.22	-26.11
-1.0108	0.016736	-0.014385	60388.22	-26.14
-1.0135	0.016730	-0.014355	60391.22	-26.21
-1.0146	0.016748	-0.014385	60394.22	-26.24
-1.0173	0.016707	-0.014375	60397.23	-26.32
-1.0184	0.016721	-0.014321	60400.23	-26.34
-1.0201	0.016729	-0.014368	60403.23	-26.39
-1.0212	0.016738	-0.014378	60406.23	-26.42
-1.0244	0.016734	-0.014397	60409.23	-26.50
-1.0255	0.016729	-0.014351	60412.23	-26.53
-1.0266	0.016731	-0.014351	60415.23	-26.56
-1.0299	0.016717	-0.014367	60418.23	-26.65
-1.0326	0.016736	-0.014321	60421.23	-26.72
-1.0348	0.016719	-0.014355	60424.23	-26.78
-1.0365	0.016734	-0.014373	60427.23	-26.82
-1.0370	0.016711	-0.014356	60430.23	-26.84
-1.0392	0.016726	-0.014340	60433.23	-26.89
-1.0392	0.016709	-0.014349	60436.23	-26.89
-1.0430	0.016726	-0.014356	60439.23	-27.00
-1.0430	0.016747	-0.014341	60442.23	-27.00
-1.0447	0.016705	-0.014329	60445.23	-27.04
-1.0463	0.016722	-0.014340	60448.25	-27.08
-1.0469	0.016732	-0.014306	60451.23	-27.10
-1.0507	0.016730	-0.014329	60454.23	-27.20
-1.0518	0.016714	-0.014333	60457.23	-27.23
-1.0534	0.016702	-0.014309	60460.23	-27.27
-1.0573	0.016712	-0.014344	60463.23	-27.37
-1.0578	0.016695	-0.014338	60466.23	-27.39
-1.0594	0.016690	-0.014341	60469.23	-27.43
-1.0605	0.016672	-0.014333	60472.23	-27.46
-1.0583	0.016910	-0.014085	60475.23	-27.40
-1.0376	0.017907	-0.013186	60478.23	-26.85
-1.0157	0.019242	-0.011996	60481.23	-26.27
-0.9851	0.017981	-0.013362	60484.23	-25.46
-0.9572	0.017867	-0.013241	60487.23	-24.73
-0.9386	0.017891	-0.013312	60490.23	-24.24
-0.9216	0.017850	-0.013422	60493.23	-23.79
-0.9047	0.017806	-0.013429	60496.23	-23.34
-0.8910	0.017772	-0.013456	60499.23	-22.98
-0.8740	0.017769	-0.013513	60502.23	-22.54
-0.8571	0.017763	-0.013555	60505.23	-22.09
-0.8374	0.017743	-0.013607	60508.23	-21.58
-0.8215	0.017764	-0.013605	60511.23	-21.16
-0.8046	0.017738	-0.013615	60514.23	-20.72
-0.7865	0.017741	-0.013647	60517.23	-20.24
-0.7701	0.017772	-0.013660	60520.23	-19.81
-0.7521	0.017740	-0.013686	60523.23	-19.34
-0.7373	0.017762	-0.013719	60526.23	-18.96
-0.7187	0.017741	-0.013735	60529.23	-18.47
-0.7006	0.017792	-0.013710	60532.23	-18.00
-0.6842	0.017789	-0.013733	60535.23	-17.57
-0.6656	0.017780	-0.013783	60538.23	-17.09
-0.6525	0.017723	-0.013830	60541.23	-16.75
-0.6356	0.017750	-0.013834	60544.23	-16.31
-0.6170	0.017789	-0.013829	60547.23	-15.82
-0.6022	0.017811	-0.013849	60550.23	-15.44
-0.5858	0.017790	-0.013865	60553.23	-15.01
-0.5694	0.017780	-0.013847	60556.23	-14.59
-0.5546	0.017836	-0.013845	60559.23	-14.20
-0.5387	0.017881	-0.013864	60562.23	-13.79
-0.5223	0.017883	-0.013857	60565.23	-13.37
-0.5087	0.017882	-0.013872	60568.23	-13.01
-0.4901	0.017880	-0.013849	60571.23	-12.53
-0.4786	0.017915	-0.013856	60574.23	-12.23
-0.4594	0.017952	-0.013855	60577.23	-11.74
-0.4474	0.017958	-0.013833	60580.23	-11.43
-0.4315	0.017954	-0.013869	60583.23	-11.02
-0.4162	0.017976	-0.013874	60586.23	-10.62
-0.4009	0.017964	-0.013927	60589.23	-10.23
-0.3851	0.017958	-0.013890	60592.23	-9.82
-0.3692	0.017991	-0.013877	60595.25	-9.41
-0.3528	0.018017	-0.013889	60598.25	-8.99
-0.3391	0.018038	-0.013881	60601.25	-8.64
-0.3260	0.018054	-0.013878	60604.25	-8.30
-0.3129	0.018099	-0.013838	60607.25	-7.96
-0.2959	0.018110	-0.013848	60610.25	-7.53
-0.2817	0.018106	-0.013848	60613.25	-7.16
-0.2686	0.018122	-0.013823	60616.25	-6.83
-0.2532	0.018149	-0.013849	60619.25	-6.44
-0.2412	0.018147	-0.013867	60622.25	-6.13
-0.2270	0.018116	-0.013891	60625.25	-5.76
-0.2139	0.018074	-0.013909	60628.25	-5.43
-0.2018	0.018084	-0.013930	60631.25	-5.12
-0.1865	0.018048	-0.013932	60634.25	-4.73
-0.1745	0.018070	-0.013945	60637.25	-4.42
-0.1608	0.018087	-0.013930	60640.25	-4.07
-0.1482	0.018094	-0.013934	60643.25	-3.75
-0.1356	0.018099	-0.013942	60646.25	-3.43
-0.1220	0.018080	-0.013924	60649.25	-3.09
-0.1083	0.018138	-0.013870	60652.25	-2.74
-0.0952	0.018174	-0.013873	60655.25	-2.41
-0.0826	0.018070	-0.013985	60658.25	-2.09
-0.0700	0.018023	-0.014003	60661.25	-1.77
-0.0591	0.018011	-0.013988	60664.25	-1.49
-0.0498	0.018062	-0.013956	60667.25	-1.26
-0.0377	0.018032	-0.013948	60670.25	-0.95
-0.0263	0.018038	-0.013955	60673.25	-0.66
-0.0164	0.018016	-0.013907	60676.25	-0.41
-0.0027	0.018009	-0.013929	60679.25	-0.07
0.0066	0.017992	-0.013935	60682.25	0.16
0.0137	0.017979	-0.013944	60685.25	0.34
0.0246	0.017945	-0.013953	60688.25	0.62
0.0295	0.017938	-0.013915	60691.25	0.74
0.0366	0.017975	-0.013895	60694.25	0.92
0.0443	0.017922	-0.013849	60697.25	1.11
0.0525	0.017954	-0.013798	60700.25	1.32
0.0613	0.017953	-0.013811	60703.25	1.54
0.0700	0.017925	-0.013814	60706.25	1.76
0.0788	0.017877	-0.013800	60709.25	1.98
0.0853	0.017818	-0.013771	60712.25	2.14
0.0935	0.017789	-0.013748	60715.25	2.35
0.1023	0.017741	-0.013758	60718.25	2.57
0.1094	0.017707	-0.013717	60721.25	2.74
0.1149	0.017631	-0.013672	60724.25	2.88
0.1203	0.017579	-0.013659	60727.25	3.02
0.1253	0.017548	-0.013622	60730.25	3.14
0.1324	0.017470	-0.013637	60733.25	3.32
0.1384	0.017450	-0.013624	60736.25	3.47
0.1433	0.017418	-0.013569	60739.25	3.60
0.1499	0.017375	-0.013489	60742.25	3.76
0.1542	0.017357	-0.013478	60745.25	3.87
0.1597	0.017325	-0.013417	60748.25	4.01
0.1657	0.017258	-0.013398	60751.25	4.16
0.1701	0.017226	-0.013362	60754.25	4.27
0.1745	0.017203	-0.013335	60757.25	4.38
0.1827	0.017165	-0.013257	60760.25	4.58
0.1843	0.017179	-0.013218	60763.25	4.62
0.1887	0.017167	-0.013116	60766.25	4.73
0.1936	0.017101	-0.013093	60769.25	4.86
0.1964	0.017068	-0.013022	60772.25	4.93
0.1985	0.017063	-0.012959	60775.25	4.98
0.2062	0.017029	-0.012918	60778.25	5.17
0.2084	0.016974	-0.012828	60781.25	5.23
0.2139	0.016942	-0.012818	60784.25	5.37
0.2177	0.016859	-0.012795	60787.25	5.46
0.2193	0.016867	-0.012743	60790.25	5.50
0.2242	0.016779	-0.012685	60793.25	5.63
0.2292	0.016786	-0.012663	60796.25	5.75
0.2325	0.016748	-0.012591	60799.25	5.83
0.2374	0.016703	-0.012581	60802.25	5.96
0.2390	0.016637	-0.012510	60805.25	6.00
0.2445	0.016641	-0.012461	60808.25	6.13
0.2461	0.016596	-0.012445	60811.25	6.18
0.2505	0.016545	-0.012370	60814.25	6.28
0.2543	0.016522	-0.012359	60817.25	6.38
0.2571	0.016509	-0.012330	60820.25	6.45
0.2604	0.016449	-0.012297	60823.25	6.53
0.2642	0.016428	-0.012284	60826.25	6.63
0.2691	0.016368	-0.012225	60829.25	6.75
0.2707	0.016370	-0.012211	60832.25	6.79
0.2746	0.016319	-0.012123	60835.25	6.89
0.2779	0.016318	-0.012096	60838.25	6.97
0.2828	0.016278	-0.012076	60841.25	7.09
0.2839	0.016263	-0.011998	60844.25	7.12
0.2877	0.016238	-0.012005	60847.25	7.22
0.2915	0.016197	-0.011954	60850.25	7.31
0.2948	0.016171	-0.011912	60853.25	7.40
0.2954	0.016154	-0.011882	60856.25	7.41
0.3008	0.016184	-0.011826	60859.25	7.55
0.3047	0.016139	-0.011796	60862.25	7.64
0.3074	0.016127	-0.011780	60865.25	7.71
0.3107	0.016085	-0.011757	60868.25	7.79
0.3123	0.016104	-0.011686	60871.25	7.83
0.3156	0.016072	-0.011652	60874.25	7.92
0.3200	0.016034	-0.011657	60877.25	8.03
0.3222	0.016041	-0.011584	60880.25	8.08
0.3276	0.015996	-0.011545	60883.25	8.22
0.3293	0.016017	-0.011527	60886.25	8.26
0.3309	0.015985	-0.011522	60889.25	8.30
0.3342	0.015904	-0.011486	60892.25	8.38
0.3391	0.015930	-0.011435	60895.25	8.51
0.3413	0.015900	-0.011471	60898.25	8.56
0.3446	0.015888	-0.011419	60901.25	8.64
0.3457	0.015845	-0.011397	60904.25	8.67
0.3495	0.015849	-0.011399	60907.25	8.77
0.3517	0.015812	-0.011338	60910.25	8.82
0.3550	0.015816	-0.011319	60913.25	8.90
0.3583	0.015813	-0.011314	60916.25	8.99
0.3593	0.015789	-0.011291	60919.25	9.01
0.3643	0.015715	-0.011291	60922.25	9.14
0.3676	0.015706	-0.011262	60925.25	9.22
0.3692	0.015676	-0.011247	60928.25	9.26
0.3730	0.015640	-0.011247	60931.25	9.36
0.3741	0.015610	-0.011226	60934.25	9.38
0.3779	0.015607	-0.011226	60937.25	9.48
0.3796	0.015573	-0.011225	60940.25	9.52
0.3840	0.015594	-0.011167	60943.25	9.63
0.3861	0.015580	-0.011156	60946.25	9.68
0.3872	0.015541	-0.011138	60949.25	9.71
0.3900	0.015531	-0.011140	60952.25	9.78
0.3938	0.015519	-0.011094	60955.25	9.88
0.3993	0.015514	-0.011070	60958.25	10.01
0.3993	0.015512	-0.011056	60961.25	10.01
0.4031	0.015487	-0.011045	60964.25	10.11
0.4042	0.015454	-0.011010	60967.25	10.14
0.4075	0.015476	-0.011022	60970.25	10.22
0.4108	0.015431	-0.011035	60973.25	10.30
0.4119	0.015439	-0.011013	60976.25	10.33
0.4146	0.015393	-0.010970	60979.25	10.40
0.4195	0.015390	-0.010978	60982.25	10.52
0.4228	0.015409	-0.010968	60985.25	10.60
0.4283	0.015370	-0.010919	60988.25	10.74
0.4277	0.015400	-0.010891	60991.25	10.73
0.4310	0.015362	-0.010897	60994.25	10.81
0.4337	0.015362	-0.010866	60997.25	10.88
0.4381	0.015345	-0.010857	61000.25	10.99
0.4408	0.015348	-0.010873	61003.25	11.05
0.4447	0.015341	-0.010859	61006.25	11.15
0.4507	0.015333	-0.010853	61009.25	11.30
0.4523	0.015313	-0.010836	61012.25	11.34
0.4534	0.015265	-0.010788	61015.25	11.37
0.4556	0.015276	-0.010816	61018.25	11.42
0.4600	0.015317	-0.010786	61021.25	11.53
0.4616	0.015282	-0.010812	61024.25	11.57
0.4671	0.015268	-0.010780	61027.25	11.71
0.4698	0.015273	-0.010764	61030.25	11.78
0.4731	0.015257	-0.010763	61033.25	11.86
0.4780	0.015246	-0.010763	61036.25	11.99
0.4808	0.015256	-0.010775	61039.25	12.05
0.4830	0.015205	-0.010751	61042.25	12.11
0.4862	0.015221	-0.010700	61045.25	12.19
0.4879	0.015230	-0.010748	61048.25	12.23
0.4917	0.015219	-0.010717	61051.25	12.33
0.4961	0.015211	-0.010681	61054.25	12.44
0.4988	0.015215	-0.010681	61057.25	12.51
0.5021	0.015183	-0.010702	61060.25	12.59
0.5054	0.015159	-0.010713	61063.25	12.67
0.5087	0.015145	-0.010734	61066.25	12.75
0.5136	0.015135	-0.010719	61069.25	12.87
0.5158	0.015152	-0.010692	61072.25	12.93
0.5207	0.015136	-0.010687	61075.25	13.05
0.5223	0.015141	-0.010667	61078.25	13.09
0.5262	0.015125	-0.010675	61081.25	13.19
0.5300	0.015132	-0.010658	61084.25	13.29
0.5344	0.015125	-0.010690	61087.25	13.39
0.5377	0.015135	-0.010680	61090.25	13.48
0.5404	0.015094	-0.010674	61093.25	13.54
0.5437	0.015071	-0.010688	61096.25	13.63
0.5491	0.015070	-0.010692	61099.25	13.76
0.5508	0.015074	-0.010701	61102.25	13.80
0.5557	0.015034	-0.010708	61105.25	13.93
0.5617	0.015034	-0.010690	61108.25	14.08
0.5645	0.015038	-0.010680	61111.25	14.15
0.5694	0.015044	-0.010699	61114.25	14.27
0.5716	0.015038	-0.010715	61117.25	14.32
0.5781	0.015041	-0.010699	61120.25	14.49
0.5781	0.015035	-0.010704	61123.25	14.49
0.5858	0.015051	-0.010711	61126.25	14.68
0.5863	0.015034	-0.010690	61129.25	14.69
0.5929	0.014994	-0.010729	61132.25	14.86
0.5973	0.015000	-0.010722	61135.25	14.97
0.6016	0.014975	-0.010721	61138.25	15.08
0.6049	0.014957	-0.010740	61141.25	15.16
0.6066	0.014970	-0.010727	61144.25	15.20
0.6109	0.014943	-0.010745	61147.25	15.31
0.6175	0.014969	-0.010754	61150.25	15.47
0.6213	0.014950	-0.010754	61153.25	15.57
0.6263	0.014969	-0.010778	61156.25	15.69
0.6306	0.014935	-0.010779	61159.25	15.80
0.6345	0.014951	-0.010774	61162.25	15.89
0.6383	0.014949	-0.010773	61165.25	15.99
0.6427	0.014956	-0.010738	61168.25	16.10
0.6476	0.014978	-0.010779	61171.25	16.22
0.6531	0.014961	-0.010737	61174.25	16.36
0.6569	0.014974	-0.010792	61177.25	16.45
0.6618	0.014939	-0.010764	61180.25	16.58
0.6662	0.014947	-0.010790	61183.25	16.69
0.6700	0.014939	-0.010775	61186.25	16.78
0.6749	0.014957	-0.010824	61189.25	16.90
0.6793	0.014905	-0.010800	61192.25	17.01
0.6837	0.014938	-0.010792	61195.25	17.12
0.6875	0.014924	-0.010803	61198.25	17.22
0.6941	0.014945	-0.010780	61201.25	17.38
0.6979	0.014929	-0.010793	61204.25	17.48
0.7034	0.014934	-0.010801	61207.25	17.61
0.7083	0.014938	-0.010802	61210.25	17.74
0.7116	0.014944	-0.010831	61213.25	17.82
0.7181	0.014911	-0.010801	61216.25	17.98
0.7231	0.014966	-0.010835	61219.25	18.10
0.7269	0.014939	-0.010869	61222.25	18.20
0.7307	0.014884	-0.010876	61225.25	18.29
0.7346	0.014934	-0.010850	61228.25	18.39
0.7422	0.014917	-0.010876	61231.25	18.58
0.7460	0.014905	-0.010885	61234.25	18.68
0.7493	0.014904	-0.010894	61237.25	18.76
0.7559	0.014894	-0.010886	61240.25	18.92
0.7592	0.014931	-0.010929	61243.25	19.00
0.7630	0.014917	-0.010925	61246.25	19.10
0.7707	0.014891	-0.010916	61249.25	19.29
0.7745	0.014917	-0.010870	61252.25	19.38
0.7778	0.014909	-0.010883	61255.25	19.47
0.7827	0.014916	-0.010911	61258.25	19.59
0.7876	0.014910	-0.010940	61261.25	19.71
0.7942	0.014922	-0.010916	61264.25	19.87
0.7969	0.014901	-0.010958	61267.25	19.94
0.8007	0.014912	-0.010917	61270.25	20.04
0.8073	0.014907	-0.010950	61273.25	20.20
0.8111	0.014905	-0.010970	61276.25	20.30
0.8139	0.014888	-0.010996	61279.25	20.36
0.8215	0.014899	-0.011004	61282.25	20.55
0.8243	0.014921	-0.010976	61285.25	20.62
0.8264	0.014882	-0.011004	61288.25	20.68
0.8325	0.014913	-0.011006	61291.25	20.83
0.8368	0.014924	-0.010962	61294.25	20.94
0.8412	0.014898	-0.010999	61297.25	21.04
0.8472	0.014913	-0.010990	61300.25	21.19
0.8500	0.014944	-0.011004	61303.25	21.26
0.8560	0.014908	-0.011031	61306.25	21.41
0.8582	0.014925	-0.011036	61309.25	21.47
0.8625	0.014922	-0.011002	61312.25	21.57
0.8697	0.014876	-0.011023	61315.25	21.75
0.8702	0.014937	-0.011062	61318.25	21.76
0.8773	0.014901	-0.011056	61321.25	21.94
0.8806	0.014886	-0.011092	61324.25	22.02
0.8866	0.014869	-0.011075	61327.25	22.17
0.8910	0.014913	-0.011089	61330.25	22.28
0.8948	0.014930	-0.011103	61333.25	22.38
0.9008	0.014879	-0.011115	61336.25	22.52
0.9030	0.014856	-0.011106	61339.25	22.58
0.9085	0.014872	-0.011130	61342.25	22.71
0.9134	0.014865	-0.011108	61345.25	22.84
0.9183	0.014908	-0.011095	61348.25	22.96
0.9238	0.014920	-0.011129	61351.25	23.09
0.9265	0.014881	-0.011160	61354.25	23.16
0.9320	0.014895	-0.011133	61357.25	23.30
0.9353	0.014866	-0.011167	61360.25	23.38
0.9413	0.014889	-0.011192	61363.25	23.53
0.9457	0.014843	-0.011215	61366.25	23.64
0.9517	0.014829	-0.011216	61369.25	23.79
0.9544	0.014857	-0.011183	61372.25	23.85
0.9583	0.014882	-0.011199	61375.25	23.95
0.9654	0.014898	-0.011229	61378.25	24.13
0.9692	0.014825	-0.011238	61381.25	24.22
0.9747	0.014849	-0.011211	61384.25	24.36
0.9774	0.014895	-0.011209	61387.25	24.42
0.9823	0.014847	-0.011253	61390.25	24.55
0.9867	0.014877	-0.011260	61393.34	24.65
0.9900	0.014893	-0.011224	61396.34	24.74
0.9944	0.014882	-0.011238	61399.34	24.84
0.9987	0.014918	-0.011234	61402.34	24.95
1.0037	0.014922	-0.011239	61405.34	25.07
1.0080	0.014863	-0.011249	61408.34	25.18
1.0124	0.014913	-0.011245	61411.34	25.29
1.0173	0.014870	-0.011269	61414.34	25.41
1.0217	0.014937	-0.011253	61417.34	25.52
1.0239	0.014891	-0.011303	61420.34	25.58
1.0305	0.014862	-0.011335	61423.34	25.74
1.0332	0.014854	-0.011329	61426.34	25.81
1.0370	0.014918	-0.011318	61429.34	25.90
1.0403	0.014883	-0.011296	61432.34	25.98
1.0436	0.014901	-0.011343	61435.34	26.06
1.0501	0.014883	-0.011328	61438.34	26.22
1.0545	0.014863	-0.011354	61441.34	26.33
1.0583	0.014889	-0.011358	61444.34	26.43
1.0627	0.014852	-0.011352	61447.34	26.54
1.0687	0.014884	-0.011332	61450.34	26.68
1.0693	0.014880	-0.011337	61453.34	26.70
1.0753	0.014918	-0.011335	61456.34	26.85
